2.850000000000000e+00	7.483123914075797e-01
2.850000000000000e+00	8.057962306950337e-01
2.850000000000000e+00	7.847300915165882e-01
2.850000000000000e+00	7.605141001910679e-01
2.850000000000000e+00	7.434796409550494e-01
2.850000000000000e+00	7.516135966967695e-01
2.850000000000000e+00	7.470937738930569e-01
2.850000000000000e+00	7.625391642398932e-01
2.850000000000000e+00	7.485939309900943e-01
2.850000000000000e+00	7.713508370474598e-01
2.850000000000000e+00	7.274802294901992e-01
2.850000000000000e+00	7.402647069960056e-01
2.850000000000000e+00	7.477397515756947e-01
2.850000000000000e+00	6.866766918351739e-01
2.850000000000000e+00	6.486512639372315e-01
2.850000000000000e+00	7.376721274159830e-01
2.850000000000000e+00	7.532834425496713e-01
2.850000000000000e+00	6.463274380757457e-01
2.850000000000000e+00	7.519762738527229e-01
2.850000000000000e+00	6.614147970254811e-01
2.850000000000000e+00	7.095937348858984e-01
2.850000000000000e+00	7.455156064249869e-01
2.850000000000000e+00	7.547028488586977e-01
2.850000000000000e+00	7.604627812662800e-01
2.850000000000000e+00	7.834597543593236e-01
2.850000000000000e+00	6.004016737954916e-01
2.850000000000000e+00	7.157750189381289e-01
2.850000000000000e+00	6.693503156292369e-01
2.850000000000000e+00	7.701706710135708e-01
2.850000000000000e+00	7.864717846872346e-01
2.850000000000000e+00	7.699009057514825e-01
2.850000000000000e+00	8.514166816767311e-01
2.850000000000000e+00	8.391199809379580e-01
2.850000000000000e+00	7.475367012094168e-01
2.850000000000000e+00	6.603692111075181e-01
2.850000000000000e+00	6.583456586626106e-01
2.850000000000000e+00	7.513451387792215e-01
2.850000000000000e+00	6.727848124995789e-01
2.850000000000000e+00	7.264132322456559e-01
2.850000000000000e+00	7.803945438501393e-01
2.850000000000000e+00	7.540729668218059e-01
2.850000000000000e+00	7.192664541885831e-01
2.850000000000000e+00	8.150105289874593e-01
2.850000000000000e+00	7.603893989486997e-01
2.850000000000000e+00	7.685345080550287e-01
2.850000000000000e+00	7.448257396124158e-01
2.850000000000000e+00	7.226427913661422e-01
2.850000000000000e+00	6.950119780511846e-01
2.850000000000000e+00	6.782609755814710e-01
2.850000000000000e+00	7.986395828553884e-01
2.850000000000000e+00	7.582414240660507e-01
2.850000000000000e+00	7.887519122584836e-01
2.850000000000000e+00	7.260939213210132e-01
2.850000000000000e+00	7.684469437545663e-01
2.850000000000000e+00	7.329942757578468e-01
2.850000000000000e+00	7.184289443955548e-01
2.850000000000000e+00	7.724124282706823e-01
2.850000000000000e+00	7.843440816676784e-01
2.850000000000000e+00	7.342713075065618e-01
2.850000000000000e+00	6.940650124886362e-01
2.850000000000000e+00	6.975041289149404e-01
2.850000000000000e+00	7.979191910836962e-01
2.850000000000000e+00	7.209147396800800e-01
2.850000000000000e+00	7.553258538101748e-01
2.850000000000000e+00	8.364721998200815e-01
2.850000000000000e+00	7.758744718635118e-01
2.850000000000000e+00	7.697673710347198e-01
2.850000000000000e+00	7.627470918224682e-01
2.850000000000000e+00	7.582568844999821e-01
2.850000000000000e+00	7.228063414322954e-01
2.850000000000000e+00	6.730679841862300e-01
2.850000000000000e+00	7.982632929997512e-01
2.850000000000000e+00	7.316732398951434e-01
2.850000000000000e+00	7.563871625213312e-01
2.850000000000000e+00	7.501177856615178e-01
2.850000000000000e+00	6.837695226919962e-01
2.850000000000000e+00	7.010069307151995e-01
2.850000000000000e+00	7.105471437803117e-01
2.850000000000000e+00	6.922804182406895e-01
2.850000000000000e+00	6.673413538174194e-01
2.850000000000000e+00	7.770241444218211e-01
2.850000000000000e+00	7.248209679692538e-01
2.850000000000000e+00	6.948739360080894e-01
2.850000000000000e+00	6.976602320821278e-01
2.850000000000000e+00	7.551956218676084e-01
2.850000000000000e+00	7.761505155891437e-01
2.850000000000000e+00	6.994446900487293e-01
2.850000000000000e+00	7.397883090712847e-01
2.850000000000000e+00	7.555091966980741e-01
2.850000000000000e+00	7.257770983191747e-01
2.850000000000000e+00	7.510800008347582e-01
2.850000000000000e+00	8.121445593873934e-01
2.850000000000000e+00	6.930175909471039e-01
2.850000000000000e+00	8.024798077211922e-01
2.850000000000000e+00	7.633358011842267e-01
2.850000000000000e+00	8.116721810878038e-01
2.850000000000000e+00	7.183658744551390e-01
2.850000000000000e+00	7.620876788572145e-01
2.850000000000000e+00	6.629630053249957e-01
2.850000000000000e+00	7.220845538954703e-01
2.850000000000000e+00	7.550872262957768e-01
2.850000000000000e+00	7.463443354825267e-01
2.850000000000000e+00	7.111478317886033e-01
2.850000000000000e+00	7.510950884579559e-01
2.850000000000000e+00	6.705735153021928e-01
2.850000000000000e+00	6.862420973894231e-01
2.850000000000000e+00	7.308334676409086e-01
2.850000000000000e+00	6.715008361879975e-01
2.850000000000000e+00	7.179312181913055e-01
2.850000000000000e+00	7.366814960167473e-01
2.850000000000000e+00	7.632234039431914e-01
2.850000000000000e+00	6.774235450941660e-01
2.850000000000000e+00	7.101001560636691e-01
2.850000000000000e+00	6.746554660206191e-01
2.850000000000000e+00	7.002768685099051e-01
2.850000000000000e+00	7.743828663649017e-01
2.850000000000000e+00	7.860025717019001e-01
2.850000000000000e+00	7.057354223156840e-01
2.850000000000000e+00	7.275874765056983e-01
2.850000000000000e+00	7.688905600152547e-01
2.850000000000000e+00	7.554249049223756e-01
2.850000000000000e+00	7.224122601751042e-01
2.850000000000000e+00	7.151386281748938e-01
2.850000000000000e+00	7.210491256560253e-01
2.850000000000000e+00	7.435490948153819e-01
2.850000000000000e+00	7.215950295530843e-01
2.850000000000000e+00	6.764092784406173e-01
2.850000000000000e+00	7.205720969415490e-01
2.850000000000000e+00	6.981119844034652e-01
2.850000000000000e+00	6.781237079669260e-01
2.850000000000000e+00	8.105567753027411e-01
2.850000000000000e+00	6.806725217927527e-01
2.850000000000000e+00	8.005153368376611e-01
2.850000000000000e+00	7.859852846275052e-01
2.850000000000000e+00	7.831812619739170e-01
2.850000000000000e+00	6.760789474857328e-01
2.850000000000000e+00	7.660858715877240e-01
2.850000000000000e+00	6.970162627584379e-01
2.850000000000000e+00	7.088784880010761e-01
2.850000000000000e+00	7.675442547282312e-01
2.850000000000000e+00	7.556985061183461e-01
2.850000000000000e+00	7.454150765682309e-01
2.850000000000000e+00	7.319654720564563e-01
2.850000000000000e+00	7.660805255393659e-01
2.850000000000000e+00	7.168779335681912e-01
2.850000000000000e+00	7.682239649899327e-01
2.850000000000000e+00	6.937034880478031e-01
2.850000000000000e+00	6.948731960754292e-01
2.850000000000000e+00	7.975636304099597e-01
2.850000000000000e+00	8.111694214069695e-01
2.850000000000000e+00	7.868944360938028e-01
2.850000000000000e+00	7.537176354512067e-01
2.850000000000000e+00	7.554686503477975e-01
2.850000000000000e+00	7.210409198739475e-01
2.850000000000000e+00	6.954529974443578e-01
2.850000000000000e+00	6.470653480266260e-01
2.850000000000000e+00	7.100562031081410e-01
2.850000000000000e+00	7.906810133573098e-01
2.850000000000000e+00	7.765967891998756e-01
2.850000000000000e+00	7.861216868324020e-01
2.850000000000000e+00	7.585776059801876e-01
2.850000000000000e+00	6.754159450405405e-01
2.850000000000000e+00	8.085178976943656e-01
2.850000000000000e+00	6.824966097197959e-01
2.850000000000000e+00	7.179288241578505e-01
2.850000000000000e+00	7.650254921784735e-01
2.850000000000000e+00	6.541325621794829e-01
2.850000000000000e+00	7.336118935873576e-01
2.850000000000000e+00	7.666932683234949e-01
2.850000000000000e+00	7.722567368123904e-01
2.850000000000000e+00	7.190220965025627e-01
2.850000000000000e+00	8.419814729284583e-01
2.850000000000000e+00	7.446105499565432e-01
2.850000000000000e+00	8.405621650718842e-01
2.850000000000000e+00	7.290023989559233e-01
2.850000000000000e+00	7.780650211586226e-01
2.850000000000000e+00	7.505873060333432e-01
2.850000000000000e+00	8.413319981773539e-01
2.850000000000000e+00	8.060004911760259e-01
2.850000000000000e+00	6.868077485476258e-01
2.850000000000000e+00	6.889472022244171e-01
2.850000000000000e+00	7.166270565139822e-01
2.850000000000000e+00	7.632514893232507e-01
2.850000000000000e+00	7.241595964712552e-01
2.850000000000000e+00	7.634732895607593e-01
2.850000000000000e+00	7.908316224115256e-01
2.850000000000000e+00	6.686137215881620e-01
2.850000000000000e+00	6.699515062803565e-01
2.850000000000000e+00	7.728630707322681e-01
2.850000000000000e+00	6.816380723954215e-01
2.850000000000000e+00	7.176939080196655e-01
2.850000000000000e+00	7.612313315287519e-01
2.850000000000000e+00	7.644333380417653e-01
2.850000000000000e+00	7.285821167951092e-01
2.850000000000000e+00	6.179488889022106e-01
2.850000000000000e+00	7.751590820416698e-01
2.850000000000000e+00	7.537636174974511e-01
2.850000000000000e+00	7.085157751247890e-01
2.850000000000000e+00	6.686694256307170e-01
2.850000000000000e+00	6.569390318776617e-01
2.850000000000000e+00	6.707991998828842e-01
2.850000000000000e+00	7.461439767622915e-01
2.850000000000000e+00	7.298688444501177e-01
2.850000000000000e+00	7.626013106188513e-01
2.850000000000000e+00	8.064480421798093e-01
2.850000000000000e+00	7.356149376909724e-01
2.850000000000000e+00	7.350793352904097e-01
2.850000000000000e+00	8.067691904777254e-01
2.850000000000000e+00	7.902718504674960e-01
2.850000000000000e+00	7.366273181566475e-01
2.850000000000000e+00	7.243030919684240e-01
2.850000000000000e+00	7.177541958547407e-01
2.850000000000000e+00	7.095632639771220e-01
2.850000000000000e+00	8.169943935103978e-01
2.850000000000000e+00	7.754465627644910e-01
2.850000000000000e+00	7.570369378413108e-01
2.850000000000000e+00	7.014147971362378e-01
2.850000000000000e+00	8.012689991484525e-01
2.850000000000000e+00	7.421909114154681e-01
2.850000000000000e+00	7.866211702256828e-01
2.850000000000000e+00	7.906329701729251e-01
2.850000000000000e+00	7.461747870891740e-01
2.850000000000000e+00	6.475792999012140e-01
2.850000000000000e+00	7.130739178291708e-01
2.850000000000000e+00	7.299581713706568e-01
2.850000000000000e+00	6.985027456495115e-01
2.850000000000000e+00	8.054807520677519e-01
2.850000000000000e+00	8.537618448366130e-01
2.850000000000000e+00	7.224497182866800e-01
2.850000000000000e+00	7.149983440997841e-01
2.850000000000000e+00	6.187194112228418e-01
2.850000000000000e+00	6.077378807175583e-01
2.850000000000000e+00	7.171300090920916e-01
2.850000000000000e+00	6.811906118622911e-01
2.850000000000000e+00	7.211789402432844e-01
2.850000000000000e+00	7.565562094005079e-01
2.850000000000000e+00	7.258766393018318e-01
2.850000000000000e+00	7.006923791254712e-01
2.850000000000000e+00	6.987857934776799e-01
2.850000000000000e+00	6.982994217375537e-01
2.850000000000000e+00	7.605788635403595e-01
2.850000000000000e+00	7.732909004790248e-01
2.850000000000000e+00	7.278897317415758e-01
2.850000000000000e+00	7.505027352590685e-01
2.850000000000000e+00	7.527694836305220e-01
2.850000000000000e+00	6.742759313802918e-01
2.850000000000000e+00	7.449702937517070e-01
2.850000000000000e+00	7.040302472122075e-01
2.850000000000000e+00	7.236631549612773e-01
2.850000000000000e+00	7.409056785591173e-01
2.850000000000000e+00	7.875030599458387e-01
2.850000000000000e+00	8.168038361807261e-01
2.850000000000000e+00	7.166984165782404e-01
2.850000000000000e+00	7.944156340334863e-01
2.850000000000000e+00	7.112662678158663e-01
2.850000000000000e+00	8.047878125745492e-01
2.850000000000000e+00	7.797788195735121e-01
2.850000000000000e+00	7.483627076979639e-01
2.850000000000000e+00	6.398822162404916e-01
2.850000000000000e+00	7.705003556310289e-01
2.850000000000000e+00	7.872192404492280e-01
2.850000000000000e+00	8.106995026151645e-01
2.850000000000000e+00	7.654172233712472e-01
2.850000000000000e+00	7.395395952959704e-01
2.850000000000000e+00	7.863877569362693e-01
2.850000000000000e+00	7.086971149040094e-01
2.850000000000000e+00	7.196458002975248e-01
2.850000000000000e+00	6.856361555908222e-01
2.850000000000000e+00	7.566366832210751e-01
2.850000000000000e+00	7.833097493030249e-01
2.850000000000000e+00	7.350525970590369e-01
2.850000000000000e+00	6.050729213363423e-01
2.850000000000000e+00	6.856841572174233e-01
2.850000000000000e+00	7.264513748650332e-01
2.850000000000000e+00	7.341457441703269e-01
2.850000000000000e+00	6.766207198940212e-01
2.850000000000000e+00	7.130142334094123e-01
2.850000000000000e+00	7.768347997092724e-01
2.850000000000000e+00	7.350927174900757e-01
2.850000000000000e+00	7.077957505815514e-01
2.850000000000000e+00	7.109751415440800e-01
2.850000000000000e+00	7.169273424831081e-01
2.850000000000000e+00	7.740619284967308e-01
2.850000000000000e+00	7.252670609760183e-01
2.850000000000000e+00	7.048112529675443e-01
2.850000000000000e+00	6.242957582745235e-01
2.850000000000000e+00	7.466556375518929e-01
2.850000000000000e+00	8.055932930036815e-01
2.850000000000000e+00	7.284757734372981e-01
2.850000000000000e+00	7.337755346112477e-01
2.850000000000000e+00	7.391525586953699e-01
2.850000000000000e+00	7.223007003156974e-01
2.850000000000000e+00	7.338134312098789e-01
2.850000000000000e+00	7.409585352858490e-01
2.850000000000000e+00	6.793775187063690e-01
2.850000000000000e+00	7.630661684177281e-01
2.850000000000000e+00	7.120042878301150e-01
2.850000000000000e+00	7.203830408564742e-01
2.850000000000000e+00	7.082162459368215e-01
2.850000000000000e+00	8.012991935789539e-01
2.850000000000000e+00	7.300032289259377e-01
2.850000000000000e+00	7.864930589809188e-01
2.850000000000000e+00	6.826776981138066e-01
2.850000000000000e+00	7.268068946572788e-01
2.850000000000000e+00	6.950138782223155e-01
2.850000000000000e+00	6.752164029349141e-01
2.850000000000000e+00	7.058725646959775e-01
2.850000000000000e+00	7.497739583970235e-01
2.850000000000000e+00	7.966364264631248e-01
2.850000000000000e+00	6.973259225923094e-01
2.850000000000000e+00	7.854762805205432e-01
2.850000000000000e+00	8.345194902785344e-01
2.850000000000000e+00	7.375194445360433e-01
2.850000000000000e+00	8.019579231990341e-01
2.850000000000000e+00	7.624306366164209e-01
2.850000000000000e+00	7.519744777094306e-01
2.850000000000000e+00	6.410000741073710e-01
2.850000000000000e+00	6.788916794720175e-01
2.850000000000000e+00	8.466966944956139e-01
2.850000000000000e+00	7.383800487363200e-01
2.850000000000000e+00	7.603423731036949e-01
2.850000000000000e+00	7.061037565602589e-01
2.850000000000000e+00	7.111777940669065e-01
2.850000000000000e+00	6.994307992559232e-01
2.850000000000000e+00	7.089130132718715e-01
2.850000000000000e+00	7.333036391169335e-01
2.850000000000000e+00	6.766200418400878e-01
2.850000000000000e+00	7.414221177993454e-01
2.850000000000000e+00	7.926062342517175e-01
2.850000000000000e+00	7.380193264885540e-01
2.850000000000000e+00	7.872239251192764e-01
2.850000000000000e+00	7.540640016805020e-01
2.850000000000000e+00	6.994740128671756e-01
2.850000000000000e+00	6.648437952866220e-01
2.850000000000000e+00	7.294016128662771e-01
2.850000000000000e+00	7.058647901996057e-01
2.850000000000000e+00	7.797117744657539e-01
2.850000000000000e+00	7.282762742252670e-01
2.850000000000000e+00	7.495290106193032e-01
2.850000000000000e+00	7.439614012432797e-01
2.850000000000000e+00	7.358145379517130e-01
2.850000000000000e+00	6.537432872043234e-01
2.850000000000000e+00	7.832641452890277e-01
2.850000000000000e+00	7.635393076179089e-01
2.850000000000000e+00	7.519782498097229e-01
2.850000000000000e+00	7.074814281916453e-01
2.850000000000000e+00	7.985395135974329e-01
2.850000000000000e+00	7.580830609775149e-01
2.850000000000000e+00	7.769244372432669e-01
2.850000000000000e+00	7.396894555600051e-01
2.850000000000000e+00	8.106644119414821e-01
2.850000000000000e+00	7.641605192844773e-01
2.850000000000000e+00	6.665353879338094e-01
2.850000000000000e+00	7.709126902942415e-01
2.850000000000000e+00	6.483466973682108e-01
2.850000000000000e+00	7.437230523953755e-01
2.850000000000000e+00	7.565925447965637e-01
2.850000000000000e+00	7.413641653384700e-01
2.850000000000000e+00	7.681704630641218e-01
2.850000000000000e+00	7.236113661502164e-01
2.850000000000000e+00	7.462923614546891e-01
2.850000000000000e+00	7.810491038392671e-01
2.850000000000000e+00	7.842372436101583e-01
2.850000000000000e+00	6.657106140960960e-01
2.850000000000000e+00	7.652390407802808e-01
2.850000000000000e+00	7.458257600121931e-01
2.850000000000000e+00	7.197612454362853e-01
2.850000000000000e+00	6.893189008229289e-01
2.850000000000000e+00	7.051408916432955e-01
2.850000000000000e+00	7.458312623994684e-01
2.850000000000000e+00	5.888924128430446e-01
2.850000000000000e+00	6.835698197246139e-01
2.850000000000000e+00	7.289221306284807e-01
2.850000000000000e+00	6.856857604936706e-01
2.850000000000000e+00	8.144146155195844e-01
2.850000000000000e+00	7.220649868984875e-01
2.850000000000000e+00	7.582707149604004e-01
2.850000000000000e+00	6.631374884378783e-01
2.850000000000000e+00	7.859086978270758e-01
2.850000000000000e+00	7.678883835236533e-01
2.850000000000000e+00	7.148936855281089e-01
2.850000000000000e+00	6.464388242270900e-01
2.850000000000000e+00	6.334275873927644e-01
2.850000000000000e+00	7.505261464958107e-01
2.850000000000000e+00	7.314463683800089e-01
2.850000000000000e+00	6.807894836884048e-01
2.850000000000000e+00	7.490909267739225e-01
2.850000000000000e+00	7.581011021684616e-01
2.850000000000000e+00	8.059202035488318e-01
2.850000000000000e+00	7.943450731213473e-01
2.850000000000000e+00	7.504534919016299e-01
2.850000000000000e+00	7.422067788802499e-01
2.850000000000000e+00	7.681508052341596e-01
2.850000000000000e+00	7.708891514455014e-01
2.850000000000000e+00	6.979384078547047e-01
2.850000000000000e+00	7.191684785441792e-01
2.850000000000000e+00	7.200755347711159e-01
2.850000000000000e+00	7.867872299976708e-01
2.850000000000000e+00	7.083273717921619e-01
2.850000000000000e+00	6.863566033353534e-01
2.850000000000000e+00	6.672946595601349e-01
2.850000000000000e+00	7.044772562633945e-01
2.850000000000000e+00	7.604673724335201e-01
2.850000000000000e+00	8.122006535715586e-01
2.850000000000000e+00	7.523604403673139e-01
2.850000000000000e+00	8.150105114398895e-01
2.850000000000000e+00	6.956126754154326e-01
2.850000000000000e+00	7.114488607738081e-01
2.850000000000000e+00	8.546181410593934e-01
2.850000000000000e+00	7.389262547116423e-01
2.850000000000000e+00	7.021839683143241e-01
2.850000000000000e+00	7.444878100524442e-01
2.850000000000000e+00	7.525474481645689e-01
2.850000000000000e+00	8.403125121453419e-01
2.850000000000000e+00	7.565346170900979e-01
2.850000000000000e+00	7.491739342162367e-01
2.850000000000000e+00	6.143408328053687e-01
2.850000000000000e+00	6.467687197766561e-01
2.850000000000000e+00	7.820724511581558e-01
2.850000000000000e+00	7.630384678442934e-01
2.850000000000000e+00	7.801144789123832e-01
2.850000000000000e+00	7.648260387068790e-01
2.850000000000000e+00	7.593576625015640e-01
2.850000000000000e+00	7.827633468330810e-01
2.850000000000000e+00	7.627226282606983e-01
2.850000000000000e+00	7.732614727809515e-01
2.850000000000000e+00	7.886333485204496e-01
2.850000000000000e+00	7.340304957533389e-01
2.850000000000000e+00	6.870812703643328e-01
2.850000000000000e+00	6.912214234931523e-01
2.850000000000000e+00	7.012394330075304e-01
2.850000000000000e+00	7.589832426855648e-01
2.850000000000000e+00	6.914508558590355e-01
2.850000000000000e+00	7.626499024222789e-01
2.850000000000000e+00	7.964872570232313e-01
2.850000000000000e+00	8.191199097196650e-01
2.850000000000000e+00	6.830827371752681e-01
2.850000000000000e+00	7.230325980440440e-01
2.850000000000000e+00	7.121705839226078e-01
2.850000000000000e+00	7.214504230884278e-01
2.850000000000000e+00	7.106713860993982e-01
2.850000000000000e+00	7.261031411018130e-01
2.850000000000000e+00	7.199003209039837e-01
2.850000000000000e+00	6.679575501274280e-01
2.850000000000000e+00	7.555409954230790e-01
2.850000000000000e+00	7.667040140821050e-01
2.850000000000000e+00	7.313561439673649e-01
2.850000000000000e+00	7.080388903087603e-01
2.850000000000000e+00	7.244715698424690e-01
2.850000000000000e+00	7.855726257354827e-01
2.850000000000000e+00	7.195364198515107e-01
2.850000000000000e+00	7.085459255674936e-01
2.850000000000000e+00	7.820573998119715e-01
2.850000000000000e+00	7.203451035888528e-01
2.850000000000000e+00	8.354536351757222e-01
2.850000000000000e+00	7.900206918579603e-01
2.850000000000000e+00	7.143712150778794e-01
2.850000000000000e+00	7.994996153116897e-01
2.850000000000000e+00	7.931487964692021e-01
2.850000000000000e+00	7.264575981714058e-01
2.850000000000000e+00	7.565358826781015e-01
2.850000000000000e+00	7.036276844533604e-01
2.850000000000000e+00	7.498374290907951e-01
2.850000000000000e+00	8.048317911893526e-01
2.850000000000000e+00	7.523817839625840e-01
2.850000000000000e+00	7.686778247040794e-01
2.850000000000000e+00	7.481988091833475e-01
2.850000000000000e+00	7.399150804409637e-01
2.850000000000000e+00	8.436145597096891e-01
2.850000000000000e+00	6.811486662604869e-01
2.850000000000000e+00	7.631506546557274e-01
2.850000000000000e+00	7.678199199522453e-01
2.850000000000000e+00	7.054018849312458e-01
2.850000000000000e+00	7.438473137275441e-01
2.850000000000000e+00	7.027344045396706e-01
2.850000000000000e+00	6.813576782206098e-01
2.850000000000000e+00	8.149938426417179e-01
2.850000000000000e+00	7.343820220115675e-01
2.850000000000000e+00	7.491164222088817e-01
2.850000000000000e+00	7.023470464609328e-01
2.850000000000000e+00	7.747294409269595e-01
2.850000000000000e+00	7.991849620366402e-01
2.850000000000000e+00	7.575320749022314e-01
2.850000000000000e+00	8.237646673983384e-01
2.850000000000000e+00	7.664708416675302e-01
2.850000000000000e+00	7.297852130169543e-01
2.850000000000000e+00	7.793339786083836e-01
2.850000000000000e+00	8.181910078672197e-01
2.850000000000000e+00	7.346302329963224e-01
2.850000000000000e+00	7.562779769466471e-01
2.850000000000000e+00	7.903453997378259e-01
2.850000000000000e+00	7.444583938693020e-01
2.850000000000000e+00	7.634965134474315e-01
2.850000000000000e+00	6.688297376726503e-01
2.850000000000000e+00	7.243931004322233e-01
2.850000000000000e+00	7.117081203069597e-01
2.850000000000000e+00	6.345081482871423e-01
2.850000000000000e+00	7.803884166365483e-01
2.850000000000000e+00	7.579358552206760e-01
2.850000000000000e+00	7.873011101745040e-01
2.850000000000000e+00	7.350250650682635e-01
2.850000000000000e+00	6.601805381238229e-01
2.850000000000000e+00	7.589453025847143e-01
2.850000000000000e+00	6.960677018405417e-01
2.850000000000000e+00	6.727952801854786e-01
2.850000000000000e+00	7.334880295730861e-01
2.850000000000000e+00	7.646953895815779e-01
2.850000000000000e+00	7.685239182422297e-01
2.850000000000000e+00	6.908710702528514e-01
2.850000000000000e+00	6.187990524359087e-01
2.850000000000000e+00	7.834620813066784e-01
2.850000000000000e+00	6.911313750172793e-01
2.850000000000000e+00	7.757522184765243e-01
2.850000000000000e+00	8.000320706116427e-01
2.850000000000000e+00	6.933339485112667e-01
2.850000000000000e+00	7.655213787143375e-01
2.850000000000000e+00	6.924891816700779e-01
2.850000000000000e+00	6.435641131671215e-01
2.850000000000000e+00	7.652736184780597e-01
2.850000000000000e+00	7.412022982556719e-01
2.850000000000000e+00	6.858466181323629e-01
2.850000000000000e+00	7.158755331453905e-01
2.850000000000000e+00	8.266651296496056e-01
2.850000000000000e+00	7.326536628481728e-01
2.850000000000000e+00	6.952953427855061e-01
2.850000000000000e+00	7.690769273064592e-01
2.850000000000000e+00	7.203058603429577e-01
2.850000000000000e+00	7.937697736459987e-01
2.850000000000000e+00	7.306074338863229e-01
2.850000000000000e+00	7.800926462994370e-01
2.850000000000000e+00	7.162774858171189e-01
2.850000000000000e+00	7.938914957646671e-01
2.850000000000000e+00	7.687125905829778e-01
2.850000000000000e+00	8.685352333216251e-01
2.850000000000000e+00	6.873113714859709e-01
2.850000000000000e+00	6.952613432867407e-01
2.850000000000000e+00	8.057149910292557e-01
2.850000000000000e+00	7.620752518506565e-01
2.850000000000000e+00	7.708084042309681e-01
2.850000000000000e+00	6.706983149831652e-01
2.850000000000000e+00	7.860791325863755e-01
2.850000000000000e+00	7.922614041858606e-01
2.850000000000000e+00	7.091141416043762e-01
2.850000000000000e+00	6.769415943926117e-01
2.850000000000000e+00	6.840407461198144e-01
2.850000000000000e+00	7.723684404307066e-01
2.850000000000000e+00	7.397024675317849e-01
2.850000000000000e+00	7.405441571625460e-01
2.850000000000000e+00	7.547814421826621e-01
2.850000000000000e+00	8.171845108636487e-01
2.850000000000000e+00	7.254740540058225e-01
2.850000000000000e+00	7.069678574165341e-01
2.850000000000000e+00	6.777411368715731e-01
2.850000000000000e+00	7.287386128132279e-01
2.850000000000000e+00	7.510849193698540e-01
2.850000000000000e+00	7.403968222284817e-01
2.850000000000000e+00	7.118932812327659e-01
2.850000000000000e+00	7.954933444408780e-01
2.850000000000000e+00	6.953906419282433e-01
2.850000000000000e+00	6.704538412117639e-01
2.850000000000000e+00	6.927811836009625e-01
2.850000000000000e+00	7.300582508722359e-01
2.850000000000000e+00	7.743157112342287e-01
2.850000000000000e+00	7.264947038198288e-01
2.850000000000000e+00	7.026370126415186e-01
2.850000000000000e+00	8.504508049535582e-01
2.850000000000000e+00	7.358096985311471e-01
2.850000000000000e+00	7.015496784102497e-01
2.850000000000000e+00	8.265894517701275e-01
2.850000000000000e+00	7.306651848162506e-01
2.850000000000000e+00	7.869947405390351e-01
2.850000000000000e+00	7.675659220445558e-01
2.850000000000000e+00	6.550522915770118e-01
2.850000000000000e+00	6.928293797554531e-01
2.850000000000000e+00	7.553712835061127e-01
2.850000000000000e+00	7.117823595442349e-01
2.850000000000000e+00	7.298837161563971e-01
2.850000000000000e+00	7.806362181656370e-01
2.850000000000000e+00	7.584785125751545e-01
2.850000000000000e+00	8.400925448156794e-01
2.850000000000000e+00	7.211399642494507e-01
2.850000000000000e+00	7.283438697271514e-01
2.850000000000000e+00	7.167777920089964e-01
2.850000000000000e+00	6.752283945664891e-01
2.850000000000000e+00	8.106263296310174e-01
2.850000000000000e+00	7.311601025329253e-01
2.850000000000000e+00	7.248523864130979e-01
2.850000000000000e+00	7.729126597114745e-01
2.850000000000000e+00	7.406223110553352e-01
2.850000000000000e+00	7.581569840776317e-01
2.850000000000000e+00	7.248796937583212e-01
2.850000000000000e+00	7.987786257304796e-01
2.850000000000000e+00	7.553392118715474e-01
2.850000000000000e+00	7.473413155951149e-01
2.850000000000000e+00	6.909005182610986e-01
2.850000000000000e+00	7.328239779758626e-01
2.850000000000000e+00	6.814483729988109e-01
2.850000000000000e+00	6.854536336084260e-01
2.850000000000000e+00	7.339726311482364e-01
2.850000000000000e+00	6.984655952617916e-01
2.850000000000000e+00	7.140593053136194e-01
2.850000000000000e+00	7.445278762991884e-01
2.850000000000000e+00	7.007855538216090e-01
2.850000000000000e+00	7.851363728218399e-01
2.850000000000000e+00	7.358485860830437e-01
2.850000000000000e+00	7.331414625096496e-01
2.850000000000000e+00	7.605810504066978e-01
2.850000000000000e+00	7.401929095838025e-01
2.850000000000000e+00	6.616143041800487e-01
2.850000000000000e+00	7.251438550558269e-01
2.850000000000000e+00	7.234360163076494e-01
2.850000000000000e+00	7.087833040446717e-01
2.850000000000000e+00	7.503581486165002e-01
2.850000000000000e+00	7.416497937196159e-01
2.850000000000000e+00	7.168642601895260e-01
2.850000000000000e+00	7.816141438000960e-01
2.850000000000000e+00	7.646334244870374e-01
2.850000000000000e+00	6.446661611928564e-01
2.850000000000000e+00	6.603401558963453e-01
2.850000000000000e+00	7.636715078489719e-01
2.850000000000000e+00	7.898187249954908e-01
2.850000000000000e+00	7.351216290921763e-01
2.850000000000000e+00	7.951973962177956e-01
2.850000000000000e+00	6.816199237259770e-01
2.850000000000000e+00	7.806715686310598e-01
2.850000000000000e+00	7.458062429386469e-01
2.850000000000000e+00	7.436701526910240e-01
2.850000000000000e+00	7.139455790063294e-01
2.850000000000000e+00	7.794103329934128e-01
2.850000000000000e+00	7.728470930458547e-01
2.850000000000000e+00	7.356091905179348e-01
2.850000000000000e+00	7.142613634583372e-01
2.850000000000000e+00	7.147720091694962e-01
2.850000000000000e+00	6.889888954515884e-01
2.850000000000000e+00	6.128452923749814e-01
2.850000000000000e+00	7.575688333252394e-01
2.850000000000000e+00	6.917999127691454e-01
2.850000000000000e+00	7.227724726085234e-01
2.850000000000000e+00	7.164577778822996e-01
2.850000000000000e+00	7.101139568142085e-01
2.850000000000000e+00	6.819291208714956e-01
2.850000000000000e+00	6.902513468546778e-01
2.850000000000000e+00	7.562371266556158e-01
2.850000000000000e+00	8.071491881327357e-01
2.850000000000000e+00	7.662129834053467e-01
2.850000000000000e+00	6.961381210979689e-01
2.850000000000000e+00	6.467331861451245e-01
2.850000000000000e+00	7.241631114629643e-01
2.850000000000000e+00	7.063240321008377e-01
2.850000000000000e+00	7.520083928081471e-01
2.850000000000000e+00	7.259289733644890e-01
2.850000000000000e+00	7.515914862732729e-01
2.850000000000000e+00	6.183469946923286e-01
2.850000000000000e+00	7.084964894679948e-01
2.850000000000000e+00	7.211894122213622e-01
2.850000000000000e+00	7.772889872528193e-01
2.850000000000000e+00	7.480671801434574e-01
2.850000000000000e+00	7.346275065031369e-01
2.850000000000000e+00	7.692799364327099e-01
2.850000000000000e+00	7.292691725744527e-01
2.850000000000000e+00	6.677194514992244e-01
2.850000000000000e+00	7.128168038879246e-01
2.850000000000000e+00	7.464077452564434e-01
2.850000000000000e+00	7.521468830891263e-01
2.850000000000000e+00	6.697616076779240e-01
2.850000000000000e+00	7.545733942162176e-01
2.850000000000000e+00	7.692765822599660e-01
2.850000000000000e+00	7.062370048639278e-01
2.850000000000000e+00	6.777168976239553e-01
2.850000000000000e+00	7.743121915160865e-01
2.850000000000000e+00	7.638253908879599e-01
2.850000000000000e+00	7.211724158676822e-01
2.850000000000000e+00	7.633461180823229e-01
2.850000000000000e+00	6.966585830032086e-01
2.850000000000000e+00	7.206758002139761e-01
2.850000000000000e+00	7.368974522726673e-01
2.850000000000000e+00	7.299903681610189e-01
2.850000000000000e+00	6.981415743928302e-01
2.850000000000000e+00	7.218692135450669e-01
2.850000000000000e+00	7.416592778805363e-01
2.850000000000000e+00	6.538113133458836e-01
2.850000000000000e+00	6.546725518246538e-01
2.850000000000000e+00	7.520961842623277e-01
2.850000000000000e+00	7.835572989279952e-01
2.850000000000000e+00	8.603691277026164e-01
2.850000000000000e+00	7.677875994169889e-01
2.850000000000000e+00	6.582107603628976e-01
2.850000000000000e+00	7.742727781476046e-01
2.850000000000000e+00	8.011687584103363e-01
2.850000000000000e+00	8.123717511043885e-01
2.850000000000000e+00	6.700040635026023e-01
2.850000000000000e+00	8.055927431983649e-01
2.850000000000000e+00	7.403905275990305e-01
2.850000000000000e+00	8.052080711859749e-01
2.850000000000000e+00	6.901489173043777e-01
2.850000000000000e+00	8.113735554649377e-01
2.850000000000000e+00	7.700148717170709e-01
2.850000000000000e+00	7.459866487849455e-01
2.850000000000000e+00	7.686353575630879e-01
2.850000000000000e+00	7.375694901625243e-01
2.850000000000000e+00	7.963950014654200e-01
2.850000000000000e+00	7.780158629330547e-01
2.850000000000000e+00	8.111284603705017e-01
2.850000000000000e+00	6.918612043612397e-01
2.850000000000000e+00	6.737600555606685e-01
2.850000000000000e+00	6.980620791067356e-01
2.850000000000000e+00	7.711784718053725e-01
2.850000000000000e+00	7.336951908796896e-01
2.850000000000000e+00	7.189763441435258e-01
2.850000000000000e+00	7.381193746321132e-01
2.850000000000000e+00	7.618047487069052e-01
2.850000000000000e+00	7.737662450001138e-01
2.850000000000000e+00	6.906007257796611e-01
2.850000000000000e+00	7.891458454173315e-01
2.850000000000000e+00	8.010087138100529e-01
2.850000000000000e+00	8.075373866792510e-01
2.850000000000000e+00	7.379623713846968e-01
2.850000000000000e+00	7.110649326285567e-01
2.850000000000000e+00	7.230750821791797e-01
2.850000000000000e+00	7.344220639484940e-01
2.850000000000000e+00	7.222995872482927e-01
2.850000000000000e+00	7.127802423046355e-01
2.850000000000000e+00	7.934008503235673e-01
2.850000000000000e+00	7.387476468977546e-01
2.850000000000000e+00	7.795118648722594e-01
2.850000000000000e+00	7.548104634811600e-01
2.850000000000000e+00	7.212164740128463e-01
2.850000000000000e+00	7.257674899541184e-01
2.850000000000000e+00	7.478454426823430e-01
2.850000000000000e+00	7.561513484987897e-01
2.850000000000000e+00	7.143254825974861e-01
2.850000000000000e+00	7.275518354014729e-01
2.850000000000000e+00	6.639038037988015e-01
2.850000000000000e+00	7.097587638950067e-01
2.850000000000000e+00	7.325769993341585e-01
2.850000000000000e+00	8.021826748281489e-01
2.850000000000000e+00	6.844577422222003e-01
2.850000000000000e+00	7.512401407449700e-01
2.850000000000000e+00	7.092861211148216e-01
2.850000000000000e+00	6.456467745365279e-01
2.850000000000000e+00	6.532692073859095e-01
2.850000000000000e+00	7.591700708617513e-01
2.850000000000000e+00	7.316181923220185e-01
2.850000000000000e+00	6.781686784019182e-01
2.850000000000000e+00	6.407544186530303e-01
2.850000000000000e+00	6.582989458552684e-01
2.850000000000000e+00	7.880680994601157e-01
2.850000000000000e+00	7.723514252051481e-01
2.850000000000000e+00	7.655830561812877e-01
2.850000000000000e+00	7.152444683644694e-01
2.850000000000000e+00	7.904653434678295e-01
2.850000000000000e+00	8.246196509584842e-01
2.850000000000000e+00	6.991863030550293e-01
2.850000000000000e+00	7.786560139555830e-01
2.850000000000000e+00	8.154995600343470e-01
2.850000000000000e+00	7.953968539521077e-01
2.850000000000000e+00	7.956388071559460e-01
2.850000000000000e+00	7.499127931623042e-01
2.850000000000000e+00	7.782705256638945e-01
2.850000000000000e+00	7.781703398553023e-01
2.850000000000000e+00	7.525503861051667e-01
2.850000000000000e+00	6.692812879512087e-01
2.850000000000000e+00	6.874214621399614e-01
2.850000000000000e+00	8.171232519100473e-01
2.850000000000000e+00	7.501094966681531e-01
2.850000000000000e+00	7.960083100758046e-01
2.850000000000000e+00	7.112592340274193e-01
2.850000000000000e+00	7.374022793565688e-01
2.850000000000000e+00	6.457800509871545e-01
2.850000000000000e+00	6.468143762767948e-01
2.850000000000000e+00	7.268374128487141e-01
2.850000000000000e+00	7.043761790042801e-01
2.850000000000000e+00	7.696916626769806e-01
2.850000000000000e+00	7.232014417738613e-01
2.850000000000000e+00	6.529600301334193e-01
2.850000000000000e+00	6.921769002386846e-01
2.850000000000000e+00	6.538849109324287e-01
2.850000000000000e+00	7.851453537139546e-01
2.850000000000000e+00	8.104001890591137e-01
2.850000000000000e+00	7.706105656013948e-01
2.850000000000000e+00	7.999037355194604e-01
2.850000000000000e+00	7.313162721187623e-01
2.850000000000000e+00	7.474248464535393e-01
2.850000000000000e+00	7.449117832144174e-01
2.850000000000000e+00	6.911833405797496e-01
2.850000000000000e+00	6.763730592383957e-01
2.850000000000000e+00	8.277238357263731e-01
2.850000000000000e+00	7.209576649183249e-01
2.850000000000000e+00	7.051318483701732e-01
2.850000000000000e+00	7.733954917113213e-01
2.850000000000000e+00	6.953842707637721e-01
2.850000000000000e+00	7.385454236220097e-01
2.850000000000000e+00	6.606718298309557e-01
2.850000000000000e+00	7.758398996414294e-01
2.850000000000000e+00	7.350239195043824e-01
2.850000000000000e+00	7.385977753871724e-01
2.850000000000000e+00	7.273925460203237e-01
2.850000000000000e+00	8.250933161035624e-01
2.850000000000000e+00	7.447679111997088e-01
2.850000000000000e+00	6.968718257883323e-01
2.850000000000000e+00	7.625652535174011e-01
2.850000000000000e+00	7.765692215051262e-01
2.850000000000000e+00	7.749262241873212e-01
2.850000000000000e+00	7.465293025047570e-01
2.850000000000000e+00	6.850845957600690e-01
2.850000000000000e+00	7.536688001106734e-01
2.850000000000000e+00	7.230799658654883e-01
2.850000000000000e+00	6.969353551125612e-01
2.850000000000000e+00	7.722185135437762e-01
2.850000000000000e+00	7.427899630022784e-01
2.850000000000000e+00	7.505908689100097e-01
2.850000000000000e+00	7.317581797347927e-01
2.850000000000000e+00	7.816151092985590e-01
2.850000000000000e+00	7.414666985825968e-01
2.850000000000000e+00	8.058726121383963e-01
2.850000000000000e+00	7.426942123964493e-01
2.850000000000000e+00	7.482950097118729e-01
2.850000000000000e+00	7.861518142080264e-01
2.850000000000000e+00	7.452175651982441e-01
2.850000000000000e+00	7.199293908101556e-01
2.850000000000000e+00	7.382464246799975e-01
2.850000000000000e+00	6.988496836574383e-01
2.850000000000000e+00	7.486383670790102e-01
2.850000000000000e+00	7.379863242777392e-01
2.850000000000000e+00	6.829399440468473e-01
2.850000000000000e+00	6.865837771210810e-01
2.850000000000000e+00	7.190787243128274e-01
2.850000000000000e+00	7.464967830930758e-01
2.850000000000000e+00	8.029968326648266e-01
2.850000000000000e+00	7.915412537778458e-01
2.850000000000000e+00	7.426121414318375e-01
2.850000000000000e+00	7.411211458748977e-01
2.850000000000000e+00	8.695978656831324e-01
2.850000000000000e+00	6.316657766703285e-01
2.850000000000000e+00	7.433493837759282e-01
2.850000000000000e+00	8.266328192173539e-01
2.850000000000000e+00	7.399277248669631e-01
2.850000000000000e+00	7.377152426015813e-01
2.850000000000000e+00	6.582207983030449e-01
2.850000000000000e+00	7.942894937983405e-01
2.850000000000000e+00	8.267906938742650e-01
2.850000000000000e+00	7.847289709317804e-01
2.850000000000000e+00	7.523905591263432e-01
2.850000000000000e+00	7.502884805564058e-01
2.850000000000000e+00	7.228395781549273e-01
2.850000000000000e+00	6.922700698321335e-01
2.850000000000000e+00	7.083561977840223e-01
2.850000000000000e+00	7.425485136353723e-01
2.850000000000000e+00	6.959490811021508e-01
2.850000000000000e+00	7.558215927079761e-01
2.850000000000000e+00	6.932748056786336e-01
2.850000000000000e+00	7.169712972615602e-01
2.850000000000000e+00	7.581626203320471e-01
2.850000000000000e+00	7.286529304306376e-01
2.850000000000000e+00	7.941771115100451e-01
2.850000000000000e+00	7.997055624008151e-01
2.850000000000000e+00	8.776603475766211e-01
2.850000000000000e+00	8.029799300622028e-01
2.850000000000000e+00	6.743505938570059e-01
2.850000000000000e+00	6.632032679518374e-01
2.850000000000000e+00	7.532535594004734e-01
2.850000000000000e+00	8.108301493457719e-01
2.850000000000000e+00	7.845238487450235e-01
2.850000000000000e+00	7.844922548659679e-01
2.850000000000000e+00	8.348070879760070e-01
2.850000000000000e+00	6.702321208503849e-01
2.850000000000000e+00	7.978859248331024e-01
2.850000000000000e+00	7.675291533454013e-01
2.850000000000000e+00	6.825418072938011e-01
2.850000000000000e+00	7.092552897868939e-01
2.850000000000000e+00	7.619017308567365e-01
2.850000000000000e+00	7.111211598572027e-01
2.850000000000000e+00	7.566330207727798e-01
2.850000000000000e+00	7.877853987339255e-01
2.850000000000000e+00	8.157329039532918e-01
2.850000000000000e+00	7.408079133257185e-01
2.850000000000000e+00	7.454286329009449e-01
2.850000000000000e+00	6.550881943425771e-01
2.850000000000000e+00	7.355699627589914e-01
2.850000000000000e+00	7.232599082460237e-01
2.850000000000000e+00	6.836235921092013e-01
2.850000000000000e+00	6.778766241526024e-01
2.850000000000000e+00	7.302692603404822e-01
2.850000000000000e+00	8.039239272384680e-01
2.850000000000000e+00	7.376820142429201e-01
2.850000000000000e+00	7.242936222162599e-01
2.850000000000000e+00	7.511104300674031e-01
2.850000000000000e+00	6.985331868589254e-01
2.850000000000000e+00	7.201654032942495e-01
2.850000000000000e+00	7.437843230361797e-01
2.850000000000000e+00	7.465261148774127e-01
2.850000000000000e+00	7.741186900243344e-01
2.850000000000000e+00	7.519411160865836e-01
2.850000000000000e+00	7.635193113980949e-01
2.850000000000000e+00	7.939102064236367e-01
2.850000000000000e+00	7.672315570311985e-01
2.850000000000000e+00	7.722602140675485e-01
2.850000000000000e+00	7.839358137585257e-01
2.850000000000000e+00	5.980387210861532e-01
2.850000000000000e+00	7.821507835148633e-01
2.850000000000000e+00	7.890583436869237e-01
2.850000000000000e+00	7.060272873061596e-01
2.850000000000000e+00	7.581474168701543e-01
2.850000000000000e+00	7.127238087225013e-01
2.850000000000000e+00	7.084527815121840e-01
2.850000000000000e+00	7.123843492493050e-01
2.850000000000000e+00	7.332183569838723e-01
2.850000000000000e+00	7.127614733245615e-01
2.850000000000000e+00	7.027904451121737e-01
2.850000000000000e+00	6.867836456572428e-01
2.850000000000000e+00	6.959999534196827e-01
2.850000000000000e+00	6.940325209748451e-01
2.850000000000000e+00	7.909697052922885e-01
2.850000000000000e+00	7.327282177267312e-01
2.850000000000000e+00	6.995526269041730e-01
2.850000000000000e+00	7.869020585136142e-01
2.850000000000000e+00	7.521650360455165e-01
2.850000000000000e+00	7.191840584064029e-01
2.850000000000000e+00	7.159134709537517e-01
2.850000000000000e+00	7.658832217906848e-01
2.850000000000000e+00	8.542342559191104e-01
2.850000000000000e+00	6.545891657724580e-01
2.850000000000000e+00	7.632729009929567e-01
2.850000000000000e+00	7.540266865516786e-01
2.850000000000000e+00	7.059791428782398e-01
2.850000000000000e+00	6.947332895432359e-01
2.850000000000000e+00	7.067840208549976e-01
2.850000000000000e+00	7.667419848206173e-01
2.850000000000000e+00	6.953611164788625e-01
2.850000000000000e+00	7.155385828684334e-01
2.850000000000000e+00	7.116536034854102e-01
2.850000000000000e+00	7.235288708233286e-01
2.850000000000000e+00	6.640269498480252e-01
2.850000000000000e+00	7.629653091747336e-01
2.850000000000000e+00	7.202235340205476e-01
2.850000000000000e+00	7.722441823653768e-01
2.850000000000000e+00	7.380587538142910e-01
2.850000000000000e+00	7.935454950744442e-01
2.850000000000000e+00	7.900138421774839e-01
2.850000000000000e+00	8.113801220758705e-01
2.850000000000000e+00	7.862688523643018e-01
2.850000000000000e+00	7.259997517872231e-01
2.850000000000000e+00	7.661566614810429e-01
2.850000000000000e+00	7.655970160921602e-01
2.850000000000000e+00	8.389835717611764e-01
2.850000000000000e+00	7.643948560497434e-01
2.850000000000000e+00	8.458766168911943e-01
2.850000000000000e+00	7.620338113351985e-01
2.850000000000000e+00	8.601003370513320e-01
2.850000000000000e+00	7.362533577713440e-01
2.850000000000000e+00	7.768386989531192e-01
2.850000000000000e+00	7.902854653565851e-01
2.850000000000000e+00	7.929910079749257e-01
2.850000000000000e+00	7.554957869272788e-01
2.850000000000000e+00	6.946865633027518e-01
2.850000000000000e+00	7.671678739468188e-01
2.850000000000000e+00	8.058036329036932e-01
2.850000000000000e+00	7.135331939556557e-01
2.850000000000000e+00	6.954584395362108e-01
2.850000000000000e+00	6.926595307786441e-01
2.850000000000000e+00	8.381921650210966e-01
2.850000000000000e+00	7.515119481811604e-01
2.850000000000000e+00	7.508285035738715e-01
2.850000000000000e+00	7.549268648506400e-01
2.850000000000000e+00	7.443095237375311e-01
2.850000000000000e+00	7.619472458218423e-01
2.850000000000000e+00	8.043298211990670e-01
2.850000000000000e+00	7.286639303060073e-01
2.850000000000000e+00	7.294703895983837e-01
2.850000000000000e+00	7.087823734487332e-01
2.850000000000000e+00	7.450976703335626e-01
2.850000000000000e+00	7.513754815883613e-01
2.850000000000000e+00	7.715498848700476e-01
2.850000000000000e+00	7.054580591122109e-01
2.850000000000000e+00	8.154387213908828e-01
2.850000000000000e+00	7.434532879916778e-01
2.850000000000000e+00	7.297130100607234e-01
2.850000000000000e+00	7.840479903398754e-01
2.850000000000000e+00	7.516954238053146e-01
2.850000000000000e+00	6.485234459064226e-01
2.850000000000000e+00	7.299399078592150e-01
2.850000000000000e+00	6.772513067642510e-01
2.850000000000000e+00	7.861125890161940e-01
2.850000000000000e+00	7.943275590107396e-01
2.850000000000000e+00	7.366235978136719e-01
2.850000000000000e+00	6.954914677564319e-01
2.850000000000000e+00	7.500541065288947e-01
2.850000000000000e+00	7.654563861453988e-01
2.850000000000000e+00	7.021025916263328e-01
2.850000000000000e+00	7.855701007398685e-01
2.850000000000000e+00	8.018529212198797e-01
2.850000000000000e+00	7.716084029732269e-01
2.850000000000000e+00	6.728093874071447e-01
2.850000000000000e+00	6.938629665642561e-01
2.850000000000000e+00	7.535124886581446e-01
2.850000000000000e+00	7.594362077453402e-01
2.850000000000000e+00	6.524305768942659e-01
2.850000000000000e+00	7.184347756975958e-01
2.850000000000000e+00	7.092516540489059e-01
2.850000000000000e+00	7.420561006906314e-01
