1.900000000000000e+00	9.705606247884786e+00
1.900000000000000e+00	9.624932111884593e+00
1.900000000000000e+00	9.766500392535439e+00
1.900000000000000e+00	9.509672715083839e+00
1.900000000000000e+00	9.736893641246693e+00
1.900000000000000e+00	9.651158060397309e+00
1.900000000000000e+00	9.655725727267724e+00
1.900000000000000e+00	9.633189893617311e+00
1.900000000000000e+00	9.692100792621293e+00
1.900000000000000e+00	9.553065301959826e+00
1.900000000000000e+00	9.670731655745229e+00
1.900000000000000e+00	9.733320128539813e+00
1.900000000000000e+00	9.662478958420341e+00
1.900000000000000e+00	9.632450847774336e+00
1.900000000000000e+00	9.596513504388096e+00
1.900000000000000e+00	9.357247481014991e+00
1.900000000000000e+00	9.476030890214574e+00
1.900000000000000e+00	9.575489808222219e+00
1.900000000000000e+00	9.583203446766273e+00
1.900000000000000e+00	9.630818052343621e+00
1.900000000000000e+00	9.514941274355571e+00
1.900000000000000e+00	9.528095763398863e+00
1.900000000000000e+00	9.684385505782187e+00
1.900000000000000e+00	9.509326510585558e+00
1.900000000000000e+00	9.500976888644947e+00
1.900000000000000e+00	9.665434183015361e+00
1.900000000000000e+00	9.615539235033859e+00
1.900000000000000e+00	9.605494441032384e+00
1.900000000000000e+00	9.612436438054988e+00
1.900000000000000e+00	9.681709155721416e+00
1.900000000000000e+00	9.548667216285699e+00
1.900000000000000e+00	9.738623567570073e+00
1.900000000000000e+00	9.508301091242195e+00
1.900000000000000e+00	9.595992617085138e+00
1.900000000000000e+00	9.572558687051627e+00
1.900000000000000e+00	9.444304711742767e+00
1.900000000000000e+00	9.585748798822834e+00
1.900000000000000e+00	9.441757709351091e+00
1.900000000000000e+00	9.525815872890673e+00
1.900000000000000e+00	9.465210619243248e+00
1.900000000000000e+00	9.490854758224346e+00
1.900000000000000e+00	9.652472537141232e+00
1.900000000000000e+00	9.574937776450650e+00
1.900000000000000e+00	9.637494249933347e+00
1.900000000000000e+00	9.527604469511488e+00
1.900000000000000e+00	9.541696416635737e+00
1.900000000000000e+00	9.471243061544760e+00
1.900000000000000e+00	9.528429345519584e+00
1.900000000000000e+00	9.666733353795317e+00
1.900000000000000e+00	9.679455849658055e+00
1.900000000000000e+00	9.750053319372370e+00
1.900000000000000e+00	9.470255928994682e+00
1.900000000000000e+00	9.419646342089106e+00
1.900000000000000e+00	9.602583341312931e+00
1.900000000000000e+00	9.595749644972603e+00
1.900000000000000e+00	9.591050549676160e+00
1.900000000000000e+00	9.593244266197569e+00
1.900000000000000e+00	9.791691714808048e+00
1.900000000000000e+00	9.623737183908995e+00
1.900000000000000e+00	9.636433058471168e+00
1.900000000000000e+00	9.472651867733052e+00
1.900000000000000e+00	9.767737914927174e+00
1.900000000000000e+00	9.579754920077679e+00
1.900000000000000e+00	9.602085958244981e+00
1.900000000000000e+00	9.659003755229971e+00
1.900000000000000e+00	9.595752541960875e+00
1.900000000000000e+00	9.578226436633763e+00
1.900000000000000e+00	9.816444662058910e+00
1.900000000000000e+00	9.567593898790633e+00
1.900000000000000e+00	9.697772883545804e+00
1.900000000000000e+00	9.695853814378058e+00
1.900000000000000e+00	9.719692373894848e+00
1.900000000000000e+00	9.591567762736595e+00
1.900000000000000e+00	9.654788351493494e+00
1.900000000000000e+00	9.682081429562185e+00
1.900000000000000e+00	9.641645493265131e+00
1.900000000000000e+00	9.704880662600431e+00
1.900000000000000e+00	9.757020119691443e+00
1.900000000000000e+00	9.727237596133396e+00
1.900000000000000e+00	9.612899709748509e+00
1.900000000000000e+00	9.669375808653996e+00
1.900000000000000e+00	9.715750149524524e+00
1.900000000000000e+00	9.595849715890061e+00
1.900000000000000e+00	9.657955175882785e+00
1.900000000000000e+00	9.577766416068343e+00
1.900000000000000e+00	9.650161474871656e+00
1.900000000000000e+00	9.714781467798677e+00
1.900000000000000e+00	9.699776575367409e+00
1.900000000000000e+00	9.685768910746049e+00
1.900000000000000e+00	9.695627797091513e+00
1.900000000000000e+00	9.673348953135395e+00
1.900000000000000e+00	9.612308512197760e+00
1.900000000000000e+00	9.546641658733765e+00
1.900000000000000e+00	9.595408377508058e+00
1.900000000000000e+00	9.653731432067648e+00
1.900000000000000e+00	9.646244049539181e+00
1.900000000000000e+00	9.516380567573663e+00
1.900000000000000e+00	9.619451196262773e+00
1.900000000000000e+00	9.807319179128541e+00
1.900000000000000e+00	9.666731160902234e+00
1.900000000000000e+00	9.656931151845345e+00
1.900000000000000e+00	9.576204017318751e+00
1.900000000000000e+00	9.599532029282731e+00
1.900000000000000e+00	9.437098081920535e+00
1.900000000000000e+00	9.684522763781164e+00
1.900000000000000e+00	9.615172650873710e+00
1.900000000000000e+00	9.533286066714595e+00
1.900000000000000e+00	9.716553727378370e+00
1.900000000000000e+00	9.542302250322377e+00
1.900000000000000e+00	9.609369813846971e+00
1.900000000000000e+00	9.808232534521249e+00
1.900000000000000e+00	9.588044107095399e+00
1.900000000000000e+00	9.642752529319157e+00
1.900000000000000e+00	9.612371219155456e+00
1.900000000000000e+00	9.646164750607683e+00
1.900000000000000e+00	9.709094174879098e+00
1.900000000000000e+00	9.649644899001476e+00
1.900000000000000e+00	9.709969135029162e+00
1.900000000000000e+00	9.665235696966487e+00
1.900000000000000e+00	9.659558066185737e+00
1.900000000000000e+00	9.743891974275174e+00
1.900000000000000e+00	9.715615061441452e+00
1.900000000000000e+00	9.671307409296313e+00
1.900000000000000e+00	9.684246601274570e+00
1.900000000000000e+00	9.611961517972400e+00
1.900000000000000e+00	9.505662006151356e+00
1.900000000000000e+00	9.674645020636534e+00
1.900000000000000e+00	9.693494117005610e+00
1.900000000000000e+00	9.537166803663016e+00
1.900000000000000e+00	9.497870848463840e+00
1.900000000000000e+00	9.509662071097260e+00
1.900000000000000e+00	9.540156501007433e+00
1.900000000000000e+00	9.625011699313614e+00
1.900000000000000e+00	9.584088017709341e+00
1.900000000000000e+00	9.651633053543144e+00
1.900000000000000e+00	9.742738697339057e+00
1.900000000000000e+00	9.589974971107374e+00
1.900000000000000e+00	9.498272118730611e+00
1.900000000000000e+00	9.688204273245006e+00
1.900000000000000e+00	9.509387872317745e+00
1.900000000000000e+00	9.664787224662646e+00
1.900000000000000e+00	9.832689212760986e+00
1.900000000000000e+00	9.557693918073474e+00
1.900000000000000e+00	9.700113633546028e+00
1.900000000000000e+00	9.541599514755863e+00
1.900000000000000e+00	9.573235901306454e+00
1.900000000000000e+00	9.711992744461877e+00
1.900000000000000e+00	9.838750851332179e+00
1.900000000000000e+00	9.468200026814817e+00
1.900000000000000e+00	9.577580281675964e+00
1.900000000000000e+00	9.533078030056872e+00
1.900000000000000e+00	9.559150095585835e+00
1.900000000000000e+00	9.593336179302236e+00
1.900000000000000e+00	9.611500020038859e+00
1.900000000000000e+00	9.627208761356467e+00
1.900000000000000e+00	9.796824161955893e+00
1.900000000000000e+00	9.380311234419818e+00
1.900000000000000e+00	9.624251176642947e+00
1.900000000000000e+00	9.488329650814403e+00
1.900000000000000e+00	9.745309489550547e+00
1.900000000000000e+00	9.510728248466741e+00
1.900000000000000e+00	9.801209209122888e+00
1.900000000000000e+00	9.809781472178216e+00
1.900000000000000e+00	9.438735641357415e+00
1.900000000000000e+00	9.353397476247551e+00
1.900000000000000e+00	9.619770116767477e+00
1.900000000000000e+00	9.489890384617478e+00
1.900000000000000e+00	9.594214466679157e+00
1.900000000000000e+00	9.731881181875561e+00
1.900000000000000e+00	9.765914615136488e+00
1.900000000000000e+00	9.603654373516225e+00
1.900000000000000e+00	9.701787658193362e+00
1.900000000000000e+00	9.582745583042794e+00
1.900000000000000e+00	9.672378586911064e+00
1.900000000000000e+00	9.565514021017856e+00
1.900000000000000e+00	9.623777435117926e+00
1.900000000000000e+00	9.650108432167945e+00
1.900000000000000e+00	9.542809375808705e+00
1.900000000000000e+00	9.649483749751576e+00
1.900000000000000e+00	9.815114531737317e+00
1.900000000000000e+00	9.451516749647537e+00
1.900000000000000e+00	9.524665172014990e+00
1.900000000000000e+00	9.607845302789155e+00
1.900000000000000e+00	9.714561508092372e+00
1.900000000000000e+00	9.530422606551911e+00
1.900000000000000e+00	9.660478845473065e+00
1.900000000000000e+00	9.677961128259858e+00
1.900000000000000e+00	9.654987117553544e+00
1.900000000000000e+00	9.602614628393935e+00
1.900000000000000e+00	9.502584045039583e+00
1.900000000000000e+00	9.517424377909006e+00
1.900000000000000e+00	9.627537299940297e+00
1.900000000000000e+00	9.557681183916660e+00
1.900000000000000e+00	9.639430101990991e+00
1.900000000000000e+00	9.580330653341205e+00
1.900000000000000e+00	9.562222695185019e+00
1.900000000000000e+00	9.587137917875239e+00
1.900000000000000e+00	9.668283054305938e+00
1.900000000000000e+00	9.771667471296562e+00
1.900000000000000e+00	9.626497690323385e+00
1.900000000000000e+00	9.654921346208326e+00
1.900000000000000e+00	9.550306487378727e+00
1.900000000000000e+00	9.739531576010616e+00
1.900000000000000e+00	9.629707731994374e+00
1.900000000000000e+00	9.402532628526309e+00
1.900000000000000e+00	9.624148010681079e+00
1.900000000000000e+00	9.759883290839710e+00
1.900000000000000e+00	9.624098032987146e+00
1.900000000000000e+00	9.536748832191609e+00
1.900000000000000e+00	9.504954675929724e+00
1.900000000000000e+00	9.638638916998932e+00
1.900000000000000e+00	9.575768639566036e+00
1.900000000000000e+00	9.693899445838266e+00
1.900000000000000e+00	9.674972589357274e+00
1.900000000000000e+00	9.562781527084734e+00
1.900000000000000e+00	9.647184369047514e+00
1.900000000000000e+00	9.670362044373896e+00
1.900000000000000e+00	9.650067819985573e+00
1.900000000000000e+00	9.800693066348444e+00
1.900000000000000e+00	9.724013245308710e+00
1.900000000000000e+00	9.599779361252729e+00
1.900000000000000e+00	9.665313372113431e+00
1.900000000000000e+00	9.577648527175501e+00
1.900000000000000e+00	9.548389557205176e+00
1.900000000000000e+00	9.851227712855753e+00
1.900000000000000e+00	9.811789609737204e+00
1.900000000000000e+00	9.698987718191354e+00
1.900000000000000e+00	9.850114981757837e+00
1.900000000000000e+00	9.716242460071893e+00
1.900000000000000e+00	9.667911145614784e+00
1.900000000000000e+00	9.672145617173154e+00
1.900000000000000e+00	9.564924205026461e+00
1.900000000000000e+00	9.495644125596966e+00
1.900000000000000e+00	9.608269165661815e+00
1.900000000000000e+00	9.712327030570547e+00
1.900000000000000e+00	9.767433100747276e+00
1.900000000000000e+00	9.436341126111873e+00
1.900000000000000e+00	9.517426562314844e+00
1.900000000000000e+00	9.559399888830873e+00
1.900000000000000e+00	9.603971318865568e+00
1.900000000000000e+00	9.596770797596522e+00
1.900000000000000e+00	9.776816226899884e+00
1.900000000000000e+00	9.675548733608462e+00
1.900000000000000e+00	9.724932274240471e+00
1.900000000000000e+00	9.564225023055954e+00
1.900000000000000e+00	9.486430365254771e+00
1.900000000000000e+00	9.617489538377967e+00
1.900000000000000e+00	9.569062427025916e+00
1.900000000000000e+00	9.698286073760185e+00
1.900000000000000e+00	9.701190036680735e+00
1.900000000000000e+00	9.682237408977773e+00
1.900000000000000e+00	9.737790600356698e+00
1.900000000000000e+00	9.812155015010283e+00
1.900000000000000e+00	9.494069749600722e+00
1.900000000000000e+00	9.611940348853070e+00
1.900000000000000e+00	9.582521251327130e+00
1.900000000000000e+00	9.735863599563530e+00
1.900000000000000e+00	9.606539041681067e+00
1.900000000000000e+00	9.714899260543355e+00
1.900000000000000e+00	9.678277125776905e+00
1.900000000000000e+00	9.636263014986909e+00
1.900000000000000e+00	9.779751846366716e+00
1.900000000000000e+00	9.544474786085871e+00
1.900000000000000e+00	9.582458956875650e+00
1.900000000000000e+00	9.632816837362277e+00
1.900000000000000e+00	9.757330323819255e+00
1.900000000000000e+00	9.575914686119887e+00
1.900000000000000e+00	9.457358904053695e+00
1.900000000000000e+00	9.514053423984667e+00
1.900000000000000e+00	9.556511893727476e+00
1.900000000000000e+00	9.750033493099792e+00
1.900000000000000e+00	9.695806198273424e+00
1.900000000000000e+00	9.720795944325902e+00
1.900000000000000e+00	9.666497176083439e+00
1.900000000000000e+00	9.595578950253838e+00
1.900000000000000e+00	9.466441981587092e+00
1.900000000000000e+00	9.593960806280261e+00
1.900000000000000e+00	9.774569902799852e+00
1.900000000000000e+00	9.708523027625530e+00
1.900000000000000e+00	9.608673586740185e+00
1.900000000000000e+00	9.725229671744490e+00
1.900000000000000e+00	9.688556306976063e+00
1.900000000000000e+00	9.506893970410442e+00
1.900000000000000e+00	9.512911111211070e+00
1.900000000000000e+00	9.598129861122539e+00
1.900000000000000e+00	9.836929771831016e+00
1.900000000000000e+00	9.648379223749163e+00
1.900000000000000e+00	9.611161932142446e+00
1.900000000000000e+00	9.577079940321513e+00
1.900000000000000e+00	9.635286470975691e+00
1.900000000000000e+00	9.539989268554699e+00
1.900000000000000e+00	9.398842041774458e+00
1.900000000000000e+00	9.598678066557518e+00
1.900000000000000e+00	9.528609205913227e+00
1.900000000000000e+00	9.704145972494025e+00
1.900000000000000e+00	9.676752651724533e+00
1.900000000000000e+00	9.754903717256575e+00
1.900000000000000e+00	9.424637464202153e+00
1.900000000000000e+00	9.606613679775373e+00
1.900000000000000e+00	9.677112406734784e+00
1.900000000000000e+00	9.559481068512911e+00
1.900000000000000e+00	9.832398801603441e+00
1.900000000000000e+00	9.637120611278355e+00
1.900000000000000e+00	9.568267695085268e+00
1.900000000000000e+00	9.788403924957258e+00
1.900000000000000e+00	9.674993063976455e+00
1.900000000000000e+00	9.810310525220530e+00
1.900000000000000e+00	9.698028952283362e+00
1.900000000000000e+00	9.596858392990924e+00
1.900000000000000e+00	9.630954996720689e+00
1.900000000000000e+00	9.887151234616681e+00
1.900000000000000e+00	9.466704926872636e+00
1.900000000000000e+00	9.716368052347196e+00
1.900000000000000e+00	9.675400966374401e+00
1.900000000000000e+00	9.606264336782610e+00
1.900000000000000e+00	9.714150492386747e+00
1.900000000000000e+00	9.665779966115638e+00
1.900000000000000e+00	9.781415071340733e+00
1.900000000000000e+00	9.497983651534554e+00
1.900000000000000e+00	9.697154436566509e+00
1.900000000000000e+00	9.596059412448369e+00
1.900000000000000e+00	9.688104847337362e+00
1.900000000000000e+00	9.627445785633929e+00
1.900000000000000e+00	9.760895282741417e+00
1.900000000000000e+00	9.720149289884228e+00
1.900000000000000e+00	9.663673883490951e+00
1.900000000000000e+00	9.651725132277484e+00
1.900000000000000e+00	9.678750760166558e+00
1.900000000000000e+00	9.721171204172489e+00
1.900000000000000e+00	9.548131402715786e+00
1.900000000000000e+00	9.533261858832855e+00
1.900000000000000e+00	9.564684719657937e+00
1.900000000000000e+00	9.470061947923693e+00
1.900000000000000e+00	9.559555123994341e+00
1.900000000000000e+00	9.653853791566950e+00
1.900000000000000e+00	9.496288082807558e+00
1.900000000000000e+00	9.490162267803248e+00
1.900000000000000e+00	9.664309237493297e+00
1.900000000000000e+00	9.611849661168655e+00
1.900000000000000e+00	9.608293454029653e+00
1.900000000000000e+00	9.626016421155830e+00
1.900000000000000e+00	9.793529948089256e+00
1.900000000000000e+00	9.654365172476044e+00
1.900000000000000e+00	9.570503434368760e+00
1.900000000000000e+00	9.576628129725286e+00
1.900000000000000e+00	9.565819286575046e+00
1.900000000000000e+00	9.596332555465457e+00
1.900000000000000e+00	9.514044675946302e+00
1.900000000000000e+00	9.661809323874916e+00
1.900000000000000e+00	9.788712656920271e+00
1.900000000000000e+00	9.549746625287041e+00
1.900000000000000e+00	9.789239723835095e+00
1.900000000000000e+00	9.724388717713463e+00
1.900000000000000e+00	9.687593739724722e+00
1.900000000000000e+00	9.425056300486856e+00
1.900000000000000e+00	9.840015622805206e+00
1.900000000000000e+00	9.625286666397425e+00
1.900000000000000e+00	9.533547331016043e+00
1.900000000000000e+00	9.432529189288267e+00
1.900000000000000e+00	9.604655111102200e+00
1.900000000000000e+00	9.645581547682102e+00
1.900000000000000e+00	9.589575761943387e+00
1.900000000000000e+00	9.643751483763221e+00
1.900000000000000e+00	9.700977348329774e+00
1.900000000000000e+00	9.769201492650531e+00
1.900000000000000e+00	9.740063953636556e+00
1.900000000000000e+00	9.632975955878138e+00
1.900000000000000e+00	9.618804966429847e+00
1.900000000000000e+00	9.493211015716888e+00
1.900000000000000e+00	9.654500642057553e+00
1.900000000000000e+00	9.681174618070829e+00
1.900000000000000e+00	9.697569142196464e+00
1.900000000000000e+00	9.858289447268803e+00
1.900000000000000e+00	9.618269641011134e+00
1.900000000000000e+00	9.562458710963234e+00
1.900000000000000e+00	9.637891606448074e+00
1.900000000000000e+00	9.811899760897182e+00
1.900000000000000e+00	9.486377843075990e+00
1.900000000000000e+00	9.790521206745249e+00
1.900000000000000e+00	9.567931935828707e+00
1.900000000000000e+00	9.709500352199084e+00
1.900000000000000e+00	9.536206069264759e+00
1.900000000000000e+00	9.551294151912650e+00
1.900000000000000e+00	9.562621349013966e+00
1.900000000000000e+00	9.583861325509039e+00
1.900000000000000e+00	9.786369789006056e+00
1.900000000000000e+00	9.562661615321556e+00
1.900000000000000e+00	9.646845760877071e+00
1.900000000000000e+00	9.747868841293370e+00
1.900000000000000e+00	9.622296533244622e+00
1.900000000000000e+00	9.469842743577606e+00
1.900000000000000e+00	9.574951163547929e+00
1.900000000000000e+00	9.569808603300688e+00
1.900000000000000e+00	9.626652038844195e+00
1.900000000000000e+00	9.648906954774082e+00
1.900000000000000e+00	9.525862695917846e+00
1.900000000000000e+00	9.604946430509081e+00
1.900000000000000e+00	9.801810878011413e+00
1.900000000000000e+00	9.695529999641060e+00
1.900000000000000e+00	9.479480795433027e+00
1.900000000000000e+00	9.800495518710029e+00
1.900000000000000e+00	9.541641131595652e+00
1.900000000000000e+00	9.540474974890000e+00
1.900000000000000e+00	9.749082163402120e+00
1.900000000000000e+00	9.630610635037371e+00
1.900000000000000e+00	9.708314406416052e+00
1.900000000000000e+00	9.818979539274414e+00
1.900000000000000e+00	9.608422295559992e+00
1.900000000000000e+00	9.548407968975294e+00
1.900000000000000e+00	9.630423772841930e+00
1.900000000000000e+00	9.776551567715014e+00
1.900000000000000e+00	9.391678627860012e+00
1.900000000000000e+00	9.446264704286524e+00
1.900000000000000e+00	9.752635640952942e+00
1.900000000000000e+00	9.603393091591270e+00
1.900000000000000e+00	9.651989057322314e+00
1.900000000000000e+00	9.706423897108118e+00
1.900000000000000e+00	9.595696854498286e+00
1.900000000000000e+00	9.666158472351563e+00
1.900000000000000e+00	9.517610908629393e+00
1.900000000000000e+00	9.596535503602061e+00
1.900000000000000e+00	9.940148183243846e+00
1.900000000000000e+00	9.772469918694135e+00
1.900000000000000e+00	9.564906922685285e+00
1.900000000000000e+00	9.689608172715536e+00
1.900000000000000e+00	9.731157241026928e+00
1.900000000000000e+00	9.684578857411218e+00
1.900000000000000e+00	9.654240956152847e+00
1.900000000000000e+00	9.667177712098610e+00
1.900000000000000e+00	9.437472553716733e+00
1.900000000000000e+00	9.795472380082838e+00
1.900000000000000e+00	9.675961481146654e+00
1.900000000000000e+00	9.595599055992427e+00
1.900000000000000e+00	9.769128984350200e+00
1.900000000000000e+00	9.582295918127405e+00
1.900000000000000e+00	9.657265773081761e+00
1.900000000000000e+00	9.638514804423290e+00
1.900000000000000e+00	9.709276073892868e+00
1.900000000000000e+00	9.503552110719793e+00
1.900000000000000e+00	9.543812785419330e+00
1.900000000000000e+00	9.513943545244560e+00
1.900000000000000e+00	9.490131808005316e+00
1.900000000000000e+00	9.567433799359982e+00
1.900000000000000e+00	9.588883092124863e+00
1.900000000000000e+00	9.674594362527177e+00
1.900000000000000e+00	9.720134994067086e+00
1.900000000000000e+00	9.650748357079816e+00
1.900000000000000e+00	9.507606653434387e+00
1.900000000000000e+00	9.577545724416755e+00
1.900000000000000e+00	9.532933630998640e+00
1.900000000000000e+00	9.555679550563191e+00
1.900000000000000e+00	9.634940982318906e+00
1.900000000000000e+00	9.675324028224772e+00
1.900000000000000e+00	9.794746202381798e+00
1.900000000000000e+00	9.665396628475765e+00
1.900000000000000e+00	9.615935796827330e+00
1.900000000000000e+00	9.482533400119360e+00
1.900000000000000e+00	9.785014096823204e+00
1.900000000000000e+00	9.629691469191828e+00
1.900000000000000e+00	9.684931272088694e+00
1.900000000000000e+00	9.573045342167084e+00
1.900000000000000e+00	9.526012295101845e+00
1.900000000000000e+00	9.664684981981209e+00
1.900000000000000e+00	9.569554272634338e+00
1.900000000000000e+00	9.780376668558773e+00
1.900000000000000e+00	9.582359652924985e+00
1.900000000000000e+00	9.788294783756136e+00
1.900000000000000e+00	9.474819869442880e+00
1.900000000000000e+00	9.488963539144333e+00
1.900000000000000e+00	9.741046928682790e+00
1.900000000000000e+00	9.764339406429933e+00
1.900000000000000e+00	9.535930579572394e+00
1.900000000000000e+00	9.672729994082822e+00
1.900000000000000e+00	9.683144254002176e+00
1.900000000000000e+00	9.896208532941786e+00
1.900000000000000e+00	9.706756268922078e+00
1.900000000000000e+00	9.609385404393699e+00
1.900000000000000e+00	9.748993326205028e+00
1.900000000000000e+00	9.690147300477967e+00
1.900000000000000e+00	9.605951868755833e+00
1.900000000000000e+00	9.618291072613584e+00
1.900000000000000e+00	9.577879379147237e+00
1.900000000000000e+00	9.532248056820816e+00
1.900000000000000e+00	9.609375112421777e+00
1.900000000000000e+00	9.580766922191380e+00
1.900000000000000e+00	9.578073639462712e+00
1.900000000000000e+00	9.519437864264699e+00
1.900000000000000e+00	9.459007089041993e+00
1.900000000000000e+00	9.615708629466123e+00
1.900000000000000e+00	9.552582638046545e+00
1.900000000000000e+00	9.564353593834127e+00
1.900000000000000e+00	9.666722405268581e+00
1.900000000000000e+00	9.366670418922020e+00
1.900000000000000e+00	9.653757200456351e+00
1.900000000000000e+00	9.631896469847412e+00
1.900000000000000e+00	9.621103187933938e+00
1.900000000000000e+00	9.433372907947245e+00
1.900000000000000e+00	9.715185908520828e+00
1.900000000000000e+00	9.715685316133445e+00
1.900000000000000e+00	9.763936487708895e+00
1.900000000000000e+00	9.524089293167581e+00
1.900000000000000e+00	9.772264511982549e+00
1.900000000000000e+00	9.757404284317493e+00
1.900000000000000e+00	9.461941149075040e+00
1.900000000000000e+00	9.568346450827111e+00
1.900000000000000e+00	9.619079784880718e+00
1.900000000000000e+00	9.465526463806135e+00
1.900000000000000e+00	9.675393836468459e+00
1.900000000000000e+00	9.548057579874417e+00
1.900000000000000e+00	9.602903284593788e+00
1.900000000000000e+00	9.614872061546555e+00
1.900000000000000e+00	9.628458204406286e+00
1.900000000000000e+00	9.673876378397956e+00
1.900000000000000e+00	9.745916560809988e+00
1.900000000000000e+00	9.567578207670344e+00
1.900000000000000e+00	9.609360958864119e+00
1.900000000000000e+00	9.631291389939248e+00
1.900000000000000e+00	9.654541325292586e+00
1.900000000000000e+00	9.507809366012676e+00
1.900000000000000e+00	9.546927819423026e+00
1.900000000000000e+00	9.706494705206168e+00
1.900000000000000e+00	9.542612942269544e+00
1.900000000000000e+00	9.386170172357005e+00
1.900000000000000e+00	9.741198076498748e+00
1.900000000000000e+00	9.580098364273189e+00
1.900000000000000e+00	9.560847943317958e+00
1.900000000000000e+00	9.841196981919778e+00
1.900000000000000e+00	9.725976115997600e+00
1.900000000000000e+00	9.581874837871112e+00
1.900000000000000e+00	9.745962860814700e+00
1.900000000000000e+00	9.694206667870276e+00
1.900000000000000e+00	9.639163779458215e+00
1.900000000000000e+00	9.827231364599648e+00
1.900000000000000e+00	9.607317347380306e+00
1.900000000000000e+00	9.409980075913140e+00
1.900000000000000e+00	9.580926555546359e+00
1.900000000000000e+00	9.676768143541590e+00
1.900000000000000e+00	9.653602957843308e+00
1.900000000000000e+00	9.715676755542701e+00
1.900000000000000e+00	9.677245800032992e+00
1.900000000000000e+00	9.553036324791917e+00
1.900000000000000e+00	9.679169092474970e+00
1.900000000000000e+00	9.604913102472210e+00
1.900000000000000e+00	9.467840769677677e+00
1.900000000000000e+00	9.593497293954341e+00
1.900000000000000e+00	9.658095127926636e+00
1.900000000000000e+00	9.591163386460307e+00
1.900000000000000e+00	9.637867675004125e+00
1.900000000000000e+00	9.443251192948363e+00
1.900000000000000e+00	9.686816620873030e+00
1.900000000000000e+00	9.688526620230871e+00
1.900000000000000e+00	9.603508618870361e+00
1.900000000000000e+00	9.626701279801004e+00
1.900000000000000e+00	9.705886924681558e+00
1.900000000000000e+00	9.545191340461528e+00
1.900000000000000e+00	9.761594029042060e+00
1.900000000000000e+00	9.630697407917697e+00
1.900000000000000e+00	9.526239429905559e+00
1.900000000000000e+00	9.646837937805401e+00
1.900000000000000e+00	1.001865301154232e+01
1.900000000000000e+00	9.690410808174329e+00
1.900000000000000e+00	9.617653660557613e+00
1.900000000000000e+00	9.684723152602210e+00
1.900000000000000e+00	9.751829573704017e+00
1.900000000000000e+00	9.820100173700965e+00
1.900000000000000e+00	9.737519881479042e+00
1.900000000000000e+00	9.697157819898647e+00
1.900000000000000e+00	9.584875885767866e+00
1.900000000000000e+00	9.738591402558930e+00
1.900000000000000e+00	9.755745196152793e+00
1.900000000000000e+00	9.697176136467435e+00
1.900000000000000e+00	9.472686988133152e+00
1.900000000000000e+00	9.644932446578759e+00
1.900000000000000e+00	9.728283192403048e+00
1.900000000000000e+00	9.608234493325265e+00
1.900000000000000e+00	9.828800573344328e+00
1.900000000000000e+00	9.563006000820351e+00
1.900000000000000e+00	9.576953442518320e+00
1.900000000000000e+00	9.573441509318037e+00
1.900000000000000e+00	9.605172672127820e+00
1.900000000000000e+00	9.542114255467819e+00
1.900000000000000e+00	9.527015359515021e+00
1.900000000000000e+00	9.562684644007495e+00
1.900000000000000e+00	9.687946584961633e+00
1.900000000000000e+00	9.634173852656499e+00
1.900000000000000e+00	9.738199981370677e+00
1.900000000000000e+00	9.693376722367205e+00
1.900000000000000e+00	9.663553549375608e+00
1.900000000000000e+00	9.643771683730836e+00
1.900000000000000e+00	9.656209677320703e+00
1.900000000000000e+00	9.752561057012157e+00
1.900000000000000e+00	9.584529286257542e+00
1.900000000000000e+00	9.553963723048957e+00
1.900000000000000e+00	9.552463908080380e+00
1.900000000000000e+00	9.584484288626072e+00
1.900000000000000e+00	9.713293228133839e+00
1.900000000000000e+00	9.567005237330168e+00
1.900000000000000e+00	9.728847691915867e+00
1.900000000000000e+00	9.502381574298752e+00
1.900000000000000e+00	9.661973073460807e+00
1.900000000000000e+00	9.496988914867634e+00
1.900000000000000e+00	9.504847177489856e+00
1.900000000000000e+00	9.527464061422178e+00
1.900000000000000e+00	9.712567970398743e+00
1.900000000000000e+00	9.603737298828175e+00
1.900000000000000e+00	9.663889382879120e+00
1.900000000000000e+00	9.688975436395451e+00
1.900000000000000e+00	9.547824044714464e+00
1.900000000000000e+00	9.703352760215164e+00
1.900000000000000e+00	9.616222932934841e+00
1.900000000000000e+00	9.559545126339344e+00
1.900000000000000e+00	9.709465822967722e+00
1.900000000000000e+00	9.584293276030444e+00
1.900000000000000e+00	9.524784217186154e+00
1.900000000000000e+00	9.700894616992882e+00
1.900000000000000e+00	9.652329366324999e+00
1.900000000000000e+00	9.502216565318102e+00
1.900000000000000e+00	9.385424788513417e+00
1.900000000000000e+00	9.798330272160923e+00
1.900000000000000e+00	9.721484504912317e+00
1.900000000000000e+00	9.404484715015908e+00
1.900000000000000e+00	9.577079394806661e+00
1.900000000000000e+00	9.637810303769285e+00
1.900000000000000e+00	9.431626900916063e+00
1.900000000000000e+00	9.396262598176623e+00
1.900000000000000e+00	9.572780004262627e+00
1.900000000000000e+00	9.563832734986494e+00
1.900000000000000e+00	9.661813301089129e+00
1.900000000000000e+00	9.528047054085974e+00
1.900000000000000e+00	9.549574776614158e+00
1.900000000000000e+00	9.553570232236016e+00
1.900000000000000e+00	9.496824203811926e+00
1.900000000000000e+00	9.689407635918027e+00
1.900000000000000e+00	9.574562607999358e+00
1.900000000000000e+00	9.695038524410425e+00
1.900000000000000e+00	9.599779427299204e+00
1.900000000000000e+00	9.556782054387019e+00
1.900000000000000e+00	9.494622799240478e+00
1.900000000000000e+00	9.700106096125868e+00
1.900000000000000e+00	9.643961210835574e+00
1.900000000000000e+00	9.552795457548292e+00
1.900000000000000e+00	9.714415742922331e+00
1.900000000000000e+00	9.685128911922066e+00
1.900000000000000e+00	9.453357315383327e+00
1.900000000000000e+00	9.756834877062925e+00
1.900000000000000e+00	9.657684402037027e+00
1.900000000000000e+00	9.450422097236205e+00
1.900000000000000e+00	9.462936805312525e+00
1.900000000000000e+00	9.580335274074061e+00
1.900000000000000e+00	9.663621106066046e+00
1.900000000000000e+00	9.582774676689887e+00
1.900000000000000e+00	9.588414430820679e+00
1.900000000000000e+00	9.646275516495352e+00
1.900000000000000e+00	9.692236872033757e+00
1.900000000000000e+00	9.729170783280404e+00
1.900000000000000e+00	9.812346064327354e+00
1.900000000000000e+00	9.617129235521958e+00
1.900000000000000e+00	9.567993608608278e+00
1.900000000000000e+00	9.599671344415013e+00
1.900000000000000e+00	9.822466716728101e+00
1.900000000000000e+00	9.715666841251126e+00
1.900000000000000e+00	9.632771624240917e+00
1.900000000000000e+00	9.794389133185826e+00
1.900000000000000e+00	9.628488939277551e+00
1.900000000000000e+00	9.805499581577415e+00
1.900000000000000e+00	9.434576867507573e+00
1.900000000000000e+00	9.550419930529028e+00
1.900000000000000e+00	9.631063076496545e+00
1.900000000000000e+00	9.822979016504622e+00
1.900000000000000e+00	9.448805134752382e+00
1.900000000000000e+00	9.684622108128577e+00
1.900000000000000e+00	9.476254456043641e+00
1.900000000000000e+00	9.540558593169401e+00
1.900000000000000e+00	9.537410916327802e+00
1.900000000000000e+00	9.675105763528808e+00
1.900000000000000e+00	9.501804859780000e+00
1.900000000000000e+00	9.709515914018555e+00
1.900000000000000e+00	9.757290801726285e+00
1.900000000000000e+00	9.735329109914341e+00
1.900000000000000e+00	9.590229384781036e+00
1.900000000000000e+00	9.811752528694608e+00
1.900000000000000e+00	9.631360595702276e+00
1.900000000000000e+00	9.675578127506069e+00
1.900000000000000e+00	9.648769535857278e+00
1.900000000000000e+00	9.681389521825913e+00
1.900000000000000e+00	9.624052115293665e+00
1.900000000000000e+00	9.679038806970727e+00
1.900000000000000e+00	9.726254757121593e+00
1.900000000000000e+00	9.630696630992079e+00
1.900000000000000e+00	9.764439748099203e+00
1.900000000000000e+00	9.731895475405818e+00
1.900000000000000e+00	9.872241830301778e+00
1.900000000000000e+00	9.697855089385996e+00
1.900000000000000e+00	9.488912489404822e+00
1.900000000000000e+00	9.526901717341294e+00
1.900000000000000e+00	9.569861034528245e+00
1.900000000000000e+00	9.459215956710953e+00
1.900000000000000e+00	9.685365878615224e+00
1.900000000000000e+00	9.696065874257384e+00
1.900000000000000e+00	9.603151961245358e+00
1.900000000000000e+00	9.500641001210880e+00
1.900000000000000e+00	9.622767005727793e+00
1.900000000000000e+00	9.625329400869401e+00
1.900000000000000e+00	9.593025154325538e+00
1.900000000000000e+00	9.607006416317400e+00
1.900000000000000e+00	9.572687139467268e+00
1.900000000000000e+00	9.637635752402581e+00
1.900000000000000e+00	9.540408751173180e+00
1.900000000000000e+00	9.447565471101099e+00
1.900000000000000e+00	9.702945104213653e+00
1.900000000000000e+00	9.697183809427578e+00
1.900000000000000e+00	9.781783148148538e+00
1.900000000000000e+00	9.635476159415926e+00
1.900000000000000e+00	9.761698534453613e+00
1.900000000000000e+00	9.790912122623350e+00
1.900000000000000e+00	9.704633894568214e+00
1.900000000000000e+00	9.549305845551981e+00
1.900000000000000e+00	9.537804840053171e+00
1.900000000000000e+00	9.540853467408606e+00
1.900000000000000e+00	9.574066875055898e+00
1.900000000000000e+00	9.566018384474253e+00
1.900000000000000e+00	9.620857013548420e+00
1.900000000000000e+00	9.637971437174047e+00
1.900000000000000e+00	9.383951916082616e+00
1.900000000000000e+00	9.477464388118616e+00
1.900000000000000e+00	9.630735430080776e+00
1.900000000000000e+00	9.705577588035769e+00
1.900000000000000e+00	9.613573697416475e+00
1.900000000000000e+00	9.726303127204755e+00
1.900000000000000e+00	9.552987284915050e+00
1.900000000000000e+00	9.711033954586906e+00
1.900000000000000e+00	9.784426502166504e+00
1.900000000000000e+00	9.576967934406326e+00
1.900000000000000e+00	9.598672997551407e+00
1.900000000000000e+00	9.566958675017307e+00
1.900000000000000e+00	9.542676883467930e+00
1.900000000000000e+00	9.785109097630219e+00
1.900000000000000e+00	9.462308535457472e+00
1.900000000000000e+00	9.894660192646040e+00
1.900000000000000e+00	9.611913059995491e+00
1.900000000000000e+00	9.584206087271339e+00
1.900000000000000e+00	9.446798479038804e+00
1.900000000000000e+00	9.766273944325992e+00
1.900000000000000e+00	9.649751895820664e+00
1.900000000000000e+00	9.588333065951041e+00
1.900000000000000e+00	9.331663112393658e+00
1.900000000000000e+00	9.528764265444543e+00
1.900000000000000e+00	9.604200748463473e+00
1.900000000000000e+00	9.628700636150732e+00
1.900000000000000e+00	9.558935249456518e+00
1.900000000000000e+00	9.540334719966049e+00
1.900000000000000e+00	9.611269062691564e+00
1.900000000000000e+00	9.826322853929657e+00
1.900000000000000e+00	9.577837044699486e+00
1.900000000000000e+00	9.677877701484777e+00
1.900000000000000e+00	9.634744317968066e+00
1.900000000000000e+00	9.563805555343354e+00
1.900000000000000e+00	9.734573798617857e+00
1.900000000000000e+00	9.720374181111376e+00
1.900000000000000e+00	9.621725199986708e+00
1.900000000000000e+00	9.498436887006454e+00
1.900000000000000e+00	9.579544734968309e+00
1.900000000000000e+00	9.656410497769201e+00
1.900000000000000e+00	9.592042895528518e+00
1.900000000000000e+00	9.690519088514666e+00
1.900000000000000e+00	9.596563034111126e+00
1.900000000000000e+00	9.506497576872796e+00
1.900000000000000e+00	9.727356406098259e+00
1.900000000000000e+00	9.672191363720717e+00
1.900000000000000e+00	9.560217205806119e+00
1.900000000000000e+00	9.633251598830721e+00
1.900000000000000e+00	9.478174476225657e+00
1.900000000000000e+00	9.565602188665650e+00
1.900000000000000e+00	9.631052946815883e+00
1.900000000000000e+00	9.438958190914049e+00
1.900000000000000e+00	9.542213548841984e+00
1.900000000000000e+00	9.616058797506142e+00
1.900000000000000e+00	9.521911869452014e+00
1.900000000000000e+00	9.590964843879005e+00
1.900000000000000e+00	9.471265151485317e+00
1.900000000000000e+00	9.448989123313783e+00
1.900000000000000e+00	9.603696802112793e+00
1.900000000000000e+00	9.599776134140587e+00
1.900000000000000e+00	9.583759634335552e+00
1.900000000000000e+00	9.465500107811838e+00
1.900000000000000e+00	9.659425227582247e+00
1.900000000000000e+00	9.475360191041048e+00
1.900000000000000e+00	9.682407430879717e+00
1.900000000000000e+00	9.753148354859093e+00
1.900000000000000e+00	9.480105627250182e+00
1.900000000000000e+00	9.678712547304469e+00
1.900000000000000e+00	9.678214775952732e+00
1.900000000000000e+00	9.628130726655527e+00
1.900000000000000e+00	9.652164794927604e+00
1.900000000000000e+00	9.633983718602281e+00
1.900000000000000e+00	9.409937252852316e+00
1.900000000000000e+00	9.501427872535412e+00
1.900000000000000e+00	9.612364509991943e+00
1.900000000000000e+00	9.580333238973775e+00
1.900000000000000e+00	9.595040016903887e+00
1.900000000000000e+00	9.558795993431067e+00
1.900000000000000e+00	9.659577667158061e+00
1.900000000000000e+00	9.797049761386294e+00
1.900000000000000e+00	9.625368903836421e+00
1.900000000000000e+00	9.612208196401404e+00
1.900000000000000e+00	9.519527933289609e+00
1.900000000000000e+00	9.609329527328780e+00
1.900000000000000e+00	9.801764967017959e+00
1.900000000000000e+00	9.679459631286301e+00
1.900000000000000e+00	9.542385641722598e+00
1.900000000000000e+00	9.379808273462107e+00
1.900000000000000e+00	9.599449088378508e+00
1.900000000000000e+00	9.461609078807072e+00
1.900000000000000e+00	9.682295917971283e+00
1.900000000000000e+00	9.672083712269501e+00
1.900000000000000e+00	9.544348300525108e+00
1.900000000000000e+00	9.474139116596117e+00
1.900000000000000e+00	9.480010486399019e+00
1.900000000000000e+00	9.613541195570599e+00
1.900000000000000e+00	9.576637572208913e+00
1.900000000000000e+00	9.754788936374515e+00
1.900000000000000e+00	9.613020366684118e+00
1.900000000000000e+00	9.572911233791292e+00
1.900000000000000e+00	9.539086486551717e+00
1.900000000000000e+00	9.694277489753464e+00
1.900000000000000e+00	9.549748148173336e+00
1.900000000000000e+00	9.592908776197923e+00
1.900000000000000e+00	9.655282534720934e+00
1.900000000000000e+00	9.553737903120680e+00
1.900000000000000e+00	9.578306053858956e+00
1.900000000000000e+00	9.446632129960424e+00
1.900000000000000e+00	9.562772234012431e+00
1.900000000000000e+00	9.616989518010207e+00
1.900000000000000e+00	9.641523553734221e+00
1.900000000000000e+00	9.767046633303682e+00
1.900000000000000e+00	9.611558400704951e+00
1.900000000000000e+00	9.706923850276720e+00
1.900000000000000e+00	9.565071037458642e+00
1.900000000000000e+00	9.545570631797640e+00
1.900000000000000e+00	9.636836009986897e+00
1.900000000000000e+00	9.540003258607673e+00
1.900000000000000e+00	9.522790320956586e+00
1.900000000000000e+00	9.575879745541283e+00
1.900000000000000e+00	9.620760942786925e+00
1.900000000000000e+00	9.592880936856620e+00
1.900000000000000e+00	9.775210197185569e+00
1.900000000000000e+00	9.526382531155967e+00
1.900000000000000e+00	9.749958553200591e+00
1.900000000000000e+00	9.569165143516651e+00
1.900000000000000e+00	9.543066198599572e+00
1.900000000000000e+00	9.807529484713399e+00
1.900000000000000e+00	9.722903871146480e+00
1.900000000000000e+00	9.679022837369139e+00
1.900000000000000e+00	9.649209896695977e+00
1.900000000000000e+00	9.706579477880812e+00
1.900000000000000e+00	9.851491751139427e+00
1.900000000000000e+00	9.563041793073843e+00
1.900000000000000e+00	9.683367200982566e+00
1.900000000000000e+00	9.746428361599341e+00
1.900000000000000e+00	9.611052332046722e+00
1.900000000000000e+00	9.444756395215673e+00
1.900000000000000e+00	9.842197906639013e+00
1.900000000000000e+00	9.672372015752106e+00
1.900000000000000e+00	9.696933450415937e+00
1.900000000000000e+00	9.632514824751933e+00
1.900000000000000e+00	9.761706191777369e+00
1.900000000000000e+00	9.647123782663702e+00
1.900000000000000e+00	9.669875807104088e+00
1.900000000000000e+00	9.637127151044737e+00
1.900000000000000e+00	9.611112820158528e+00
1.900000000000000e+00	9.748417776537138e+00
1.900000000000000e+00	9.513019015733029e+00
1.900000000000000e+00	9.695215765621311e+00
1.900000000000000e+00	9.490315398878074e+00
1.900000000000000e+00	9.732452146236222e+00
1.900000000000000e+00	9.673294331572315e+00
1.900000000000000e+00	9.684461250191255e+00
1.900000000000000e+00	9.533843583425835e+00
1.900000000000000e+00	9.682627994477068e+00
1.900000000000000e+00	9.626048703206076e+00
1.900000000000000e+00	9.501657331358777e+00
1.900000000000000e+00	9.665748830478012e+00
1.900000000000000e+00	9.689116751719288e+00
1.900000000000000e+00	9.728023986705859e+00
1.900000000000000e+00	9.662137625204380e+00
1.900000000000000e+00	9.698024409937069e+00
1.900000000000000e+00	9.589175068017409e+00
1.900000000000000e+00	9.805104550078855e+00
1.900000000000000e+00	9.533770492306934e+00
1.900000000000000e+00	9.675148010336535e+00
1.900000000000000e+00	9.530957585256967e+00
1.900000000000000e+00	9.586142533705249e+00
1.900000000000000e+00	9.604731060735078e+00
1.900000000000000e+00	9.610129954190917e+00
1.900000000000000e+00	9.689912354836114e+00
1.900000000000000e+00	9.627475711455283e+00
1.900000000000000e+00	9.601290325027277e+00
1.900000000000000e+00	9.712735676161300e+00
1.900000000000000e+00	9.543674346132050e+00
1.900000000000000e+00	9.669091611641797e+00
1.900000000000000e+00	9.648800229529716e+00
1.900000000000000e+00	9.577575635452648e+00
1.900000000000000e+00	9.696436095620593e+00
1.900000000000000e+00	9.715909415336053e+00
1.900000000000000e+00	9.648987374129563e+00
1.900000000000000e+00	9.792326721958245e+00
1.900000000000000e+00	9.511195423303796e+00
1.900000000000000e+00	9.561458422222781e+00
1.900000000000000e+00	9.586016385853142e+00
1.900000000000000e+00	9.784209500875248e+00
1.900000000000000e+00	9.761407934215232e+00
1.900000000000000e+00	9.709422089856524e+00
1.900000000000000e+00	9.532402390885107e+00
1.900000000000000e+00	9.642125668116963e+00
1.900000000000000e+00	9.672740444525594e+00
1.900000000000000e+00	9.581235152246235e+00
1.900000000000000e+00	9.654327830041813e+00
1.900000000000000e+00	9.656352591811316e+00
1.900000000000000e+00	9.450587587466572e+00
1.900000000000000e+00	9.659970476323208e+00
1.900000000000000e+00	9.726525289156410e+00
1.900000000000000e+00	9.740297126950169e+00
1.900000000000000e+00	9.669627523830535e+00
1.900000000000000e+00	9.642522187728826e+00
1.900000000000000e+00	9.788453743354536e+00
1.900000000000000e+00	9.758750373299600e+00
1.900000000000000e+00	9.566860086017995e+00
1.900000000000000e+00	9.791497487074899e+00
1.900000000000000e+00	9.575943832006613e+00
1.900000000000000e+00	9.507453965492768e+00
1.900000000000000e+00	9.776467169810088e+00
1.900000000000000e+00	9.776015351102391e+00
1.900000000000000e+00	9.674744207759165e+00
1.900000000000000e+00	9.570319597292320e+00
1.900000000000000e+00	9.751636628709614e+00
1.900000000000000e+00	9.620436262076378e+00
1.900000000000000e+00	9.592460429914297e+00
1.900000000000000e+00	9.744864420497606e+00
1.900000000000000e+00	9.641950634145697e+00
1.900000000000000e+00	9.358933366609126e+00
1.900000000000000e+00	9.741859750458671e+00
1.900000000000000e+00	9.765192743847816e+00
1.900000000000000e+00	9.770497300207701e+00
1.900000000000000e+00	9.676339505909681e+00
1.900000000000000e+00	9.479944242336856e+00
1.900000000000000e+00	9.694941965122496e+00
1.900000000000000e+00	9.679928452789397e+00
1.900000000000000e+00	9.692887015741091e+00
1.900000000000000e+00	9.602642424144145e+00
1.900000000000000e+00	9.481588148187047e+00
1.900000000000000e+00	9.470267940560078e+00
1.900000000000000e+00	9.467160915306092e+00
1.900000000000000e+00	9.652282781632412e+00
1.900000000000000e+00	9.502597662643558e+00
1.900000000000000e+00	9.641032474726732e+00
1.900000000000000e+00	9.454745395822874e+00
1.900000000000000e+00	9.574382082650187e+00
1.900000000000000e+00	9.576418101032218e+00
1.900000000000000e+00	9.559736212039615e+00
1.900000000000000e+00	9.684581492826558e+00
1.900000000000000e+00	9.779361645036964e+00
1.900000000000000e+00	9.688773580835932e+00
1.900000000000000e+00	9.836754450185001e+00
1.900000000000000e+00	9.588393865273932e+00
1.900000000000000e+00	9.604500952547362e+00
1.900000000000000e+00	9.547602672059091e+00
1.900000000000000e+00	9.635909786895702e+00
1.900000000000000e+00	9.621862225292567e+00
1.900000000000000e+00	9.739980717977794e+00
1.900000000000000e+00	9.648107027039035e+00
1.900000000000000e+00	9.523565165737297e+00
1.900000000000000e+00	9.626336432466299e+00
1.900000000000000e+00	9.794776797087547e+00
1.900000000000000e+00	9.561791358205530e+00
1.900000000000000e+00	9.732960430687038e+00
1.900000000000000e+00	9.795062069094545e+00
1.900000000000000e+00	9.558698496112335e+00
1.900000000000000e+00	9.663293742667504e+00
1.900000000000000e+00	9.556738464724818e+00
1.900000000000000e+00	9.708709353864993e+00
1.900000000000000e+00	9.587728797988090e+00
1.900000000000000e+00	9.875565959301614e+00
1.900000000000000e+00	9.728499851965694e+00
1.900000000000000e+00	9.581718131001615e+00
1.900000000000000e+00	9.648169523762171e+00
1.900000000000000e+00	9.616742857539549e+00
1.900000000000000e+00	9.800985392231100e+00
1.900000000000000e+00	9.583711075914989e+00
1.900000000000000e+00	9.457567765228383e+00
1.900000000000000e+00	9.740083508076761e+00
1.900000000000000e+00	9.502689737462344e+00
1.900000000000000e+00	9.479978496846536e+00
1.900000000000000e+00	9.530458184292222e+00
1.900000000000000e+00	9.762952964774009e+00
1.900000000000000e+00	9.647429298225873e+00
1.900000000000000e+00	9.488707216085396e+00
1.900000000000000e+00	9.506821856114673e+00
1.900000000000000e+00	9.575062516456672e+00
1.900000000000000e+00	9.738635129935151e+00
1.900000000000000e+00	9.791485917203364e+00
