3.550000000000000e+00	1.011175186545840e+00
3.550000000000000e+00	9.776881924739940e-01
3.550000000000000e+00	1.050533943055487e+00
3.550000000000000e+00	1.038290646309151e+00
3.550000000000000e+00	1.037833609930588e+00
3.550000000000000e+00	9.647177101440869e-01
3.550000000000000e+00	9.928861632094647e-01
3.550000000000000e+00	1.024797364385439e+00
3.550000000000000e+00	9.195330044575053e-01
3.550000000000000e+00	9.462531306476856e-01
3.550000000000000e+00	1.034123799652194e+00
3.550000000000000e+00	9.400930084270335e-01
3.550000000000000e+00	9.411541134364335e-01
3.550000000000000e+00	1.063417567906051e+00
3.550000000000000e+00	1.033338838060573e+00
3.550000000000000e+00	1.011914255500147e+00
3.550000000000000e+00	9.777060205749801e-01
3.550000000000000e+00	1.006304852711420e+00
3.550000000000000e+00	1.058498141956135e+00
3.550000000000000e+00	9.869271748481813e-01
3.550000000000000e+00	9.863757950828129e-01
3.550000000000000e+00	9.500483245097155e-01
3.550000000000000e+00	1.041735795820778e+00
3.550000000000000e+00	1.037116936205712e+00
3.550000000000000e+00	1.119205325815718e+00
3.550000000000000e+00	1.049829512108338e+00
3.550000000000000e+00	1.125365589764820e+00
3.550000000000000e+00	1.020113529145721e+00
3.550000000000000e+00	9.901447436849443e-01
3.550000000000000e+00	9.784976373939529e-01
3.550000000000000e+00	9.985872384149880e-01
3.550000000000000e+00	9.916260883277566e-01
3.550000000000000e+00	9.745789330185211e-01
3.550000000000000e+00	1.070526350301461e+00
3.550000000000000e+00	9.657603434780547e-01
3.550000000000000e+00	1.016279901412455e+00
3.550000000000000e+00	9.521370558678799e-01
3.550000000000000e+00	1.033088995640823e+00
3.550000000000000e+00	1.005731253234327e+00
3.550000000000000e+00	9.894914370595251e-01
3.550000000000000e+00	9.640980209011584e-01
3.550000000000000e+00	1.030075998042755e+00
3.550000000000000e+00	1.044006453144107e+00
3.550000000000000e+00	9.991483223271359e-01
3.550000000000000e+00	1.048908568367007e+00
3.550000000000000e+00	9.685873795581531e-01
3.550000000000000e+00	1.076461041514475e+00
3.550000000000000e+00	9.476162474825124e-01
3.550000000000000e+00	1.031624167826693e+00
3.550000000000000e+00	9.786947503762613e-01
3.550000000000000e+00	1.057443765911158e+00
3.550000000000000e+00	9.118092906992288e-01
3.550000000000000e+00	1.064032908009215e+00
3.550000000000000e+00	1.067910407190397e+00
3.550000000000000e+00	9.079966508620733e-01
3.550000000000000e+00	1.050442318097095e+00
3.550000000000000e+00	1.037644636614180e+00
3.550000000000000e+00	9.284290949723853e-01
3.550000000000000e+00	9.694262787077100e-01
3.550000000000000e+00	9.686877393870350e-01
3.550000000000000e+00	8.917916298196891e-01
3.550000000000000e+00	9.497489299928782e-01
3.550000000000000e+00	1.024728437094614e+00
3.550000000000000e+00	9.555520845358776e-01
3.550000000000000e+00	1.081718107371763e+00
3.550000000000000e+00	1.091009632488778e+00
3.550000000000000e+00	9.795769724816089e-01
3.550000000000000e+00	1.034892421764774e+00
3.550000000000000e+00	9.897854297634396e-01
3.550000000000000e+00	1.059005531108316e+00
3.550000000000000e+00	9.240398025499510e-01
3.550000000000000e+00	9.935802335685052e-01
3.550000000000000e+00	9.540052373651094e-01
3.550000000000000e+00	9.668968360441235e-01
3.550000000000000e+00	1.054534691773279e+00
3.550000000000000e+00	9.749320569076427e-01
3.550000000000000e+00	9.081080758568910e-01
3.550000000000000e+00	1.036712143716828e+00
3.550000000000000e+00	1.048903564216115e+00
3.550000000000000e+00	1.112240849505304e+00
3.550000000000000e+00	9.498053038830588e-01
3.550000000000000e+00	9.070727187095659e-01
3.550000000000000e+00	1.034217680632211e+00
3.550000000000000e+00	1.073964775445008e+00
3.550000000000000e+00	1.046092134193531e+00
3.550000000000000e+00	1.066783179242812e+00
3.550000000000000e+00	1.047370554214632e+00
3.550000000000000e+00	9.431770466160844e-01
3.550000000000000e+00	1.016145011895643e+00
3.550000000000000e+00	1.002269987791914e+00
3.550000000000000e+00	1.028941772532182e+00
3.550000000000000e+00	1.067526127433359e+00
3.550000000000000e+00	1.006484924631158e+00
3.550000000000000e+00	9.855940801921979e-01
3.550000000000000e+00	1.027453502067912e+00
3.550000000000000e+00	1.096469665903594e+00
3.550000000000000e+00	9.503343166606577e-01
3.550000000000000e+00	9.565201640615841e-01
3.550000000000000e+00	9.882004788022509e-01
3.550000000000000e+00	1.105370742677794e+00
3.550000000000000e+00	1.025395033002465e+00
3.550000000000000e+00	1.002411850793435e+00
3.550000000000000e+00	9.944609202692857e-01
3.550000000000000e+00	1.011247557689758e+00
3.550000000000000e+00	1.052289882784284e+00
3.550000000000000e+00	9.633013437821175e-01
3.550000000000000e+00	9.809895018823770e-01
3.550000000000000e+00	9.906357596213209e-01
3.550000000000000e+00	1.089152433805499e+00
3.550000000000000e+00	1.100583296557529e+00
3.550000000000000e+00	9.913755008084519e-01
3.550000000000000e+00	9.321618129277714e-01
3.550000000000000e+00	9.810194469893629e-01
3.550000000000000e+00	1.038286771106668e+00
3.550000000000000e+00	1.102285888011898e+00
3.550000000000000e+00	9.964696190310691e-01
3.550000000000000e+00	9.421387901486689e-01
3.550000000000000e+00	1.070424361497072e+00
3.550000000000000e+00	1.154509762287953e+00
3.550000000000000e+00	9.323277702301526e-01
3.550000000000000e+00	1.058617959309196e+00
3.550000000000000e+00	1.048510388630136e+00
3.550000000000000e+00	1.026792115378417e+00
3.550000000000000e+00	9.524392592806118e-01
3.550000000000000e+00	1.032660796772110e+00
3.550000000000000e+00	1.084222703940108e+00
3.550000000000000e+00	9.499501073996204e-01
3.550000000000000e+00	1.045337437265144e+00
3.550000000000000e+00	9.225407840444946e-01
3.550000000000000e+00	9.861500159982233e-01
3.550000000000000e+00	1.045035857539523e+00
3.550000000000000e+00	1.032606240195743e+00
3.550000000000000e+00	1.067568097174671e+00
3.550000000000000e+00	9.507676444733815e-01
3.550000000000000e+00	1.036386834404370e+00
3.550000000000000e+00	9.403339157216054e-01
3.550000000000000e+00	1.054659736469312e+00
3.550000000000000e+00	9.607090747431570e-01
3.550000000000000e+00	9.530380819463625e-01
3.550000000000000e+00	9.714692195008418e-01
3.550000000000000e+00	9.526683801978012e-01
3.550000000000000e+00	9.584441606949839e-01
3.550000000000000e+00	1.049805075805831e+00
3.550000000000000e+00	9.885284814169429e-01
3.550000000000000e+00	1.031233241609901e+00
3.550000000000000e+00	9.585602467108230e-01
3.550000000000000e+00	1.037943754703653e+00
3.550000000000000e+00	9.282926394145669e-01
3.550000000000000e+00	1.036832586004457e+00
3.550000000000000e+00	9.407158566639269e-01
3.550000000000000e+00	9.158166968028481e-01
3.550000000000000e+00	1.011584036853743e+00
3.550000000000000e+00	9.482591345938564e-01
3.550000000000000e+00	9.672386104072153e-01
3.550000000000000e+00	9.812768915353460e-01
3.550000000000000e+00	9.682470487167625e-01
3.550000000000000e+00	9.144160467621476e-01
3.550000000000000e+00	9.958758643828565e-01
3.550000000000000e+00	9.480388482728832e-01
3.550000000000000e+00	1.022264939735326e+00
3.550000000000000e+00	1.084897631529419e+00
3.550000000000000e+00	1.046365072199958e+00
3.550000000000000e+00	1.113708892920033e+00
3.550000000000000e+00	1.019027990611178e+00
3.550000000000000e+00	1.110177818662722e+00
3.550000000000000e+00	1.004188627801637e+00
3.550000000000000e+00	1.102862535690572e+00
3.550000000000000e+00	9.419250675634447e-01
3.550000000000000e+00	9.645858485090393e-01
3.550000000000000e+00	1.003618982817039e+00
3.550000000000000e+00	1.026152277085393e+00
3.550000000000000e+00	1.086369276395568e+00
3.550000000000000e+00	1.077521262966977e+00
3.550000000000000e+00	9.932318078833831e-01
3.550000000000000e+00	1.105722274450362e+00
3.550000000000000e+00	9.646331733371465e-01
3.550000000000000e+00	1.020091183070764e+00
3.550000000000000e+00	9.896743732522456e-01
3.550000000000000e+00	9.979863114410269e-01
3.550000000000000e+00	9.388481306719196e-01
3.550000000000000e+00	1.060462161204243e+00
3.550000000000000e+00	9.880870093834572e-01
3.550000000000000e+00	9.453758772426351e-01
3.550000000000000e+00	1.073131350770820e+00
3.550000000000000e+00	9.143920729032801e-01
3.550000000000000e+00	9.671137172140909e-01
3.550000000000000e+00	1.080516909519524e+00
3.550000000000000e+00	9.806866397697654e-01
3.550000000000000e+00	1.049561860642388e+00
3.550000000000000e+00	1.047037184012793e+00
3.550000000000000e+00	9.986907134400085e-01
3.550000000000000e+00	1.009346957073278e+00
3.550000000000000e+00	1.000621770162956e+00
3.550000000000000e+00	9.607960834602738e-01
3.550000000000000e+00	9.843456977437859e-01
3.550000000000000e+00	9.784756344206869e-01
3.550000000000000e+00	1.032874176612921e+00
3.550000000000000e+00	1.060870704957111e+00
3.550000000000000e+00	9.729578496408964e-01
3.550000000000000e+00	1.011547448761390e+00
3.550000000000000e+00	1.092387974047999e+00
3.550000000000000e+00	1.008315430409878e+00
3.550000000000000e+00	9.761203708300341e-01
3.550000000000000e+00	1.085798160637492e+00
3.550000000000000e+00	1.056528764909440e+00
3.550000000000000e+00	9.956511547796977e-01
3.550000000000000e+00	9.916291450867043e-01
3.550000000000000e+00	9.793910888352447e-01
3.550000000000000e+00	1.029035336662183e+00
3.550000000000000e+00	9.494627909704111e-01
3.550000000000000e+00	9.686469324872570e-01
3.550000000000000e+00	9.798258132450597e-01
3.550000000000000e+00	9.863110531843360e-01
3.550000000000000e+00	9.824873963150627e-01
3.550000000000000e+00	1.054979301736162e+00
3.550000000000000e+00	1.032849338728882e+00
3.550000000000000e+00	1.057691184586296e+00
3.550000000000000e+00	1.008119305548242e+00
3.550000000000000e+00	1.027878579410194e+00
3.550000000000000e+00	1.034596334007860e+00
3.550000000000000e+00	9.836254988646858e-01
3.550000000000000e+00	1.104346918362422e+00
3.550000000000000e+00	1.063152855961365e+00
3.550000000000000e+00	9.934714142218597e-01
3.550000000000000e+00	9.724074473039632e-01
3.550000000000000e+00	1.066006854200564e+00
3.550000000000000e+00	1.002894609590667e+00
3.550000000000000e+00	1.030005868208774e+00
3.550000000000000e+00	1.130595882406763e+00
3.550000000000000e+00	9.435987119561531e-01
3.550000000000000e+00	1.063173112337209e+00
3.550000000000000e+00	1.044694508944425e+00
3.550000000000000e+00	1.024598651803979e+00
3.550000000000000e+00	9.651461575688525e-01
3.550000000000000e+00	9.268309854974940e-01
3.550000000000000e+00	1.014913805498179e+00
3.550000000000000e+00	1.049785999573599e+00
3.550000000000000e+00	1.057562181364539e+00
3.550000000000000e+00	9.892555808446970e-01
3.550000000000000e+00	9.414656786350288e-01
3.550000000000000e+00	9.732556661180699e-01
3.550000000000000e+00	9.663663555075115e-01
3.550000000000000e+00	9.555614717368419e-01
3.550000000000000e+00	1.009575888837039e+00
3.550000000000000e+00	1.018923982102118e+00
3.550000000000000e+00	8.873697213691984e-01
3.550000000000000e+00	9.748732970058074e-01
3.550000000000000e+00	1.032666076668251e+00
3.550000000000000e+00	9.536632789649417e-01
3.550000000000000e+00	1.034815196253663e+00
3.550000000000000e+00	1.033833878253851e+00
3.550000000000000e+00	1.005064946543954e+00
3.550000000000000e+00	9.678671527207204e-01
3.550000000000000e+00	9.840743178647149e-01
3.550000000000000e+00	1.038612647978736e+00
3.550000000000000e+00	9.459812407266484e-01
3.550000000000000e+00	1.022090275302361e+00
3.550000000000000e+00	1.023501750018681e+00
3.550000000000000e+00	1.006318258590736e+00
3.550000000000000e+00	9.870228403690290e-01
3.550000000000000e+00	1.017476153666979e+00
3.550000000000000e+00	1.028508909756284e+00
3.550000000000000e+00	9.414869713059509e-01
3.550000000000000e+00	9.579897797095888e-01
3.550000000000000e+00	1.084232208359301e+00
3.550000000000000e+00	9.842102691280262e-01
3.550000000000000e+00	9.660168550087090e-01
3.550000000000000e+00	9.782237196119880e-01
3.550000000000000e+00	1.003535079131068e+00
3.550000000000000e+00	9.444652170507986e-01
3.550000000000000e+00	1.045218508744254e+00
3.550000000000000e+00	9.872941446519184e-01
3.550000000000000e+00	8.729345428164619e-01
3.550000000000000e+00	1.024736294838178e+00
3.550000000000000e+00	9.823012537469031e-01
3.550000000000000e+00	9.902971041931814e-01
3.550000000000000e+00	9.707705896495556e-01
3.550000000000000e+00	9.798540563977034e-01
3.550000000000000e+00	1.000941130884154e+00
3.550000000000000e+00	1.045525737654274e+00
3.550000000000000e+00	9.979494467044975e-01
3.550000000000000e+00	9.368664423767854e-01
3.550000000000000e+00	9.914275604032370e-01
3.550000000000000e+00	9.837420391641141e-01
3.550000000000000e+00	1.062056403166276e+00
3.550000000000000e+00	1.004488705793648e+00
3.550000000000000e+00	9.808500638869837e-01
3.550000000000000e+00	1.026323368052562e+00
3.550000000000000e+00	1.052495243414969e+00
3.550000000000000e+00	9.712075651387607e-01
3.550000000000000e+00	1.030263266911587e+00
3.550000000000000e+00	1.068863656156454e+00
3.550000000000000e+00	9.310737608333376e-01
3.550000000000000e+00	1.014352836639072e+00
3.550000000000000e+00	1.017156818267185e+00
3.550000000000000e+00	8.998258660420890e-01
3.550000000000000e+00	9.526190814445622e-01
3.550000000000000e+00	1.052708224207543e+00
3.550000000000000e+00	9.848927517796973e-01
3.550000000000000e+00	9.856564522705578e-01
3.550000000000000e+00	9.697648946787111e-01
3.550000000000000e+00	9.475510326216557e-01
3.550000000000000e+00	1.047087508912516e+00
3.550000000000000e+00	1.000165376867129e+00
3.550000000000000e+00	9.553233189948873e-01
3.550000000000000e+00	8.552412772625548e-01
3.550000000000000e+00	9.634292218020453e-01
3.550000000000000e+00	9.443899862994822e-01
3.550000000000000e+00	1.040024885803845e+00
3.550000000000000e+00	1.023498526083875e+00
3.550000000000000e+00	9.577344109980314e-01
3.550000000000000e+00	9.196513825540378e-01
3.550000000000000e+00	9.248781664693930e-01
3.550000000000000e+00	1.061068951722827e+00
3.550000000000000e+00	1.011027384987085e+00
3.550000000000000e+00	1.028750353959541e+00
3.550000000000000e+00	9.954905825934387e-01
3.550000000000000e+00	9.913984953012049e-01
3.550000000000000e+00	1.008936804599738e+00
3.550000000000000e+00	9.458764198362006e-01
3.550000000000000e+00	9.910136854665538e-01
3.550000000000000e+00	1.066597106975262e+00
3.550000000000000e+00	1.063739090028017e+00
3.550000000000000e+00	1.069828588489798e+00
3.550000000000000e+00	8.673488386929767e-01
3.550000000000000e+00	1.015120019942269e+00
3.550000000000000e+00	1.042220641355808e+00
3.550000000000000e+00	1.018862324032131e+00
3.550000000000000e+00	1.031848011926463e+00
3.550000000000000e+00	9.537101290541223e-01
3.550000000000000e+00	9.839904365418081e-01
3.550000000000000e+00	9.606045894874274e-01
3.550000000000000e+00	9.856840704065928e-01
3.550000000000000e+00	9.527931617244891e-01
3.550000000000000e+00	9.725513882163055e-01
3.550000000000000e+00	1.031610637632839e+00
3.550000000000000e+00	9.863349627863663e-01
3.550000000000000e+00	8.568373019672149e-01
3.550000000000000e+00	9.937960016951127e-01
3.550000000000000e+00	1.032872959218092e+00
3.550000000000000e+00	1.027094601840521e+00
3.550000000000000e+00	9.477615790133629e-01
3.550000000000000e+00	1.058338297114162e+00
3.550000000000000e+00	9.618565157121308e-01
3.550000000000000e+00	9.949125592997234e-01
3.550000000000000e+00	9.612079786947736e-01
3.550000000000000e+00	1.066251562425558e+00
3.550000000000000e+00	9.771907429330171e-01
3.550000000000000e+00	1.064507792244591e+00
3.550000000000000e+00	1.087175217680106e+00
3.550000000000000e+00	9.935969954903663e-01
3.550000000000000e+00	9.807032148722704e-01
3.550000000000000e+00	9.580787827583995e-01
3.550000000000000e+00	1.019377162415577e+00
3.550000000000000e+00	9.671520589474953e-01
3.550000000000000e+00	9.940929082438360e-01
3.550000000000000e+00	1.052468770720807e+00
3.550000000000000e+00	1.051036418690990e+00
3.550000000000000e+00	9.987490540537798e-01
3.550000000000000e+00	9.680536494519000e-01
3.550000000000000e+00	9.259248086803922e-01
3.550000000000000e+00	1.004547258774125e+00
3.550000000000000e+00	1.011967353560723e+00
3.550000000000000e+00	9.324440952327374e-01
3.550000000000000e+00	1.075203368241176e+00
3.550000000000000e+00	1.053271808968377e+00
3.550000000000000e+00	1.011535869873704e+00
3.550000000000000e+00	1.045072572311794e+00
3.550000000000000e+00	1.009565039516633e+00
3.550000000000000e+00	9.465728574056649e-01
3.550000000000000e+00	9.766347792107641e-01
3.550000000000000e+00	1.021408991975024e+00
3.550000000000000e+00	9.883070556411704e-01
3.550000000000000e+00	9.706846611163594e-01
3.550000000000000e+00	9.361684015477348e-01
3.550000000000000e+00	9.974600940703129e-01
3.550000000000000e+00	1.018409201526730e+00
3.550000000000000e+00	1.004617062310281e+00
3.550000000000000e+00	9.283539736749168e-01
3.550000000000000e+00	9.970750184913246e-01
3.550000000000000e+00	1.093966515011715e+00
3.550000000000000e+00	9.973391816833621e-01
3.550000000000000e+00	9.887122427158856e-01
3.550000000000000e+00	9.457730030916772e-01
3.550000000000000e+00	1.031990796314425e+00
3.550000000000000e+00	9.374945522445919e-01
3.550000000000000e+00	9.668689387346844e-01
3.550000000000000e+00	9.833549879074599e-01
3.550000000000000e+00	1.008492337005979e+00
3.550000000000000e+00	1.114756926331629e+00
3.550000000000000e+00	1.051431684595038e+00
3.550000000000000e+00	9.465084184020403e-01
3.550000000000000e+00	9.698355122895235e-01
3.550000000000000e+00	1.014652713899177e+00
3.550000000000000e+00	1.052686451923496e+00
3.550000000000000e+00	9.387050966306678e-01
3.550000000000000e+00	9.020350427100255e-01
3.550000000000000e+00	1.054242251700054e+00
3.550000000000000e+00	9.889452316214263e-01
3.550000000000000e+00	1.060717774829506e+00
3.550000000000000e+00	1.072592930127084e+00
3.550000000000000e+00	9.335346265163460e-01
3.550000000000000e+00	1.002642920501752e+00
3.550000000000000e+00	9.615115366033502e-01
3.550000000000000e+00	9.265945838327431e-01
3.550000000000000e+00	1.031709948930882e+00
3.550000000000000e+00	1.043869950420051e+00
3.550000000000000e+00	9.852227631878095e-01
3.550000000000000e+00	1.026240175012702e+00
3.550000000000000e+00	1.003604538212042e+00
3.550000000000000e+00	1.008831777365147e+00
3.550000000000000e+00	1.043906659217271e+00
3.550000000000000e+00	1.032620906550384e+00
3.550000000000000e+00	9.961489964105619e-01
3.550000000000000e+00	8.740044517012808e-01
3.550000000000000e+00	9.549957372898992e-01
3.550000000000000e+00	1.011996086366891e+00
3.550000000000000e+00	1.078531332664530e+00
3.550000000000000e+00	1.024610494218092e+00
3.550000000000000e+00	9.401954262402639e-01
3.550000000000000e+00	9.923191325812502e-01
3.550000000000000e+00	9.488550841493244e-01
3.550000000000000e+00	1.031245486160143e+00
3.550000000000000e+00	1.055718500421446e+00
3.550000000000000e+00	9.824920933964223e-01
3.550000000000000e+00	9.429181033105407e-01
3.550000000000000e+00	9.656552242726640e-01
3.550000000000000e+00	9.890351942264984e-01
3.550000000000000e+00	1.032083525123250e+00
3.550000000000000e+00	1.035900608890460e+00
3.550000000000000e+00	9.625745298816913e-01
3.550000000000000e+00	9.628586269098148e-01
3.550000000000000e+00	8.770758936679690e-01
3.550000000000000e+00	1.113020357721868e+00
3.550000000000000e+00	1.000819965777628e+00
3.550000000000000e+00	1.123886552982536e+00
3.550000000000000e+00	1.008061374313658e+00
3.550000000000000e+00	1.020290969980924e+00
3.550000000000000e+00	1.044266415839210e+00
3.550000000000000e+00	1.105948613759749e+00
3.550000000000000e+00	9.926956062810866e-01
3.550000000000000e+00	1.050778302089520e+00
3.550000000000000e+00	9.217404420790715e-01
3.550000000000000e+00	1.049088394756059e+00
3.550000000000000e+00	9.090044064856858e-01
3.550000000000000e+00	9.315931204556333e-01
3.550000000000000e+00	9.866559254100739e-01
3.550000000000000e+00	1.041767789474505e+00
3.550000000000000e+00	9.992983269118537e-01
3.550000000000000e+00	1.000416307814046e+00
3.550000000000000e+00	9.805291937079467e-01
3.550000000000000e+00	9.627434650608653e-01
3.550000000000000e+00	9.642400192240542e-01
3.550000000000000e+00	9.962498752619028e-01
3.550000000000000e+00	9.136917763685284e-01
3.550000000000000e+00	1.015189087289025e+00
3.550000000000000e+00	9.934875045668099e-01
3.550000000000000e+00	9.839972910879878e-01
3.550000000000000e+00	1.027782627640073e+00
3.550000000000000e+00	1.080670940522840e+00
3.550000000000000e+00	1.008820247166194e+00
3.550000000000000e+00	1.010061248784182e+00
3.550000000000000e+00	9.932021127279298e-01
3.550000000000000e+00	9.910175912099900e-01
3.550000000000000e+00	1.031021453081761e+00
3.550000000000000e+00	1.018817229585631e+00
3.550000000000000e+00	9.432480122357733e-01
3.550000000000000e+00	9.272806795547582e-01
3.550000000000000e+00	1.013230681712323e+00
3.550000000000000e+00	1.072892977844305e+00
3.550000000000000e+00	9.885435700822915e-01
3.550000000000000e+00	1.051735315991456e+00
3.550000000000000e+00	1.043054046531339e+00
3.550000000000000e+00	1.076846743617182e+00
3.550000000000000e+00	9.540617226147329e-01
3.550000000000000e+00	1.059454552711446e+00
3.550000000000000e+00	9.355496471506032e-01
3.550000000000000e+00	9.478474983735334e-01
3.550000000000000e+00	9.872464911112869e-01
3.550000000000000e+00	1.012459405425462e+00
3.550000000000000e+00	9.697004966499959e-01
3.550000000000000e+00	1.088021833780940e+00
3.550000000000000e+00	9.706027700038135e-01
3.550000000000000e+00	9.198487485796150e-01
3.550000000000000e+00	1.067683263033914e+00
3.550000000000000e+00	1.019430617240849e+00
3.550000000000000e+00	1.084777376263218e+00
3.550000000000000e+00	1.019767099022226e+00
3.550000000000000e+00	1.042763137605487e+00
3.550000000000000e+00	9.998786485934075e-01
3.550000000000000e+00	9.953100042371866e-01
3.550000000000000e+00	1.066193361596980e+00
3.550000000000000e+00	1.037586035169382e+00
3.550000000000000e+00	9.701285921807654e-01
3.550000000000000e+00	9.857221822453678e-01
3.550000000000000e+00	9.135318646471071e-01
3.550000000000000e+00	9.202326866365496e-01
3.550000000000000e+00	1.049086531861508e+00
3.550000000000000e+00	9.427973827255338e-01
3.550000000000000e+00	1.049918929844860e+00
3.550000000000000e+00	1.017165129540116e+00
3.550000000000000e+00	1.007288282899358e+00
3.550000000000000e+00	9.842480022437380e-01
3.550000000000000e+00	8.925839487611048e-01
3.550000000000000e+00	9.803621248224620e-01
3.550000000000000e+00	1.046261864806203e+00
3.550000000000000e+00	1.022747277001104e+00
3.550000000000000e+00	1.023296156564696e+00
3.550000000000000e+00	1.058648696833754e+00
3.550000000000000e+00	9.967921414945261e-01
3.550000000000000e+00	9.820836809476559e-01
3.550000000000000e+00	9.706085772424019e-01
3.550000000000000e+00	1.002559810687033e+00
3.550000000000000e+00	1.003197417071125e+00
3.550000000000000e+00	9.758622726230568e-01
3.550000000000000e+00	9.672047984341923e-01
3.550000000000000e+00	9.884623461487528e-01
3.550000000000000e+00	9.474151969209132e-01
3.550000000000000e+00	1.125299308139744e+00
3.550000000000000e+00	1.027267323441526e+00
3.550000000000000e+00	1.064455407736372e+00
3.550000000000000e+00	9.458965761273490e-01
3.550000000000000e+00	1.044702268792872e+00
3.550000000000000e+00	9.215636556251796e-01
3.550000000000000e+00	9.399480393877238e-01
3.550000000000000e+00	9.912365025352519e-01
3.550000000000000e+00	9.797471107902934e-01
3.550000000000000e+00	9.760219462409303e-01
3.550000000000000e+00	1.022297049804827e+00
3.550000000000000e+00	9.952996925723765e-01
3.550000000000000e+00	9.947375622029425e-01
3.550000000000000e+00	1.056628409414415e+00
3.550000000000000e+00	1.056176961153348e+00
3.550000000000000e+00	1.031955941910281e+00
3.550000000000000e+00	9.745234381258135e-01
3.550000000000000e+00	9.246954307416425e-01
3.550000000000000e+00	9.148592757235439e-01
3.550000000000000e+00	9.648428330877794e-01
3.550000000000000e+00	1.036975495544309e+00
3.550000000000000e+00	9.392028739417458e-01
3.550000000000000e+00	1.010863452746424e+00
3.550000000000000e+00	1.048583550660985e+00
3.550000000000000e+00	9.686652783004683e-01
3.550000000000000e+00	1.010502923740377e+00
3.550000000000000e+00	1.035411900148804e+00
3.550000000000000e+00	1.041423330904793e+00
3.550000000000000e+00	1.021749513753558e+00
3.550000000000000e+00	1.009946379045524e+00
3.550000000000000e+00	1.106008429072612e+00
3.550000000000000e+00	1.106651705477012e+00
3.550000000000000e+00	1.095954714519671e+00
3.550000000000000e+00	1.014440690384888e+00
3.550000000000000e+00	9.522124087531265e-01
3.550000000000000e+00	9.650570342998321e-01
3.550000000000000e+00	9.751445921744880e-01
3.550000000000000e+00	9.664620739401270e-01
3.550000000000000e+00	9.861852178170114e-01
3.550000000000000e+00	1.062658357716225e+00
3.550000000000000e+00	1.073306674412024e+00
3.550000000000000e+00	1.011407733639448e+00
3.550000000000000e+00	1.024833899930008e+00
3.550000000000000e+00	9.910365684126083e-01
3.550000000000000e+00	1.085038830871876e+00
3.550000000000000e+00	1.027134020679669e+00
3.550000000000000e+00	1.005611906443815e+00
3.550000000000000e+00	9.795824051671863e-01
3.550000000000000e+00	1.066336463036773e+00
3.550000000000000e+00	9.639796210830069e-01
3.550000000000000e+00	9.466212252789348e-01
3.550000000000000e+00	9.717013480126010e-01
3.550000000000000e+00	1.114734675093552e+00
3.550000000000000e+00	1.078981698068521e+00
3.550000000000000e+00	9.977847653727405e-01
3.550000000000000e+00	1.053465457888976e+00
3.550000000000000e+00	9.259787158243948e-01
3.550000000000000e+00	1.047860337096512e+00
3.550000000000000e+00	1.070261986685269e+00
3.550000000000000e+00	9.791582293738242e-01
3.550000000000000e+00	9.813304207461168e-01
3.550000000000000e+00	1.006715494941529e+00
3.550000000000000e+00	9.647968483416935e-01
3.550000000000000e+00	1.024418038989652e+00
3.550000000000000e+00	1.064427611783046e+00
3.550000000000000e+00	1.002901389999301e+00
3.550000000000000e+00	1.061551906320337e+00
3.550000000000000e+00	9.916720793612464e-01
3.550000000000000e+00	9.732911968586220e-01
3.550000000000000e+00	1.016880181139528e+00
3.550000000000000e+00	1.093777602752874e+00
3.550000000000000e+00	9.751309594040417e-01
3.550000000000000e+00	9.946313102508946e-01
3.550000000000000e+00	9.324584685967259e-01
3.550000000000000e+00	9.595525654464745e-01
3.550000000000000e+00	1.049351196316192e+00
3.550000000000000e+00	1.049341117282309e+00
3.550000000000000e+00	1.028142146230360e+00
3.550000000000000e+00	1.082474624796375e+00
3.550000000000000e+00	1.017427339141707e+00
3.550000000000000e+00	1.071344841003861e+00
3.550000000000000e+00	8.801028234744505e-01
3.550000000000000e+00	9.890619968257168e-01
3.550000000000000e+00	9.416255512983612e-01
3.550000000000000e+00	1.058672880811746e+00
3.550000000000000e+00	9.111311988604112e-01
3.550000000000000e+00	9.888070250468741e-01
3.550000000000000e+00	9.884989653938200e-01
3.550000000000000e+00	1.033869747431420e+00
3.550000000000000e+00	1.006436183817191e+00
3.550000000000000e+00	9.832416655021993e-01
3.550000000000000e+00	9.625327892604558e-01
3.550000000000000e+00	1.029123899082816e+00
3.550000000000000e+00	9.426145280781366e-01
3.550000000000000e+00	1.048804032275245e+00
3.550000000000000e+00	9.828591855345180e-01
3.550000000000000e+00	1.020424626010503e+00
3.550000000000000e+00	1.001935805187403e+00
3.550000000000000e+00	1.046186960321445e+00
3.550000000000000e+00	9.502086106337433e-01
3.550000000000000e+00	1.039855149410114e+00
3.550000000000000e+00	1.073142249414215e+00
3.550000000000000e+00	1.065542340155968e+00
3.550000000000000e+00	1.036775422956002e+00
3.550000000000000e+00	9.743631757976663e-01
3.550000000000000e+00	9.850338159073693e-01
3.550000000000000e+00	9.903325609053726e-01
3.550000000000000e+00	1.024984184666012e+00
3.550000000000000e+00	1.062486516956508e+00
3.550000000000000e+00	1.122299099925066e+00
3.550000000000000e+00	1.013651527302040e+00
3.550000000000000e+00	9.993507809676969e-01
3.550000000000000e+00	1.066709341812114e+00
3.550000000000000e+00	9.743704662108531e-01
3.550000000000000e+00	9.971046440740156e-01
3.550000000000000e+00	9.720324764346675e-01
3.550000000000000e+00	1.046222397929676e+00
3.550000000000000e+00	1.057580080642410e+00
3.550000000000000e+00	9.479167185744937e-01
3.550000000000000e+00	9.187923337382713e-01
3.550000000000000e+00	9.612450360335445e-01
3.550000000000000e+00	9.428161748414609e-01
3.550000000000000e+00	9.408467104588818e-01
3.550000000000000e+00	1.036840376412454e+00
3.550000000000000e+00	9.877783105101663e-01
3.550000000000000e+00	9.754949685050294e-01
3.550000000000000e+00	1.066466200626669e+00
3.550000000000000e+00	1.109517015405709e+00
3.550000000000000e+00	9.773733542904474e-01
3.550000000000000e+00	9.404535968269067e-01
3.550000000000000e+00	1.049049080830531e+00
3.550000000000000e+00	1.076388781354684e+00
3.550000000000000e+00	1.038135887019951e+00
3.550000000000000e+00	1.038029861017788e+00
3.550000000000000e+00	1.030819930305124e+00
3.550000000000000e+00	9.157456237361496e-01
3.550000000000000e+00	9.857363266669406e-01
3.550000000000000e+00	1.048594392858874e+00
3.550000000000000e+00	1.024199794952837e+00
3.550000000000000e+00	1.044310221171671e+00
3.550000000000000e+00	1.017772902120688e+00
3.550000000000000e+00	1.071884847513382e+00
3.550000000000000e+00	1.011259237200687e+00
3.550000000000000e+00	9.534287215650170e-01
3.550000000000000e+00	1.005901159409241e+00
3.550000000000000e+00	1.067346520688154e+00
3.550000000000000e+00	9.773221199939396e-01
3.550000000000000e+00	9.796888028793761e-01
3.550000000000000e+00	9.366457815360657e-01
3.550000000000000e+00	1.009196147293808e+00
3.550000000000000e+00	9.761315540559365e-01
3.550000000000000e+00	1.023135393075785e+00
3.550000000000000e+00	1.019384033388113e+00
3.550000000000000e+00	1.052203196402629e+00
3.550000000000000e+00	1.051783496623448e+00
3.550000000000000e+00	1.043197634426915e+00
3.550000000000000e+00	1.125031012024609e+00
3.550000000000000e+00	1.052019207975647e+00
3.550000000000000e+00	1.012000726417491e+00
3.550000000000000e+00	9.852937051225813e-01
3.550000000000000e+00	9.524527890212077e-01
3.550000000000000e+00	8.838384675938092e-01
3.550000000000000e+00	1.035351576965366e+00
3.550000000000000e+00	1.046300754004250e+00
3.550000000000000e+00	1.089472420143114e+00
3.550000000000000e+00	9.891415542347041e-01
3.550000000000000e+00	9.557181490466496e-01
3.550000000000000e+00	9.937556431738365e-01
3.550000000000000e+00	9.870294563085343e-01
3.550000000000000e+00	9.721886678152627e-01
3.550000000000000e+00	1.027270132394498e+00
3.550000000000000e+00	1.012273392067850e+00
3.550000000000000e+00	9.995130748362961e-01
3.550000000000000e+00	9.309284580728769e-01
3.550000000000000e+00	1.039242045485503e+00
3.550000000000000e+00	1.011369228924921e+00
3.550000000000000e+00	1.111777202708712e+00
3.550000000000000e+00	1.025429802828569e+00
3.550000000000000e+00	9.483758702999487e-01
3.550000000000000e+00	9.350881562654217e-01
3.550000000000000e+00	1.009008389315307e+00
3.550000000000000e+00	9.281275366226192e-01
3.550000000000000e+00	1.018136587605566e+00
3.550000000000000e+00	9.153585173229624e-01
3.550000000000000e+00	9.396276920267657e-01
3.550000000000000e+00	9.700909172135184e-01
3.550000000000000e+00	9.541669276301734e-01
3.550000000000000e+00	1.022759400805626e+00
3.550000000000000e+00	1.008468733658109e+00
3.550000000000000e+00	9.256946592923909e-01
3.550000000000000e+00	9.632923627713824e-01
3.550000000000000e+00	9.622387312927576e-01
3.550000000000000e+00	1.059801228953505e+00
3.550000000000000e+00	9.856961178620727e-01
3.550000000000000e+00	9.704895389243300e-01
3.550000000000000e+00	1.040798215047865e+00
3.550000000000000e+00	9.785725908257893e-01
3.550000000000000e+00	1.022055192411808e+00
3.550000000000000e+00	9.827893851820998e-01
3.550000000000000e+00	1.067388554433160e+00
3.550000000000000e+00	8.999352577678876e-01
3.550000000000000e+00	9.763118187812604e-01
3.550000000000000e+00	1.058629260307485e+00
3.550000000000000e+00	9.886851182632018e-01
3.550000000000000e+00	9.927912046993969e-01
3.550000000000000e+00	1.003103709841451e+00
3.550000000000000e+00	1.015701364285969e+00
3.550000000000000e+00	1.018599257417350e+00
3.550000000000000e+00	1.022615587891033e+00
3.550000000000000e+00	1.091433759402105e+00
3.550000000000000e+00	9.948848126419046e-01
3.550000000000000e+00	9.695009329079095e-01
3.550000000000000e+00	9.892652267652968e-01
3.550000000000000e+00	9.883482753973762e-01
3.550000000000000e+00	1.052874834241251e+00
3.550000000000000e+00	1.063693488627664e+00
3.550000000000000e+00	9.943936608102146e-01
3.550000000000000e+00	1.028555973071266e+00
3.550000000000000e+00	9.891356675148321e-01
3.550000000000000e+00	1.017590357201935e+00
3.550000000000000e+00	1.021591802751545e+00
3.550000000000000e+00	1.044413436816377e+00
3.550000000000000e+00	9.956831720366890e-01
3.550000000000000e+00	9.779403590100005e-01
3.550000000000000e+00	9.770556551711179e-01
3.550000000000000e+00	1.065405528255505e+00
3.550000000000000e+00	9.687858588226288e-01
3.550000000000000e+00	9.799562613514288e-01
3.550000000000000e+00	9.753787489325967e-01
3.550000000000000e+00	1.062277637696982e+00
3.550000000000000e+00	9.977870115055494e-01
3.550000000000000e+00	1.059072796326720e+00
3.550000000000000e+00	1.032671115516071e+00
3.550000000000000e+00	9.469136074327480e-01
3.550000000000000e+00	1.044381592704787e+00
3.550000000000000e+00	9.885802375808176e-01
3.550000000000000e+00	9.851267350354830e-01
3.550000000000000e+00	1.007291354765842e+00
3.550000000000000e+00	1.044642750468624e+00
3.550000000000000e+00	1.054741340127811e+00
3.550000000000000e+00	1.010470099650555e+00
3.550000000000000e+00	1.047638804773708e+00
3.550000000000000e+00	1.159681819680600e+00
3.550000000000000e+00	1.063544510195231e+00
3.550000000000000e+00	1.053219953962392e+00
3.550000000000000e+00	9.484033787473400e-01
3.550000000000000e+00	1.082426650366034e+00
3.550000000000000e+00	1.083546215518019e+00
3.550000000000000e+00	1.020494010160823e+00
3.550000000000000e+00	1.033685492584827e+00
3.550000000000000e+00	9.906751770782704e-01
3.550000000000000e+00	1.060344855168445e+00
3.550000000000000e+00	9.522948214055397e-01
3.550000000000000e+00	1.054654254308679e+00
3.550000000000000e+00	1.061372625910503e+00
3.550000000000000e+00	9.064451396919829e-01
3.550000000000000e+00	9.919021319728546e-01
3.550000000000000e+00	9.761143794680721e-01
3.550000000000000e+00	9.317485576015142e-01
3.550000000000000e+00	1.009129076317144e+00
3.550000000000000e+00	9.851955950121087e-01
3.550000000000000e+00	1.017367807251751e+00
3.550000000000000e+00	9.574326609827560e-01
3.550000000000000e+00	9.801432023115513e-01
3.550000000000000e+00	1.037255303478072e+00
3.550000000000000e+00	1.021237332049982e+00
3.550000000000000e+00	1.013125939743429e+00
3.550000000000000e+00	1.035055438065755e+00
3.550000000000000e+00	9.411558181694107e-01
3.550000000000000e+00	1.073850028573978e+00
3.550000000000000e+00	9.504954313429173e-01
3.550000000000000e+00	9.831575014531336e-01
3.550000000000000e+00	1.058214451494647e+00
3.550000000000000e+00	9.411808142271442e-01
3.550000000000000e+00	9.844439728104196e-01
3.550000000000000e+00	9.153799192660166e-01
3.550000000000000e+00	1.041210788107024e+00
3.550000000000000e+00	9.481318118024337e-01
3.550000000000000e+00	1.020923949338541e+00
3.550000000000000e+00	9.854171158328241e-01
3.550000000000000e+00	9.837560676988610e-01
3.550000000000000e+00	9.922942430299615e-01
3.550000000000000e+00	1.001734547238861e+00
3.550000000000000e+00	1.030137990021307e+00
3.550000000000000e+00	1.006136848064362e+00
3.550000000000000e+00	1.014226227915117e+00
3.550000000000000e+00	8.874045575458225e-01
3.550000000000000e+00	9.955540218964368e-01
3.550000000000000e+00	9.771140877336553e-01
3.550000000000000e+00	1.081888500808202e+00
3.550000000000000e+00	1.004540733191689e+00
3.550000000000000e+00	1.040190296170770e+00
3.550000000000000e+00	9.529362666516048e-01
3.550000000000000e+00	9.146105605868945e-01
3.550000000000000e+00	9.286225799769672e-01
3.550000000000000e+00	1.053775114656107e+00
3.550000000000000e+00	9.895748360075177e-01
3.550000000000000e+00	1.050138921500385e+00
3.550000000000000e+00	1.061203562932292e+00
3.550000000000000e+00	1.004983712016991e+00
3.550000000000000e+00	1.041079878114742e+00
3.550000000000000e+00	9.780914832939809e-01
3.550000000000000e+00	1.041586553897451e+00
3.550000000000000e+00	8.974832725600590e-01
3.550000000000000e+00	1.007897368216656e+00
3.550000000000000e+00	1.013046977205835e+00
3.550000000000000e+00	9.848641281837365e-01
3.550000000000000e+00	1.032279991539589e+00
3.550000000000000e+00	9.690894123521021e-01
3.550000000000000e+00	9.887338690214260e-01
3.550000000000000e+00	1.008428415540263e+00
3.550000000000000e+00	9.337752914226015e-01
3.550000000000000e+00	1.054277956500375e+00
3.550000000000000e+00	1.042599777215550e+00
3.550000000000000e+00	1.075884680904016e+00
3.550000000000000e+00	1.031490295452997e+00
3.550000000000000e+00	9.835486785523108e-01
3.550000000000000e+00	1.012233748981225e+00
3.550000000000000e+00	8.670019490721238e-01
3.550000000000000e+00	9.636874204551067e-01
3.550000000000000e+00	9.918964879926538e-01
3.550000000000000e+00	9.559356803436700e-01
3.550000000000000e+00	9.992133452632288e-01
3.550000000000000e+00	1.062186818491063e+00
3.550000000000000e+00	8.891495567865961e-01
3.550000000000000e+00	1.065635716275074e+00
3.550000000000000e+00	1.030208505591899e+00
3.550000000000000e+00	1.099127951914567e+00
3.550000000000000e+00	1.010146169911856e+00
3.550000000000000e+00	1.057238089507556e+00
3.550000000000000e+00	1.015836259170828e+00
3.550000000000000e+00	1.008039202590738e+00
3.550000000000000e+00	9.917071770944124e-01
3.550000000000000e+00	9.539815194865847e-01
3.550000000000000e+00	9.666010162729686e-01
3.550000000000000e+00	9.553997549924385e-01
3.550000000000000e+00	1.057223081548837e+00
3.550000000000000e+00	1.067047864063539e+00
3.550000000000000e+00	9.794754489627048e-01
3.550000000000000e+00	1.006302375475373e+00
3.550000000000000e+00	1.037427358650235e+00
3.550000000000000e+00	1.027148783805658e+00
3.550000000000000e+00	1.011143235753806e+00
3.550000000000000e+00	1.059284190228970e+00
3.550000000000000e+00	9.601237617499055e-01
3.550000000000000e+00	8.831784034597038e-01
3.550000000000000e+00	1.032967335941873e+00
3.550000000000000e+00	1.050019480542308e+00
3.550000000000000e+00	1.041663722205775e+00
3.550000000000000e+00	9.970417428883449e-01
3.550000000000000e+00	9.852198782855180e-01
3.550000000000000e+00	1.097858760060256e+00
3.550000000000000e+00	9.809267509540768e-01
3.550000000000000e+00	9.798400289637790e-01
3.550000000000000e+00	1.013067595905794e+00
3.550000000000000e+00	9.207569714427258e-01
3.550000000000000e+00	1.039452314703444e+00
3.550000000000000e+00	1.041819176156554e+00
3.550000000000000e+00	1.025363861738350e+00
3.550000000000000e+00	1.062708152674300e+00
3.550000000000000e+00	1.062192498418130e+00
3.550000000000000e+00	9.064744340836943e-01
3.550000000000000e+00	1.052089603458795e+00
3.550000000000000e+00	1.012851842358022e+00
3.550000000000000e+00	1.045334638637386e+00
3.550000000000000e+00	1.030753672400141e+00
3.550000000000000e+00	9.725785352253592e-01
3.550000000000000e+00	9.482218627523530e-01
3.550000000000000e+00	1.050228812027007e+00
3.550000000000000e+00	9.748407711594056e-01
3.550000000000000e+00	1.105625813729609e+00
3.550000000000000e+00	1.090991798112140e+00
3.550000000000000e+00	9.997509533541242e-01
3.550000000000000e+00	9.628516566098139e-01
3.550000000000000e+00	1.077790510914425e+00
3.550000000000000e+00	9.768205892617277e-01
3.550000000000000e+00	9.457597137797662e-01
3.550000000000000e+00	9.716420139248088e-01
3.550000000000000e+00	9.981414156651359e-01
3.550000000000000e+00	1.044242560496248e+00
3.550000000000000e+00	9.827604080940199e-01
3.550000000000000e+00	1.019584401413868e+00
3.550000000000000e+00	1.047606816094239e+00
3.550000000000000e+00	1.055806902349730e+00
3.550000000000000e+00	1.041485803104030e+00
3.550000000000000e+00	9.573983623518600e-01
3.550000000000000e+00	1.019580244289503e+00
3.550000000000000e+00	9.365157647302665e-01
3.550000000000000e+00	1.024290429408894e+00
3.550000000000000e+00	1.039982229912426e+00
3.550000000000000e+00	9.944996362115796e-01
3.550000000000000e+00	9.781943179410918e-01
3.550000000000000e+00	1.009193110404587e+00
3.550000000000000e+00	1.023330568042498e+00
3.550000000000000e+00	1.086353561775719e+00
3.550000000000000e+00	1.039297783975058e+00
3.550000000000000e+00	1.087840822501531e+00
3.550000000000000e+00	9.760890060673085e-01
3.550000000000000e+00	1.078832216773412e+00
3.550000000000000e+00	1.056474547705355e+00
3.550000000000000e+00	9.659475336989126e-01
3.550000000000000e+00	1.025084713944140e+00
3.550000000000000e+00	9.915333006766369e-01
3.550000000000000e+00	9.887776697346700e-01
3.550000000000000e+00	1.104840534704111e+00
3.550000000000000e+00	1.056397485842641e+00
3.550000000000000e+00	9.681644528001123e-01
3.550000000000000e+00	1.165852101345530e+00
3.550000000000000e+00	9.990392466619481e-01
3.550000000000000e+00	1.032153708538614e+00
3.550000000000000e+00	1.032893190006513e+00
3.550000000000000e+00	1.029857757512390e+00
3.550000000000000e+00	1.043705718625891e+00
3.550000000000000e+00	1.013444691608427e+00
3.550000000000000e+00	1.012747474414977e+00
3.550000000000000e+00	9.543291204483514e-01
3.550000000000000e+00	9.472636104154519e-01
3.550000000000000e+00	1.035632853223002e+00
3.550000000000000e+00	1.003305359022430e+00
3.550000000000000e+00	1.047827515345969e+00
3.550000000000000e+00	1.011357294936920e+00
3.550000000000000e+00	9.682818012864134e-01
3.550000000000000e+00	9.176511481539299e-01
3.550000000000000e+00	9.499956341550558e-01
3.550000000000000e+00	1.005968439220565e+00
3.550000000000000e+00	1.013682228946785e+00
3.550000000000000e+00	9.967770788295414e-01
3.550000000000000e+00	9.448685779074483e-01
3.550000000000000e+00	9.931198074112348e-01
3.550000000000000e+00	1.032825178752622e+00
3.550000000000000e+00	9.398259270541440e-01
3.550000000000000e+00	1.029246615575007e+00
3.550000000000000e+00	9.982778281527626e-01
3.550000000000000e+00	1.067840548420794e+00
3.550000000000000e+00	9.313778237507665e-01
3.550000000000000e+00	9.734158676575109e-01
3.550000000000000e+00	9.813392694881707e-01
3.550000000000000e+00	9.404334641600252e-01
3.550000000000000e+00	9.043971477046870e-01
3.550000000000000e+00	1.050900642844846e+00
3.550000000000000e+00	9.914208651605594e-01
3.550000000000000e+00	1.063859680392802e+00
3.550000000000000e+00	1.039886133820253e+00
3.550000000000000e+00	9.949412688989633e-01
3.550000000000000e+00	9.865366889883344e-01
3.550000000000000e+00	9.810423544740325e-01
3.550000000000000e+00	9.701354468555569e-01
3.550000000000000e+00	9.981654508084048e-01
3.550000000000000e+00	1.009428601403195e+00
3.550000000000000e+00	9.671492481096257e-01
3.550000000000000e+00	9.296039718241494e-01
3.550000000000000e+00	9.025283614279848e-01
3.550000000000000e+00	8.640100155895865e-01
3.550000000000000e+00	1.008415798636702e+00
3.550000000000000e+00	9.393943182731971e-01
3.550000000000000e+00	9.928077004951783e-01
3.550000000000000e+00	9.475167289193928e-01
3.550000000000000e+00	9.837521535757466e-01
3.550000000000000e+00	1.007399251366586e+00
3.550000000000000e+00	1.022968330603198e+00
3.550000000000000e+00	1.020918861895388e+00
3.550000000000000e+00	1.057418539573658e+00
3.550000000000000e+00	1.056702387122816e+00
3.550000000000000e+00	1.059579728938702e+00
3.550000000000000e+00	1.090691178203001e+00
3.550000000000000e+00	1.000958867504953e+00
3.550000000000000e+00	1.010405061949304e+00
3.550000000000000e+00	1.056917384118236e+00
3.550000000000000e+00	1.006324788820141e+00
3.550000000000000e+00	9.544298785258418e-01
3.550000000000000e+00	9.673137155837268e-01
3.550000000000000e+00	1.024792166537184e+00
3.550000000000000e+00	9.555271608693405e-01
3.550000000000000e+00	1.008636536022791e+00
3.550000000000000e+00	9.618298604381371e-01
3.550000000000000e+00	9.597141008748636e-01
3.550000000000000e+00	9.393889401473245e-01
3.550000000000000e+00	9.282385410658252e-01
3.550000000000000e+00	1.032263108720490e+00
3.550000000000000e+00	9.984488115093584e-01
3.550000000000000e+00	1.010961861504247e+00
3.550000000000000e+00	9.967322600262828e-01
