3.700000000000000e+00	9.723242254451698e+00
3.700000000000000e+00	9.750194140637317e+00
3.700000000000000e+00	9.729425691393098e+00
3.700000000000000e+00	9.636541436876174e+00
3.700000000000000e+00	9.526131940856020e+00
3.700000000000000e+00	9.571087525339665e+00
3.700000000000000e+00	9.700760047667860e+00
3.700000000000000e+00	9.787530288768723e+00
3.700000000000000e+00	9.610173275622007e+00
3.700000000000000e+00	9.454450127963732e+00
3.700000000000000e+00	9.442902213673246e+00
3.700000000000000e+00	9.657631363683139e+00
3.700000000000000e+00	9.468760190937283e+00
3.700000000000000e+00	9.764257424293969e+00
3.700000000000000e+00	9.817156057046130e+00
3.700000000000000e+00	9.434835350678624e+00
3.700000000000000e+00	9.613170728471111e+00
3.700000000000000e+00	9.738814443964657e+00
3.700000000000000e+00	9.570012764970608e+00
3.700000000000000e+00	9.657455399485084e+00
3.700000000000000e+00	9.549936862677825e+00
3.700000000000000e+00	9.569655267342458e+00
3.700000000000000e+00	9.702700493630518e+00
3.700000000000000e+00	9.615614109011183e+00
3.700000000000000e+00	9.575751416322092e+00
3.700000000000000e+00	9.631227728289783e+00
3.700000000000000e+00	9.520837762222490e+00
3.700000000000000e+00	9.565758496684371e+00
3.700000000000000e+00	9.595847114465069e+00
3.700000000000000e+00	9.739054243195444e+00
3.700000000000000e+00	9.602851128649633e+00
3.700000000000000e+00	9.650770731634086e+00
3.700000000000000e+00	9.655209740862166e+00
3.700000000000000e+00	9.749617247779485e+00
3.700000000000000e+00	9.589431390199250e+00
3.700000000000000e+00	9.719130982224371e+00
3.700000000000000e+00	9.579884923616007e+00
3.700000000000000e+00	9.655885797444125e+00
3.700000000000000e+00	9.707586759815744e+00
3.700000000000000e+00	9.697467381991318e+00
3.700000000000000e+00	9.661970616251477e+00
3.700000000000000e+00	9.714922009487882e+00
3.700000000000000e+00	9.541253126975874e+00
3.700000000000000e+00	9.621880829472968e+00
3.700000000000000e+00	9.509137276674920e+00
3.700000000000000e+00	9.555473271400290e+00
3.700000000000000e+00	9.545626627057057e+00
3.700000000000000e+00	9.701035803341828e+00
3.700000000000000e+00	9.609734707586657e+00
3.700000000000000e+00	9.612415353366703e+00
3.700000000000000e+00	9.564550015670724e+00
3.700000000000000e+00	9.516123361032870e+00
3.700000000000000e+00	9.462056698640897e+00
3.700000000000000e+00	9.580894190833432e+00
3.700000000000000e+00	9.575019569718634e+00
3.700000000000000e+00	9.478626429438510e+00
3.700000000000000e+00	9.487157833412445e+00
3.700000000000000e+00	9.478826792252441e+00
3.700000000000000e+00	9.727062168874287e+00
3.700000000000000e+00	9.535648649362548e+00
3.700000000000000e+00	9.642259765327317e+00
3.700000000000000e+00	9.830982593614170e+00
3.700000000000000e+00	9.770051018060855e+00
3.700000000000000e+00	9.578591749381751e+00
3.700000000000000e+00	9.597395822028208e+00
3.700000000000000e+00	9.645766898398827e+00
3.700000000000000e+00	9.869940167089215e+00
3.700000000000000e+00	9.412289789453972e+00
3.700000000000000e+00	9.413366196719185e+00
3.700000000000000e+00	9.538748351978377e+00
3.700000000000000e+00	9.659972627773941e+00
3.700000000000000e+00	9.606160518157242e+00
3.700000000000000e+00	9.596376325265796e+00
3.700000000000000e+00	9.756526968284131e+00
3.700000000000000e+00	9.539231486839199e+00
3.700000000000000e+00	9.635565970277044e+00
3.700000000000000e+00	9.690171072973920e+00
3.700000000000000e+00	9.519748361568995e+00
3.700000000000000e+00	9.571733253116077e+00
3.700000000000000e+00	9.670567500623051e+00
3.700000000000000e+00	9.682055123940321e+00
3.700000000000000e+00	9.562815663531730e+00
3.700000000000000e+00	9.695983010566296e+00
3.700000000000000e+00	9.682691088606884e+00
3.700000000000000e+00	9.730642235760559e+00
3.700000000000000e+00	9.572302817568627e+00
3.700000000000000e+00	9.412284278829731e+00
3.700000000000000e+00	9.659774460867183e+00
3.700000000000000e+00	9.697142349742427e+00
3.700000000000000e+00	9.636831837170710e+00
3.700000000000000e+00	9.634663329028928e+00
3.700000000000000e+00	9.821348275798622e+00
3.700000000000000e+00	9.833265281753116e+00
3.700000000000000e+00	9.610055246120821e+00
3.700000000000000e+00	9.473962463695624e+00
3.700000000000000e+00	9.694183948281056e+00
3.700000000000000e+00	9.825201091318757e+00
3.700000000000000e+00	9.599377788648065e+00
3.700000000000000e+00	9.644105267072739e+00
3.700000000000000e+00	9.561040326572490e+00
3.700000000000000e+00	9.651187507124000e+00
3.700000000000000e+00	9.602554521144286e+00
3.700000000000000e+00	9.779474057895662e+00
3.700000000000000e+00	9.627899958681256e+00
3.700000000000000e+00	9.554593168896096e+00
3.700000000000000e+00	9.466586320490430e+00
3.700000000000000e+00	9.539128521524196e+00
3.700000000000000e+00	9.622697563123939e+00
3.700000000000000e+00	9.553921679181308e+00
3.700000000000000e+00	9.450019988580427e+00
3.700000000000000e+00	9.627943006097066e+00
3.700000000000000e+00	9.664569386502322e+00
3.700000000000000e+00	9.770670350956971e+00
3.700000000000000e+00	9.753609846430091e+00
3.700000000000000e+00	9.780650986173644e+00
3.700000000000000e+00	9.617995894428267e+00
3.700000000000000e+00	9.556943620724244e+00
3.700000000000000e+00	9.565202739765661e+00
3.700000000000000e+00	9.631538248589500e+00
3.700000000000000e+00	9.455939989955869e+00
3.700000000000000e+00	9.674498875452564e+00
3.700000000000000e+00	9.634108693390173e+00
3.700000000000000e+00	9.417977570644467e+00
3.700000000000000e+00	9.534162427069138e+00
3.700000000000000e+00	9.667413476462219e+00
3.700000000000000e+00	9.469261883144563e+00
3.700000000000000e+00	9.651649200801065e+00
3.700000000000000e+00	9.693706138649878e+00
3.700000000000000e+00	9.565462719382545e+00
3.700000000000000e+00	9.712566471408948e+00
3.700000000000000e+00	9.690180526555309e+00
3.700000000000000e+00	9.557143636007279e+00
3.700000000000000e+00	9.643868942136599e+00
3.700000000000000e+00	9.555961588985188e+00
3.700000000000000e+00	9.598153739942315e+00
3.700000000000000e+00	9.576117393309845e+00
3.700000000000000e+00	9.651952685437674e+00
3.700000000000000e+00	9.646440463031114e+00
3.700000000000000e+00	9.407230972124875e+00
3.700000000000000e+00	9.713336986325487e+00
3.700000000000000e+00	9.621216672789153e+00
3.700000000000000e+00	9.647348661487101e+00
3.700000000000000e+00	9.626398474360590e+00
3.700000000000000e+00	9.478002253607935e+00
3.700000000000000e+00	9.548736309172865e+00
3.700000000000000e+00	9.626031974148004e+00
3.700000000000000e+00	9.394225626805934e+00
3.700000000000000e+00	9.743175400253225e+00
3.700000000000000e+00	9.560155313745325e+00
3.700000000000000e+00	9.631849765557490e+00
3.700000000000000e+00	9.893266148611030e+00
3.700000000000000e+00	9.691708029787033e+00
3.700000000000000e+00	9.600381361100354e+00
3.700000000000000e+00	9.690449593636302e+00
3.700000000000000e+00	9.699734986779299e+00
3.700000000000000e+00	9.727505021631272e+00
3.700000000000000e+00	9.681739713052545e+00
3.700000000000000e+00	9.658413301804083e+00
3.700000000000000e+00	9.432693065682042e+00
3.700000000000000e+00	9.500165225907912e+00
3.700000000000000e+00	9.786648976465067e+00
3.700000000000000e+00	9.583386345154750e+00
3.700000000000000e+00	9.706076858411487e+00
3.700000000000000e+00	9.421285339887223e+00
3.700000000000000e+00	9.394418328711263e+00
3.700000000000000e+00	9.510180094135999e+00
3.700000000000000e+00	9.539905704960034e+00
3.700000000000000e+00	9.702702581710602e+00
3.700000000000000e+00	9.586910041234610e+00
3.700000000000000e+00	9.527438719275382e+00
3.700000000000000e+00	9.519320054118499e+00
3.700000000000000e+00	9.371947524413471e+00
3.700000000000000e+00	9.532969424187719e+00
3.700000000000000e+00	9.653778800132351e+00
3.700000000000000e+00	9.687460983855090e+00
3.700000000000000e+00	9.535436398045857e+00
3.700000000000000e+00	9.634610681247537e+00
3.700000000000000e+00	9.766328799452868e+00
3.700000000000000e+00	9.539815369969959e+00
3.700000000000000e+00	9.692081038458845e+00
3.700000000000000e+00	9.643960364584801e+00
3.700000000000000e+00	9.702571570162773e+00
3.700000000000000e+00	9.521542116812881e+00
3.700000000000000e+00	9.646553006088949e+00
3.700000000000000e+00	9.791985926611570e+00
3.700000000000000e+00	9.638109859336252e+00
3.700000000000000e+00	9.786684722021683e+00
3.700000000000000e+00	9.607557673941358e+00
3.700000000000000e+00	9.678778775911772e+00
3.700000000000000e+00	9.782431024239550e+00
3.700000000000000e+00	9.747572028794092e+00
3.700000000000000e+00	9.727528917443317e+00
3.700000000000000e+00	9.656560244446048e+00
3.700000000000000e+00	9.757181076221773e+00
3.700000000000000e+00	9.658964863310493e+00
3.700000000000000e+00	9.946295659202004e+00
3.700000000000000e+00	9.508104999762939e+00
3.700000000000000e+00	9.724804863977031e+00
3.700000000000000e+00	9.712415584984228e+00
3.700000000000000e+00	9.644904917551781e+00
3.700000000000000e+00	9.680639449931014e+00
3.700000000000000e+00	9.753444844574092e+00
3.700000000000000e+00	9.647185172962846e+00
3.700000000000000e+00	9.708836376317034e+00
3.700000000000000e+00	9.834128599481309e+00
3.700000000000000e+00	9.750609135642639e+00
3.700000000000000e+00	9.507896011786052e+00
3.700000000000000e+00	9.443170098374642e+00
3.700000000000000e+00	9.495577733583065e+00
3.700000000000000e+00	9.605141236281842e+00
3.700000000000000e+00	9.386902872186162e+00
3.700000000000000e+00	9.546791865353567e+00
3.700000000000000e+00	9.610190646956745e+00
3.700000000000000e+00	9.429948915924307e+00
3.700000000000000e+00	9.724980370498697e+00
3.700000000000000e+00	9.767102751727833e+00
3.700000000000000e+00	9.814711708750345e+00
3.700000000000000e+00	9.539113814108900e+00
3.700000000000000e+00	9.728214076237823e+00
3.700000000000000e+00	9.370002303906197e+00
3.700000000000000e+00	9.533825584907712e+00
3.700000000000000e+00	9.913787765595828e+00
3.700000000000000e+00	9.665430441585146e+00
3.700000000000000e+00	9.716431457238222e+00
3.700000000000000e+00	9.575437899448501e+00
3.700000000000000e+00	9.672357999042399e+00
3.700000000000000e+00	9.614186833918041e+00
3.700000000000000e+00	9.527569127570137e+00
3.700000000000000e+00	9.741298415350865e+00
3.700000000000000e+00	9.772504809116018e+00
3.700000000000000e+00	9.660873936350017e+00
3.700000000000000e+00	9.655935176670955e+00
3.700000000000000e+00	9.593781103824687e+00
3.700000000000000e+00	9.576025418121173e+00
3.700000000000000e+00	9.583857544093767e+00
3.700000000000000e+00	9.518051388700991e+00
3.700000000000000e+00	9.651733789692962e+00
3.700000000000000e+00	9.593896381408618e+00
3.700000000000000e+00	9.799830821252220e+00
3.700000000000000e+00	9.743871769598991e+00
3.700000000000000e+00	9.612248347591247e+00
3.700000000000000e+00	9.677447614956948e+00
3.700000000000000e+00	9.790659751412136e+00
3.700000000000000e+00	9.505349819050865e+00
3.700000000000000e+00	9.605940867771594e+00
3.700000000000000e+00	9.611502336015306e+00
3.700000000000000e+00	9.608179916810098e+00
3.700000000000000e+00	9.672600265473553e+00
3.700000000000000e+00	9.702301518589202e+00
3.700000000000000e+00	9.534292909299369e+00
3.700000000000000e+00	9.460316168519402e+00
3.700000000000000e+00	9.455101548274335e+00
3.700000000000000e+00	9.564382338183892e+00
3.700000000000000e+00	9.506743060768819e+00
3.700000000000000e+00	9.655113929580189e+00
3.700000000000000e+00	9.578776666230095e+00
3.700000000000000e+00	9.669917848621228e+00
3.700000000000000e+00	9.637427565208730e+00
3.700000000000000e+00	9.651105929494953e+00
3.700000000000000e+00	9.531054525141732e+00
3.700000000000000e+00	9.710985664826850e+00
3.700000000000000e+00	9.640019988602285e+00
3.700000000000000e+00	9.603291417996125e+00
3.700000000000000e+00	9.713242637878945e+00
3.700000000000000e+00	9.661855426874482e+00
3.700000000000000e+00	9.783093896018956e+00
3.700000000000000e+00	9.556489958097986e+00
3.700000000000000e+00	9.654876845689575e+00
3.700000000000000e+00	9.733897606342225e+00
3.700000000000000e+00	9.734266684125014e+00
3.700000000000000e+00	9.701562657616249e+00
3.700000000000000e+00	9.575256695056391e+00
3.700000000000000e+00	9.428984470310187e+00
3.700000000000000e+00	9.640043724128788e+00
3.700000000000000e+00	9.648746626066675e+00
3.700000000000000e+00	9.605051015661486e+00
3.700000000000000e+00	9.643102534505655e+00
3.700000000000000e+00	9.679143899102138e+00
3.700000000000000e+00	9.553932883175186e+00
3.700000000000000e+00	9.750543650461175e+00
3.700000000000000e+00	9.759605367568998e+00
3.700000000000000e+00	9.320570264694217e+00
3.700000000000000e+00	9.685131505222378e+00
3.700000000000000e+00	9.768319675654473e+00
3.700000000000000e+00	9.648294452789107e+00
3.700000000000000e+00	9.597102679445129e+00
3.700000000000000e+00	9.694478043527660e+00
3.700000000000000e+00	9.702277913288308e+00
3.700000000000000e+00	9.650153629949028e+00
3.700000000000000e+00	9.636376287725966e+00
3.700000000000000e+00	9.602633207188148e+00
3.700000000000000e+00	9.508414123903490e+00
3.700000000000000e+00	9.572787859518971e+00
3.700000000000000e+00	9.573891316928229e+00
3.700000000000000e+00	9.541335034894093e+00
3.700000000000000e+00	9.584777794493089e+00
3.700000000000000e+00	9.520220539958846e+00
3.700000000000000e+00	9.550775735146129e+00
3.700000000000000e+00	9.748831723923846e+00
3.700000000000000e+00	9.708740473686976e+00
3.700000000000000e+00	9.556319334179772e+00
3.700000000000000e+00	9.537912166707354e+00
3.700000000000000e+00	9.592020468289952e+00
3.700000000000000e+00	9.705032936842141e+00
3.700000000000000e+00	9.665009508681283e+00
3.700000000000000e+00	9.595997260108700e+00
3.700000000000000e+00	9.630691388077562e+00
3.700000000000000e+00	9.679411859529964e+00
3.700000000000000e+00	9.573566314798654e+00
3.700000000000000e+00	9.618568708095177e+00
3.700000000000000e+00	9.479662078181564e+00
3.700000000000000e+00	9.566550227728738e+00
3.700000000000000e+00	9.499988807310995e+00
3.700000000000000e+00	9.706901150263921e+00
3.700000000000000e+00	9.508287191179544e+00
3.700000000000000e+00	9.603327595553701e+00
3.700000000000000e+00	9.560833794169035e+00
3.700000000000000e+00	9.644505965206619e+00
3.700000000000000e+00	9.829292849181716e+00
3.700000000000000e+00	9.621089430225984e+00
3.700000000000000e+00	9.681266822951168e+00
3.700000000000000e+00	9.620937021508400e+00
3.700000000000000e+00	9.742561026076363e+00
3.700000000000000e+00	9.630223505562538e+00
3.700000000000000e+00	9.504247970550134e+00
3.700000000000000e+00	9.595319386512962e+00
3.700000000000000e+00	9.546740194756731e+00
3.700000000000000e+00	9.691809772761484e+00
3.700000000000000e+00	9.795481233157162e+00
3.700000000000000e+00	9.810052263470419e+00
3.700000000000000e+00	9.629945214249272e+00
3.700000000000000e+00	9.566981817229252e+00
3.700000000000000e+00	9.717873728742958e+00
3.700000000000000e+00	9.649672344178226e+00
3.700000000000000e+00	9.673447366506739e+00
3.700000000000000e+00	9.365886300696266e+00
3.700000000000000e+00	9.673054979356941e+00
3.700000000000000e+00	9.572121979872644e+00
3.700000000000000e+00	9.654538421214649e+00
3.700000000000000e+00	9.669661810675963e+00
3.700000000000000e+00	9.633094153185693e+00
3.700000000000000e+00	9.728004031910148e+00
3.700000000000000e+00	9.786429788025579e+00
3.700000000000000e+00	9.508808021447347e+00
3.700000000000000e+00	9.565674815788450e+00
3.700000000000000e+00	9.449932111994549e+00
3.700000000000000e+00	9.696472489428746e+00
3.700000000000000e+00	9.721111513192549e+00
3.700000000000000e+00	9.735523667952918e+00
3.700000000000000e+00	9.611904553481512e+00
3.700000000000000e+00	9.512545995317726e+00
3.700000000000000e+00	9.555148341526159e+00
3.700000000000000e+00	9.806370025241858e+00
3.700000000000000e+00	9.784198274863339e+00
3.700000000000000e+00	9.586152003554730e+00
3.700000000000000e+00	9.833162177089299e+00
3.700000000000000e+00	9.593073462136488e+00
3.700000000000000e+00	9.665510784321452e+00
3.700000000000000e+00	9.752939429873830e+00
3.700000000000000e+00	9.714516558205540e+00
3.700000000000000e+00	9.539550196146495e+00
3.700000000000000e+00	9.597635677010738e+00
3.700000000000000e+00	9.952473058469769e+00
3.700000000000000e+00	9.664056189252403e+00
3.700000000000000e+00	9.699567185467370e+00
3.700000000000000e+00	9.735174304401347e+00
3.700000000000000e+00	9.547249051689743e+00
3.700000000000000e+00	9.627194517466023e+00
3.700000000000000e+00	9.583311350707294e+00
3.700000000000000e+00	9.643381892090332e+00
3.700000000000000e+00	9.595668916323977e+00
3.700000000000000e+00	9.658821788390654e+00
3.700000000000000e+00	9.800921030028938e+00
3.700000000000000e+00	9.730247995583342e+00
3.700000000000000e+00	9.728646328717709e+00
3.700000000000000e+00	9.764150902545975e+00
3.700000000000000e+00	9.794499228943305e+00
3.700000000000000e+00	9.774363087007437e+00
3.700000000000000e+00	9.808773801611572e+00
3.700000000000000e+00	9.551056852044828e+00
3.700000000000000e+00	9.527858640889981e+00
3.700000000000000e+00	9.637394180050544e+00
3.700000000000000e+00	9.604812686972982e+00
3.700000000000000e+00	9.679005973945044e+00
3.700000000000000e+00	9.661526545782376e+00
3.700000000000000e+00	9.469090621234933e+00
3.700000000000000e+00	9.623162500026437e+00
3.700000000000000e+00	9.668021203154607e+00
3.700000000000000e+00	9.658410393338032e+00
3.700000000000000e+00	9.768922243401523e+00
3.700000000000000e+00	9.448708475465194e+00
3.700000000000000e+00	9.625575979516510e+00
3.700000000000000e+00	9.671743975528139e+00
3.700000000000000e+00	9.591312968077233e+00
3.700000000000000e+00	9.860721354038372e+00
3.700000000000000e+00	9.582058450111179e+00
3.700000000000000e+00	9.685083605306787e+00
3.700000000000000e+00	9.712291532930454e+00
3.700000000000000e+00	9.778665593617031e+00
3.700000000000000e+00	9.659131686277965e+00
3.700000000000000e+00	9.745348130261688e+00
3.700000000000000e+00	9.717939824487690e+00
3.700000000000000e+00	9.663526938934570e+00
3.700000000000000e+00	9.607347846391868e+00
3.700000000000000e+00	9.708721842244515e+00
3.700000000000000e+00	9.650140874445583e+00
3.700000000000000e+00	9.675844950903931e+00
3.700000000000000e+00	9.728485091375276e+00
3.700000000000000e+00	9.664630362600063e+00
3.700000000000000e+00	9.575341197930852e+00
3.700000000000000e+00	9.696481144084339e+00
3.700000000000000e+00	9.702362780586352e+00
3.700000000000000e+00	9.513384240796821e+00
3.700000000000000e+00	9.633038182802647e+00
3.700000000000000e+00	9.519795904981390e+00
3.700000000000000e+00	9.466049016467611e+00
3.700000000000000e+00	9.542994609889266e+00
3.700000000000000e+00	9.486685119562903e+00
3.700000000000000e+00	9.658611436162280e+00
3.700000000000000e+00	9.695708013098912e+00
3.700000000000000e+00	9.684970248792167e+00
3.700000000000000e+00	9.717883698319012e+00
3.700000000000000e+00	9.707858057033310e+00
3.700000000000000e+00	9.679324907093104e+00
3.700000000000000e+00	9.686829201811499e+00
3.700000000000000e+00	9.570209432440965e+00
3.700000000000000e+00	9.640737167549478e+00
3.700000000000000e+00	9.669008960496669e+00
3.700000000000000e+00	9.707182616647524e+00
3.700000000000000e+00	9.605689299661561e+00
3.700000000000000e+00	9.560148797855483e+00
3.700000000000000e+00	9.606795020997847e+00
3.700000000000000e+00	9.407822385277340e+00
3.700000000000000e+00	9.569028628241693e+00
3.700000000000000e+00	9.630395176330952e+00
3.700000000000000e+00	9.497428304486345e+00
3.700000000000000e+00	9.480020894387518e+00
3.700000000000000e+00	9.730246641843699e+00
3.700000000000000e+00	9.563218541691503e+00
3.700000000000000e+00	9.700338414046094e+00
3.700000000000000e+00	9.778523653156391e+00
3.700000000000000e+00	9.438145468940744e+00
3.700000000000000e+00	9.445470325426523e+00
3.700000000000000e+00	9.521603975532347e+00
3.700000000000000e+00	9.452775444684471e+00
3.700000000000000e+00	9.540819497774461e+00
3.700000000000000e+00	9.627968518720756e+00
3.700000000000000e+00	9.720535346163507e+00
3.700000000000000e+00	9.671697831726554e+00
3.700000000000000e+00	9.673959971031106e+00
3.700000000000000e+00	9.561094948483269e+00
3.700000000000000e+00	9.589484965215938e+00
3.700000000000000e+00	9.556636471042763e+00
3.700000000000000e+00	9.595688558706270e+00
3.700000000000000e+00	9.629069022768672e+00
3.700000000000000e+00	9.579421336654267e+00
3.700000000000000e+00	9.515151299190361e+00
3.700000000000000e+00	9.588432906914891e+00
3.700000000000000e+00	9.450729064342834e+00
3.700000000000000e+00	9.579718151032790e+00
3.700000000000000e+00	9.492961484262359e+00
3.700000000000000e+00	9.642434395792677e+00
3.700000000000000e+00	9.536852295288934e+00
3.700000000000000e+00	9.501028747691217e+00
3.700000000000000e+00	9.895470042484813e+00
3.700000000000000e+00	9.613349047017934e+00
3.700000000000000e+00	9.663499678277546e+00
3.700000000000000e+00	9.601181144840044e+00
3.700000000000000e+00	9.694973640465470e+00
3.700000000000000e+00	9.656973252737219e+00
3.700000000000000e+00	9.667955952697561e+00
3.700000000000000e+00	9.695850690180723e+00
3.700000000000000e+00	9.794027710214598e+00
3.700000000000000e+00	9.712258508554065e+00
3.700000000000000e+00	9.702682225129914e+00
3.700000000000000e+00	9.693661217424065e+00
3.700000000000000e+00	9.667440875116249e+00
3.700000000000000e+00	9.685849853482567e+00
3.700000000000000e+00	9.614815742855065e+00
3.700000000000000e+00	9.748144616222143e+00
3.700000000000000e+00	9.418477100106047e+00
3.700000000000000e+00	9.713899720686120e+00
3.700000000000000e+00	9.809067420959177e+00
3.700000000000000e+00	9.800431566588248e+00
3.700000000000000e+00	9.384393877677494e+00
3.700000000000000e+00	9.569026229460967e+00
3.700000000000000e+00	9.719335448484541e+00
3.700000000000000e+00	9.554982005124895e+00
3.700000000000000e+00	9.424853891076696e+00
3.700000000000000e+00	9.608955393201239e+00
3.700000000000000e+00	9.485979547528688e+00
3.700000000000000e+00	9.567224102232677e+00
3.700000000000000e+00	9.704404514333842e+00
3.700000000000000e+00	9.813759390851059e+00
3.700000000000000e+00	9.532989339630779e+00
3.700000000000000e+00	9.753206711659498e+00
3.700000000000000e+00	9.447984707520686e+00
3.700000000000000e+00	9.658218668486560e+00
3.700000000000000e+00	9.676568688993282e+00
3.700000000000000e+00	9.550684712153096e+00
3.700000000000000e+00	9.638684591000320e+00
3.700000000000000e+00	9.692094270729736e+00
3.700000000000000e+00	9.549598247640903e+00
3.700000000000000e+00	9.668943039941844e+00
3.700000000000000e+00	9.587838497228208e+00
3.700000000000000e+00	9.455798476399053e+00
3.700000000000000e+00	9.565747756587314e+00
3.700000000000000e+00	9.571797280871383e+00
3.700000000000000e+00	9.755968821335726e+00
3.700000000000000e+00	9.594403081447954e+00
3.700000000000000e+00	9.705435056491567e+00
3.700000000000000e+00	9.527768162604405e+00
3.700000000000000e+00	9.600965709971815e+00
3.700000000000000e+00	9.577557336618153e+00
3.700000000000000e+00	9.487508570811041e+00
3.700000000000000e+00	9.577041449898902e+00
3.700000000000000e+00	9.510257911579973e+00
3.700000000000000e+00	9.628900080755848e+00
3.700000000000000e+00	9.589455596893259e+00
3.700000000000000e+00	9.732552793674673e+00
3.700000000000000e+00	9.712097667734101e+00
3.700000000000000e+00	9.585071178105260e+00
3.700000000000000e+00	9.538495986097328e+00
3.700000000000000e+00	9.555522638139372e+00
3.700000000000000e+00	9.590081258305595e+00
3.700000000000000e+00	9.556154767939100e+00
3.700000000000000e+00	9.595098976628105e+00
3.700000000000000e+00	9.657657629335741e+00
3.700000000000000e+00	9.623260391590389e+00
3.700000000000000e+00	9.703317115501683e+00
3.700000000000000e+00	9.597151353727247e+00
3.700000000000000e+00	9.570660048501910e+00
3.700000000000000e+00	9.632625247353744e+00
3.700000000000000e+00	9.769728614160902e+00
3.700000000000000e+00	9.549332280014546e+00
3.700000000000000e+00	9.541571889630633e+00
3.700000000000000e+00	9.748320363848205e+00
3.700000000000000e+00	9.731181583129480e+00
3.700000000000000e+00	9.647891239155165e+00
3.700000000000000e+00	9.708688051360056e+00
3.700000000000000e+00	9.632439088767576e+00
3.700000000000000e+00	9.641195498366223e+00
3.700000000000000e+00	9.701349647928682e+00
3.700000000000000e+00	9.678500407738817e+00
3.700000000000000e+00	9.601136844743749e+00
3.700000000000000e+00	9.447764947229949e+00
3.700000000000000e+00	9.531632361112651e+00
3.700000000000000e+00	9.669260359741291e+00
3.700000000000000e+00	9.627902710723992e+00
3.700000000000000e+00	9.471535422522399e+00
3.700000000000000e+00	9.553908831194864e+00
3.700000000000000e+00	9.702752125846509e+00
3.700000000000000e+00	9.579134751243803e+00
3.700000000000000e+00	9.649057191146944e+00
3.700000000000000e+00	9.780085204123822e+00
3.700000000000000e+00	9.574878947277540e+00
3.700000000000000e+00	9.413033988223020e+00
3.700000000000000e+00	9.753190955944822e+00
3.700000000000000e+00	9.636976712136681e+00
3.700000000000000e+00	9.513355594355524e+00
3.700000000000000e+00	9.710943414443618e+00
3.700000000000000e+00	9.490475951211065e+00
3.700000000000000e+00	9.603252725238264e+00
3.700000000000000e+00	9.468512285106911e+00
3.700000000000000e+00	9.346590168169440e+00
3.700000000000000e+00	9.596665374912064e+00
3.700000000000000e+00	9.604994061171963e+00
3.700000000000000e+00	9.724510042279718e+00
3.700000000000000e+00	9.757509321486630e+00
3.700000000000000e+00	9.683969525126503e+00
3.700000000000000e+00	9.561010059563774e+00
3.700000000000000e+00	9.622836290330280e+00
3.700000000000000e+00	9.546165140563369e+00
3.700000000000000e+00	9.580206743036875e+00
3.700000000000000e+00	9.563197198949737e+00
3.700000000000000e+00	9.609718580918123e+00
3.700000000000000e+00	9.653162718574475e+00
3.700000000000000e+00	9.636016478479007e+00
3.700000000000000e+00	9.833683389822903e+00
3.700000000000000e+00	9.767836527320011e+00
3.700000000000000e+00	9.760884793148938e+00
3.700000000000000e+00	9.783327941012214e+00
3.700000000000000e+00	9.537938918233030e+00
3.700000000000000e+00	9.635065491364772e+00
3.700000000000000e+00	9.732308095488460e+00
3.700000000000000e+00	9.662655262195779e+00
3.700000000000000e+00	9.601707161815531e+00
3.700000000000000e+00	9.566101016697951e+00
3.700000000000000e+00	9.850828606935586e+00
3.700000000000000e+00	9.762936533430913e+00
3.700000000000000e+00	9.793853686474732e+00
3.700000000000000e+00	9.794735974109006e+00
3.700000000000000e+00	9.617697473066560e+00
3.700000000000000e+00	9.703960130689801e+00
3.700000000000000e+00	9.755959157419737e+00
3.700000000000000e+00	9.593018714891908e+00
3.700000000000000e+00	9.600700473918092e+00
3.700000000000000e+00	9.643786096422270e+00
3.700000000000000e+00	9.663293716394113e+00
3.700000000000000e+00	1.007858303111232e+01
3.700000000000000e+00	9.621544960598921e+00
3.700000000000000e+00	9.717807161950869e+00
3.700000000000000e+00	9.501859276644060e+00
3.700000000000000e+00	9.481431143991060e+00
3.700000000000000e+00	9.364827609517377e+00
3.700000000000000e+00	9.649500875010775e+00
3.700000000000000e+00	9.553029474416880e+00
3.700000000000000e+00	9.444797922135660e+00
3.700000000000000e+00	9.643244551651950e+00
3.700000000000000e+00	9.667107168142064e+00
3.700000000000000e+00	9.673024538528406e+00
3.700000000000000e+00	9.747781353752012e+00
3.700000000000000e+00	9.582442591993519e+00
3.700000000000000e+00	9.496654574312629e+00
3.700000000000000e+00	9.701884658108186e+00
3.700000000000000e+00	9.623190081753691e+00
3.700000000000000e+00	9.741888324104275e+00
3.700000000000000e+00	9.505137593325230e+00
3.700000000000000e+00	9.690771191146830e+00
3.700000000000000e+00	9.449066601521416e+00
3.700000000000000e+00	9.752295628288508e+00
3.700000000000000e+00	9.596749042639704e+00
3.700000000000000e+00	9.394058290334177e+00
3.700000000000000e+00	9.691885097517757e+00
3.700000000000000e+00	9.661404335725114e+00
3.700000000000000e+00	9.822325746108834e+00
3.700000000000000e+00	9.652014312223168e+00
3.700000000000000e+00	9.530809528787326e+00
3.700000000000000e+00	9.866851866696416e+00
3.700000000000000e+00	9.673110025374839e+00
3.700000000000000e+00	9.731242809552846e+00
3.700000000000000e+00	9.660066000687124e+00
3.700000000000000e+00	9.423152744394411e+00
3.700000000000000e+00	9.623000620242344e+00
3.700000000000000e+00	9.706103117971320e+00
3.700000000000000e+00	9.659166834373863e+00
3.700000000000000e+00	9.593934105001502e+00
3.700000000000000e+00	9.580065879991851e+00
3.700000000000000e+00	9.658296521005614e+00
3.700000000000000e+00	9.818218978316963e+00
3.700000000000000e+00	9.614942164731977e+00
3.700000000000000e+00	9.831421219788803e+00
3.700000000000000e+00	9.692134262940421e+00
3.700000000000000e+00	9.727343519588748e+00
3.700000000000000e+00	9.590363395743536e+00
3.700000000000000e+00	9.616782829762288e+00
3.700000000000000e+00	9.814536372189286e+00
3.700000000000000e+00	9.664582934843391e+00
3.700000000000000e+00	9.722352582563330e+00
3.700000000000000e+00	9.643647109849146e+00
3.700000000000000e+00	9.702460015911949e+00
3.700000000000000e+00	9.679930835801427e+00
3.700000000000000e+00	9.602137559913327e+00
3.700000000000000e+00	9.637162604513293e+00
3.700000000000000e+00	9.566985608797520e+00
3.700000000000000e+00	9.525593556984951e+00
3.700000000000000e+00	9.641156890571061e+00
3.700000000000000e+00	9.541471591403489e+00
3.700000000000000e+00	9.660369883603963e+00
3.700000000000000e+00	9.635845573586725e+00
3.700000000000000e+00	9.593776354559976e+00
3.700000000000000e+00	9.589250462810821e+00
3.700000000000000e+00	9.526611138052365e+00
3.700000000000000e+00	9.650583395910036e+00
3.700000000000000e+00	9.649915377811897e+00
3.700000000000000e+00	9.973234773216634e+00
3.700000000000000e+00	9.649406202755916e+00
3.700000000000000e+00	9.570604479232003e+00
3.700000000000000e+00	9.746254184402316e+00
3.700000000000000e+00	9.743613518410079e+00
3.700000000000000e+00	9.662413136001687e+00
3.700000000000000e+00	9.651527045006123e+00
3.700000000000000e+00	9.708854643037494e+00
3.700000000000000e+00	9.595060730599295e+00
3.700000000000000e+00	9.575072725357209e+00
3.700000000000000e+00	9.609712562652556e+00
3.700000000000000e+00	9.610049167218387e+00
3.700000000000000e+00	9.514435044103374e+00
3.700000000000000e+00	9.611271949566953e+00
3.700000000000000e+00	9.461991628749690e+00
3.700000000000000e+00	9.769363399350294e+00
3.700000000000000e+00	9.632334505810478e+00
3.700000000000000e+00	9.740274128222961e+00
3.700000000000000e+00	9.566485243220527e+00
3.700000000000000e+00	9.499116751504859e+00
3.700000000000000e+00	9.734726429708770e+00
3.700000000000000e+00	9.674308769140389e+00
3.700000000000000e+00	9.702385655731691e+00
3.700000000000000e+00	9.690677838774283e+00
3.700000000000000e+00	9.657460335367816e+00
3.700000000000000e+00	9.672564615296157e+00
3.700000000000000e+00	9.784277346864776e+00
3.700000000000000e+00	9.650878877459645e+00
3.700000000000000e+00	9.397778972401252e+00
3.700000000000000e+00	9.608055456393936e+00
3.700000000000000e+00	9.810943202056617e+00
3.700000000000000e+00	9.578199819195500e+00
3.700000000000000e+00	9.571421271827159e+00
3.700000000000000e+00	9.548820472529776e+00
3.700000000000000e+00	9.698104041862127e+00
3.700000000000000e+00	9.677793234513835e+00
3.700000000000000e+00	9.591897177270335e+00
3.700000000000000e+00	9.545034673346720e+00
3.700000000000000e+00	9.697637765585412e+00
3.700000000000000e+00	9.671237836852089e+00
3.700000000000000e+00	9.421845973086315e+00
3.700000000000000e+00	9.575185233823401e+00
3.700000000000000e+00	9.743237299688648e+00
3.700000000000000e+00	9.851541881526853e+00
3.700000000000000e+00	9.629347462300233e+00
3.700000000000000e+00	9.487465075805055e+00
3.700000000000000e+00	9.574430240940437e+00
3.700000000000000e+00	9.641016620478108e+00
3.700000000000000e+00	9.547390110415288e+00
3.700000000000000e+00	9.597031490731011e+00
3.700000000000000e+00	9.607575274309323e+00
3.700000000000000e+00	9.791420948582498e+00
3.700000000000000e+00	9.685026625363086e+00
3.700000000000000e+00	9.509831213369566e+00
3.700000000000000e+00	9.401001165344251e+00
3.700000000000000e+00	9.808634817467901e+00
3.700000000000000e+00	9.677458086939794e+00
3.700000000000000e+00	9.544202714713693e+00
3.700000000000000e+00	9.505092180986173e+00
3.700000000000000e+00	9.776629637351173e+00
3.700000000000000e+00	9.648218673290243e+00
3.700000000000000e+00	9.631737897445454e+00
3.700000000000000e+00	9.539539112975046e+00
3.700000000000000e+00	9.562361114211127e+00
3.700000000000000e+00	9.480330421860895e+00
3.700000000000000e+00	9.778314149324254e+00
3.700000000000000e+00	9.572797372458577e+00
3.700000000000000e+00	9.502803155660853e+00
3.700000000000000e+00	9.653863014501065e+00
3.700000000000000e+00	9.423305349567423e+00
3.700000000000000e+00	9.553347330147879e+00
3.700000000000000e+00	9.680553147540685e+00
3.700000000000000e+00	9.595189578755392e+00
3.700000000000000e+00	9.650365492980926e+00
3.700000000000000e+00	9.685947823375908e+00
3.700000000000000e+00	9.724103715437701e+00
3.700000000000000e+00	9.799046924427955e+00
3.700000000000000e+00	9.786082924308577e+00
3.700000000000000e+00	9.796030059204719e+00
3.700000000000000e+00	9.773797879293518e+00
3.700000000000000e+00	9.659487892062561e+00
3.700000000000000e+00	9.610007767013165e+00
3.700000000000000e+00	9.536165099375843e+00
3.700000000000000e+00	9.629777187726489e+00
3.700000000000000e+00	9.752682362884347e+00
3.700000000000000e+00	9.586185922786502e+00
3.700000000000000e+00	9.550213867645390e+00
3.700000000000000e+00	9.495387211739500e+00
3.700000000000000e+00	9.518019068603326e+00
3.700000000000000e+00	9.656824396971015e+00
3.700000000000000e+00	9.606513157955177e+00
3.700000000000000e+00	9.971050933979622e+00
3.700000000000000e+00	9.803583927447194e+00
3.700000000000000e+00	9.757159452696687e+00
3.700000000000000e+00	9.546106714327697e+00
3.700000000000000e+00	9.594730137275327e+00
3.700000000000000e+00	9.729155935273898e+00
3.700000000000000e+00	9.678427037988401e+00
3.700000000000000e+00	9.686677945746165e+00
3.700000000000000e+00	9.558261792738030e+00
3.700000000000000e+00	9.581763542791080e+00
3.700000000000000e+00	9.634598385224239e+00
3.700000000000000e+00	9.539035866628511e+00
3.700000000000000e+00	9.515502979479548e+00
3.700000000000000e+00	9.553098781451340e+00
3.700000000000000e+00	9.503015421703866e+00
3.700000000000000e+00	9.522289232417245e+00
3.700000000000000e+00	9.698823828641336e+00
3.700000000000000e+00	9.469907621674619e+00
3.700000000000000e+00	9.668966604456605e+00
3.700000000000000e+00	9.716991740981399e+00
3.700000000000000e+00	9.656848314791446e+00
3.700000000000000e+00	9.573518313611610e+00
3.700000000000000e+00	9.763124843792466e+00
3.700000000000000e+00	9.630741672313192e+00
3.700000000000000e+00	9.686596786721857e+00
3.700000000000000e+00	9.434147741073170e+00
3.700000000000000e+00	9.871427590691269e+00
3.700000000000000e+00	9.677090640467325e+00
3.700000000000000e+00	9.637143360426574e+00
3.700000000000000e+00	9.559835159105562e+00
3.700000000000000e+00	9.585259387115251e+00
3.700000000000000e+00	9.637645469166419e+00
3.700000000000000e+00	9.430851861606140e+00
3.700000000000000e+00	9.817046597940752e+00
3.700000000000000e+00	9.729271785452998e+00
3.700000000000000e+00	9.533361508560617e+00
3.700000000000000e+00	9.621291394846823e+00
3.700000000000000e+00	9.675726056902317e+00
3.700000000000000e+00	9.589149506463283e+00
3.700000000000000e+00	9.712817553742751e+00
3.700000000000000e+00	9.591816992929306e+00
3.700000000000000e+00	9.581667426791098e+00
3.700000000000000e+00	9.579505250282049e+00
3.700000000000000e+00	9.592153056500884e+00
3.700000000000000e+00	9.811060558255129e+00
3.700000000000000e+00	9.573252507707979e+00
3.700000000000000e+00	9.475507112493821e+00
3.700000000000000e+00	9.546750537797735e+00
3.700000000000000e+00	9.454462779286096e+00
3.700000000000000e+00	9.444482242576417e+00
3.700000000000000e+00	9.630028614070948e+00
3.700000000000000e+00	9.716909189753522e+00
3.700000000000000e+00	9.491090212441629e+00
3.700000000000000e+00	9.428107780882915e+00
3.700000000000000e+00	9.511044567440145e+00
3.700000000000000e+00	9.620229633158623e+00
3.700000000000000e+00	9.500619686017952e+00
3.700000000000000e+00	9.595731804691127e+00
3.700000000000000e+00	9.704778028662988e+00
3.700000000000000e+00	9.619208462507704e+00
3.700000000000000e+00	9.755948548118006e+00
3.700000000000000e+00	9.678752167245010e+00
3.700000000000000e+00	9.623144434581853e+00
3.700000000000000e+00	9.506838918708922e+00
3.700000000000000e+00	9.589557318665420e+00
3.700000000000000e+00	9.838987902678308e+00
3.700000000000000e+00	9.449710616260644e+00
3.700000000000000e+00	9.648008666284428e+00
3.700000000000000e+00	9.736969438732419e+00
3.700000000000000e+00	9.592579066681164e+00
3.700000000000000e+00	9.469123810534986e+00
3.700000000000000e+00	9.809923749446718e+00
3.700000000000000e+00	9.718634890351030e+00
3.700000000000000e+00	9.788837613230992e+00
3.700000000000000e+00	9.483398111979707e+00
3.700000000000000e+00	9.367248615072306e+00
3.700000000000000e+00	9.696066436407969e+00
3.700000000000000e+00	9.745387991518417e+00
3.700000000000000e+00	9.170789387869778e+00
3.700000000000000e+00	9.548584582738744e+00
3.700000000000000e+00	9.508248644156090e+00
3.700000000000000e+00	9.547347606851206e+00
3.700000000000000e+00	9.479048885419106e+00
3.700000000000000e+00	9.715375255796374e+00
3.700000000000000e+00	9.832006918385359e+00
3.700000000000000e+00	9.493177666479689e+00
3.700000000000000e+00	9.629803270428566e+00
3.700000000000000e+00	9.742989822096341e+00
3.700000000000000e+00	9.586067789302952e+00
3.700000000000000e+00	9.494715706085852e+00
3.700000000000000e+00	9.603183134498858e+00
3.700000000000000e+00	9.692946071646864e+00
3.700000000000000e+00	9.715425573152775e+00
3.700000000000000e+00	9.504916231853489e+00
3.700000000000000e+00	9.627636404443006e+00
3.700000000000000e+00	9.677292017146266e+00
3.700000000000000e+00	9.660510890168883e+00
3.700000000000000e+00	9.597215825950784e+00
3.700000000000000e+00	9.543083478024590e+00
3.700000000000000e+00	9.566199410727432e+00
3.700000000000000e+00	9.667944907702012e+00
3.700000000000000e+00	9.640149406556198e+00
3.700000000000000e+00	9.580820404752233e+00
3.700000000000000e+00	9.827015580015015e+00
3.700000000000000e+00	9.815394166834750e+00
3.700000000000000e+00	9.540419452910658e+00
3.700000000000000e+00	9.622749030846014e+00
3.700000000000000e+00	9.671292017115842e+00
3.700000000000000e+00	9.832888317261315e+00
3.700000000000000e+00	9.700669978447189e+00
3.700000000000000e+00	9.676248772688329e+00
3.700000000000000e+00	9.617458104145260e+00
3.700000000000000e+00	9.473493050418584e+00
3.700000000000000e+00	9.619143709632960e+00
3.700000000000000e+00	9.569401650241225e+00
3.700000000000000e+00	9.872856233482310e+00
3.700000000000000e+00	9.508677316289067e+00
3.700000000000000e+00	9.668154177167095e+00
3.700000000000000e+00	9.657829672655716e+00
3.700000000000000e+00	9.695717663682395e+00
3.700000000000000e+00	9.556840485857936e+00
3.700000000000000e+00	9.577148089703307e+00
3.700000000000000e+00	9.624195216555409e+00
3.700000000000000e+00	9.495852407304373e+00
3.700000000000000e+00	9.626313465064479e+00
3.700000000000000e+00	9.698651182740520e+00
3.700000000000000e+00	9.567429009265691e+00
3.700000000000000e+00	9.710695331733019e+00
3.700000000000000e+00	9.502530705687100e+00
3.700000000000000e+00	9.606916794386207e+00
3.700000000000000e+00	9.595430668093098e+00
3.700000000000000e+00	9.800838049870688e+00
3.700000000000000e+00	9.485902514104604e+00
3.700000000000000e+00	9.832481435074204e+00
3.700000000000000e+00	9.581010156986574e+00
3.700000000000000e+00	9.403267858244817e+00
3.700000000000000e+00	9.627743929292324e+00
3.700000000000000e+00	9.698395833809732e+00
3.700000000000000e+00	9.598675391996618e+00
3.700000000000000e+00	9.708801355259274e+00
3.700000000000000e+00	9.745443539464610e+00
3.700000000000000e+00	9.626818245167494e+00
3.700000000000000e+00	9.603455083856614e+00
3.700000000000000e+00	9.708720585651241e+00
3.700000000000000e+00	9.690607454473586e+00
3.700000000000000e+00	9.599325692153066e+00
3.700000000000000e+00	9.682918584080159e+00
3.700000000000000e+00	9.669783804345347e+00
3.700000000000000e+00	9.605192085058142e+00
3.700000000000000e+00	9.400996584202439e+00
3.700000000000000e+00	9.603388624370881e+00
3.700000000000000e+00	9.667639426459683e+00
3.700000000000000e+00	9.633487816253030e+00
3.700000000000000e+00	9.506223979814560e+00
3.700000000000000e+00	9.592060320374589e+00
3.700000000000000e+00	9.405367174565596e+00
3.700000000000000e+00	9.680117333570839e+00
3.700000000000000e+00	9.731755378152238e+00
3.700000000000000e+00	9.311813430615580e+00
3.700000000000000e+00	9.680208962972625e+00
3.700000000000000e+00	9.768430075824780e+00
3.700000000000000e+00	9.588669587859382e+00
3.700000000000000e+00	9.691112766224467e+00
3.700000000000000e+00	9.637336896910895e+00
3.700000000000000e+00	9.787031278564431e+00
3.700000000000000e+00	9.638297469891654e+00
3.700000000000000e+00	9.533358799416813e+00
3.700000000000000e+00	9.607241422140774e+00
3.700000000000000e+00	9.567482092555434e+00
3.700000000000000e+00	9.642239190419449e+00
3.700000000000000e+00	9.749353307970456e+00
3.700000000000000e+00	9.750770323622440e+00
3.700000000000000e+00	9.637202298545413e+00
3.700000000000000e+00	9.679382258121249e+00
3.700000000000000e+00	9.745014718467013e+00
3.700000000000000e+00	9.732666643083340e+00
3.700000000000000e+00	9.596379467034186e+00
3.700000000000000e+00	9.577015148813256e+00
3.700000000000000e+00	9.496932475978076e+00
3.700000000000000e+00	9.776600909819965e+00
3.700000000000000e+00	9.713341584011102e+00
3.700000000000000e+00	9.641230313079339e+00
3.700000000000000e+00	9.533614768714816e+00
3.700000000000000e+00	9.657875028178886e+00
3.700000000000000e+00	9.606657941052077e+00
3.700000000000000e+00	9.681341034602491e+00
3.700000000000000e+00	9.768218100533392e+00
3.700000000000000e+00	9.813768223691412e+00
3.700000000000000e+00	9.655048252868976e+00
3.700000000000000e+00	9.683039110556811e+00
3.700000000000000e+00	9.592739518975316e+00
3.700000000000000e+00	9.678323371534225e+00
3.700000000000000e+00	9.450216956061094e+00
3.700000000000000e+00	9.656549676132467e+00
3.700000000000000e+00	9.614803025442082e+00
3.700000000000000e+00	9.461228684272800e+00
3.700000000000000e+00	9.641168276468083e+00
3.700000000000000e+00	9.612455796883197e+00
3.700000000000000e+00	9.594313932863376e+00
3.700000000000000e+00	9.565474623852161e+00
3.700000000000000e+00	9.655978777727139e+00
3.700000000000000e+00	9.563909127964251e+00
3.700000000000000e+00	9.608999067374484e+00
3.700000000000000e+00	9.549498003161899e+00
3.700000000000000e+00	9.606698694700651e+00
3.700000000000000e+00	9.570230746022752e+00
3.700000000000000e+00	9.568054470723931e+00
3.700000000000000e+00	9.632014732352349e+00
3.700000000000000e+00	9.597214374431069e+00
3.700000000000000e+00	9.375244708738904e+00
3.700000000000000e+00	9.431480626715722e+00
3.700000000000000e+00	9.690575829301277e+00
3.700000000000000e+00	9.652448544287843e+00
3.700000000000000e+00	9.504066017954081e+00
3.700000000000000e+00	9.622112054638874e+00
3.700000000000000e+00	9.677749034282419e+00
3.700000000000000e+00	9.552015569291392e+00
3.700000000000000e+00	9.557616855427757e+00
3.700000000000000e+00	9.509727069454389e+00
3.700000000000000e+00	9.546161544892627e+00
3.700000000000000e+00	9.573658700800177e+00
3.700000000000000e+00	9.657854243165716e+00
3.700000000000000e+00	9.554073950513331e+00
3.700000000000000e+00	9.700653199495180e+00
3.700000000000000e+00	9.664482437856980e+00
3.700000000000000e+00	9.653564706805476e+00
3.700000000000000e+00	9.523714229672427e+00
3.700000000000000e+00	9.554152851809006e+00
3.700000000000000e+00	9.670889011663769e+00
3.700000000000000e+00	9.805685355615473e+00
3.700000000000000e+00	9.578714787776301e+00
3.700000000000000e+00	9.507568483474046e+00
3.700000000000000e+00	9.592868786989236e+00
3.700000000000000e+00	9.585732567461346e+00
3.700000000000000e+00	9.433635208442158e+00
3.700000000000000e+00	9.535800263059587e+00
3.700000000000000e+00	9.841746331278271e+00
3.700000000000000e+00	9.534862846407448e+00
3.700000000000000e+00	9.814297608160354e+00
3.700000000000000e+00	9.544790002233885e+00
3.700000000000000e+00	9.626647888571405e+00
3.700000000000000e+00	9.508615585348142e+00
3.700000000000000e+00	9.770071752898772e+00
3.700000000000000e+00	9.645577710839811e+00
