2.300000000000000e+00	4.866485817762591e-01
2.300000000000000e+00	5.804315882765902e-01
2.300000000000000e+00	6.016347354225964e-01
2.300000000000000e+00	5.202197526195153e-01
2.300000000000000e+00	5.342643451594619e-01
2.300000000000000e+00	5.899587294647161e-01
2.300000000000000e+00	5.913103259360281e-01
2.300000000000000e+00	4.387017279793171e-01
2.300000000000000e+00	5.962462142403774e-01
2.300000000000000e+00	5.561079188050522e-01
2.300000000000000e+00	5.510978511387938e-01
2.300000000000000e+00	4.157300312389706e-01
2.300000000000000e+00	5.261269676090325e-01
2.300000000000000e+00	4.717201536991616e-01
2.300000000000000e+00	5.309602089828713e-01
2.300000000000000e+00	5.228862606601973e-01
2.300000000000000e+00	5.636927711612757e-01
2.300000000000000e+00	5.132391475538808e-01
2.300000000000000e+00	5.638031221797785e-01
2.300000000000000e+00	6.069074584543630e-01
2.300000000000000e+00	5.446471836110244e-01
2.300000000000000e+00	4.899758535073532e-01
2.300000000000000e+00	5.011243526245753e-01
2.300000000000000e+00	5.917881069691521e-01
2.300000000000000e+00	5.787374834620759e-01
2.300000000000000e+00	5.123368031404196e-01
2.300000000000000e+00	4.546717189324280e-01
2.300000000000000e+00	4.727990358882290e-01
2.300000000000000e+00	5.429150433726824e-01
2.300000000000000e+00	5.250031995560263e-01
2.300000000000000e+00	6.013443243604907e-01
2.300000000000000e+00	5.014339614056125e-01
2.300000000000000e+00	6.020524125180720e-01
2.300000000000000e+00	4.883319740317218e-01
2.300000000000000e+00	6.018585098498278e-01
2.300000000000000e+00	5.990733606451403e-01
2.300000000000000e+00	5.587351942200011e-01
2.300000000000000e+00	5.976763818477585e-01
2.300000000000000e+00	5.298445977099273e-01
2.300000000000000e+00	5.378707494682775e-01
2.300000000000000e+00	5.876017661387114e-01
2.300000000000000e+00	5.290202362835735e-01
2.300000000000000e+00	5.852351632143028e-01
2.300000000000000e+00	6.293727299248533e-01
2.300000000000000e+00	6.092329353107722e-01
2.300000000000000e+00	5.831280072789563e-01
2.300000000000000e+00	4.716069332241749e-01
2.300000000000000e+00	4.828996311135165e-01
2.300000000000000e+00	5.046459260596682e-01
2.300000000000000e+00	5.188518676950544e-01
2.300000000000000e+00	5.518697743620646e-01
2.300000000000000e+00	6.452524052049194e-01
2.300000000000000e+00	6.290611084444585e-01
2.300000000000000e+00	5.018375278123615e-01
2.300000000000000e+00	5.119284660495532e-01
2.300000000000000e+00	5.843679296865913e-01
2.300000000000000e+00	5.161983517751717e-01
2.300000000000000e+00	5.724341092820677e-01
2.300000000000000e+00	5.865350157273875e-01
2.300000000000000e+00	5.814653470011505e-01
2.300000000000000e+00	4.981770870520800e-01
2.300000000000000e+00	5.808067537312517e-01
2.300000000000000e+00	5.208154522211309e-01
2.300000000000000e+00	5.577138873535475e-01
2.300000000000000e+00	6.229132422404809e-01
2.300000000000000e+00	5.574521625165132e-01
2.300000000000000e+00	5.439627674556744e-01
2.300000000000000e+00	5.577996742799480e-01
2.300000000000000e+00	4.745366809147690e-01
2.300000000000000e+00	5.661190878458590e-01
2.300000000000000e+00	5.853541570882216e-01
2.300000000000000e+00	5.582992542374264e-01
2.300000000000000e+00	5.524581324259482e-01
2.300000000000000e+00	5.576547824107184e-01
2.300000000000000e+00	5.156245157563257e-01
2.300000000000000e+00	5.626433436405229e-01
2.300000000000000e+00	4.841219399818915e-01
2.300000000000000e+00	5.486620487001661e-01
2.300000000000000e+00	5.739719691042340e-01
2.300000000000000e+00	5.393550113120645e-01
2.300000000000000e+00	5.817205390389130e-01
2.300000000000000e+00	5.610169816100073e-01
2.300000000000000e+00	6.583390455021840e-01
2.300000000000000e+00	6.473381784530428e-01
2.300000000000000e+00	4.580510732974581e-01
2.300000000000000e+00	5.489051414274397e-01
2.300000000000000e+00	6.006269834461380e-01
2.300000000000000e+00	5.823715739726946e-01
2.300000000000000e+00	6.011601808455426e-01
2.300000000000000e+00	5.073574798464200e-01
2.300000000000000e+00	5.001346133194496e-01
2.300000000000000e+00	5.590082778230007e-01
2.300000000000000e+00	5.422632526930735e-01
2.300000000000000e+00	5.913500797484300e-01
2.300000000000000e+00	5.971083251489788e-01
2.300000000000000e+00	5.590153612012466e-01
2.300000000000000e+00	5.016493191972632e-01
2.300000000000000e+00	5.616028297283296e-01
2.300000000000000e+00	5.335345821560813e-01
2.300000000000000e+00	5.704037752457969e-01
2.300000000000000e+00	5.317477039825365e-01
2.300000000000000e+00	5.694016357069333e-01
2.300000000000000e+00	6.023435721707885e-01
2.300000000000000e+00	5.522051087665685e-01
2.300000000000000e+00	5.720752187754092e-01
2.300000000000000e+00	5.382665365930095e-01
2.300000000000000e+00	5.551045527665922e-01
2.300000000000000e+00	5.863676159893475e-01
2.300000000000000e+00	5.432483667031677e-01
2.300000000000000e+00	5.598648063222261e-01
2.300000000000000e+00	4.873469871128316e-01
2.300000000000000e+00	6.033050060367018e-01
2.300000000000000e+00	5.740487686455222e-01
2.300000000000000e+00	5.618645697327637e-01
2.300000000000000e+00	5.470237520926152e-01
2.300000000000000e+00	5.047118536227919e-01
2.300000000000000e+00	5.208866718868522e-01
2.300000000000000e+00	5.518778282700272e-01
2.300000000000000e+00	5.504910020736936e-01
2.300000000000000e+00	6.089788601869203e-01
2.300000000000000e+00	5.518623736647769e-01
2.300000000000000e+00	5.489196971396588e-01
2.300000000000000e+00	4.833335517849158e-01
2.300000000000000e+00	6.346159200033493e-01
2.300000000000000e+00	6.128970768431715e-01
2.300000000000000e+00	5.281949987032174e-01
2.300000000000000e+00	5.193083970088919e-01
2.300000000000000e+00	5.575085697796969e-01
2.300000000000000e+00	6.210253529575629e-01
2.300000000000000e+00	6.060877277885376e-01
2.300000000000000e+00	5.781539884952254e-01
2.300000000000000e+00	5.169445231777210e-01
2.300000000000000e+00	5.745286973883016e-01
2.300000000000000e+00	5.597280523610304e-01
2.300000000000000e+00	5.563841189953822e-01
2.300000000000000e+00	5.644890078991149e-01
2.300000000000000e+00	6.019513814118156e-01
2.300000000000000e+00	5.247644562647599e-01
2.300000000000000e+00	5.404592488198294e-01
2.300000000000000e+00	5.696490336925052e-01
2.300000000000000e+00	5.630191458822333e-01
2.300000000000000e+00	5.650400160507587e-01
2.300000000000000e+00	5.557781372023995e-01
2.300000000000000e+00	5.274400241180761e-01
2.300000000000000e+00	5.945339108984918e-01
2.300000000000000e+00	6.028915901778806e-01
2.300000000000000e+00	4.590934600893862e-01
2.300000000000000e+00	4.814484891839387e-01
2.300000000000000e+00	4.190533981007439e-01
2.300000000000000e+00	5.344052372517976e-01
2.300000000000000e+00	5.804257598249546e-01
2.300000000000000e+00	5.885469021731097e-01
2.300000000000000e+00	5.818654163515268e-01
2.300000000000000e+00	5.646564956476837e-01
2.300000000000000e+00	6.209552748917617e-01
2.300000000000000e+00	5.688545068110261e-01
2.300000000000000e+00	5.262292386300250e-01
2.300000000000000e+00	5.313931403044467e-01
2.300000000000000e+00	6.363499653718420e-01
2.300000000000000e+00	5.681224434373038e-01
2.300000000000000e+00	6.179455812271608e-01
2.300000000000000e+00	5.023931433909287e-01
2.300000000000000e+00	5.354245237798388e-01
2.300000000000000e+00	5.529184235978255e-01
2.300000000000000e+00	5.557901477204427e-01
2.300000000000000e+00	4.881985128511659e-01
2.300000000000000e+00	5.622335366990352e-01
2.300000000000000e+00	5.349735015872181e-01
2.300000000000000e+00	5.288044986727478e-01
2.300000000000000e+00	5.098391132256328e-01
2.300000000000000e+00	5.236441153589194e-01
2.300000000000000e+00	5.466569946606414e-01
2.300000000000000e+00	6.280610232393770e-01
2.300000000000000e+00	5.847090989420894e-01
2.300000000000000e+00	5.140044750504605e-01
2.300000000000000e+00	4.972179091467505e-01
2.300000000000000e+00	5.522837082177955e-01
2.300000000000000e+00	5.348847547456135e-01
2.300000000000000e+00	5.482799760081898e-01
2.300000000000000e+00	4.484638461718055e-01
2.300000000000000e+00	5.337397655071333e-01
2.300000000000000e+00	5.398395146760071e-01
2.300000000000000e+00	5.395771634331177e-01
2.300000000000000e+00	5.679714838673031e-01
2.300000000000000e+00	5.242064394049145e-01
2.300000000000000e+00	5.346652319326201e-01
2.300000000000000e+00	4.872748121850794e-01
2.300000000000000e+00	5.174087315107182e-01
2.300000000000000e+00	5.848523460817527e-01
2.300000000000000e+00	5.200570048382522e-01
2.300000000000000e+00	6.323965119453546e-01
2.300000000000000e+00	6.341183049307272e-01
2.300000000000000e+00	4.957536374195231e-01
2.300000000000000e+00	5.078541015759691e-01
2.300000000000000e+00	5.619723614742463e-01
2.300000000000000e+00	5.688942989242182e-01
2.300000000000000e+00	5.931128942163357e-01
2.300000000000000e+00	6.380437212244622e-01
2.300000000000000e+00	6.051807223457581e-01
2.300000000000000e+00	5.487604892924770e-01
2.300000000000000e+00	5.520531000085169e-01
2.300000000000000e+00	5.792078609685498e-01
2.300000000000000e+00	5.077747399405289e-01
2.300000000000000e+00	5.053413801545322e-01
2.300000000000000e+00	6.647162996859364e-01
2.300000000000000e+00	5.587646355591420e-01
2.300000000000000e+00	5.663570675831887e-01
2.300000000000000e+00	5.908847257676957e-01
2.300000000000000e+00	6.092236461675943e-01
2.300000000000000e+00	6.010097583459443e-01
2.300000000000000e+00	5.308271171583216e-01
2.300000000000000e+00	5.637490776817980e-01
2.300000000000000e+00	5.182009423310895e-01
2.300000000000000e+00	5.606628191272149e-01
2.300000000000000e+00	5.970634877188135e-01
2.300000000000000e+00	5.496272495390391e-01
2.300000000000000e+00	6.055927234484541e-01
2.300000000000000e+00	6.005488374622121e-01
2.300000000000000e+00	5.124766794001007e-01
2.300000000000000e+00	5.592924175265270e-01
2.300000000000000e+00	4.762753108796940e-01
2.300000000000000e+00	5.909686912792326e-01
2.300000000000000e+00	5.942071388276510e-01
2.300000000000000e+00	5.359440171422222e-01
2.300000000000000e+00	5.135285778939845e-01
2.300000000000000e+00	5.662058331542723e-01
2.300000000000000e+00	5.255596663273556e-01
2.300000000000000e+00	5.856964572927612e-01
2.300000000000000e+00	4.522303403792200e-01
2.300000000000000e+00	5.265654034856740e-01
2.300000000000000e+00	5.525944781813086e-01
2.300000000000000e+00	4.822167494795489e-01
2.300000000000000e+00	6.458984463027539e-01
2.300000000000000e+00	5.072810836269451e-01
2.300000000000000e+00	5.830037323718549e-01
2.300000000000000e+00	5.353012818257755e-01
2.300000000000000e+00	5.271531955209253e-01
2.300000000000000e+00	5.949435598630438e-01
2.300000000000000e+00	5.948849902139554e-01
2.300000000000000e+00	5.789713427170994e-01
2.300000000000000e+00	4.946697799622792e-01
2.300000000000000e+00	5.476179955693629e-01
2.300000000000000e+00	4.926374542458846e-01
2.300000000000000e+00	4.972054434708499e-01
2.300000000000000e+00	5.454868538471128e-01
2.300000000000000e+00	5.264417513466702e-01
2.300000000000000e+00	5.346152824307584e-01
2.300000000000000e+00	5.663132143389507e-01
2.300000000000000e+00	5.225466831325860e-01
2.300000000000000e+00	5.358814040114543e-01
2.300000000000000e+00	5.510636023226323e-01
2.300000000000000e+00	5.204102580167033e-01
2.300000000000000e+00	5.149262846087700e-01
2.300000000000000e+00	5.594664614624423e-01
2.300000000000000e+00	5.769129625518679e-01
2.300000000000000e+00	5.400565801122751e-01
2.300000000000000e+00	5.768467517969175e-01
2.300000000000000e+00	5.578659025664672e-01
2.300000000000000e+00	6.007703127277556e-01
2.300000000000000e+00	5.106572884957205e-01
2.300000000000000e+00	5.516207361826150e-01
2.300000000000000e+00	5.174753158098034e-01
2.300000000000000e+00	5.759088328664814e-01
2.300000000000000e+00	5.692962741431575e-01
2.300000000000000e+00	6.081007169066982e-01
2.300000000000000e+00	5.557341336626633e-01
2.300000000000000e+00	5.032350274149084e-01
2.300000000000000e+00	5.267870530409585e-01
2.300000000000000e+00	4.922601933920132e-01
2.300000000000000e+00	5.990672036573148e-01
2.300000000000000e+00	5.386009335846599e-01
2.300000000000000e+00	6.007063834433624e-01
2.300000000000000e+00	5.507483151611628e-01
2.300000000000000e+00	5.333241178395658e-01
2.300000000000000e+00	5.736479524035818e-01
2.300000000000000e+00	5.765536043137757e-01
2.300000000000000e+00	5.703759121335953e-01
2.300000000000000e+00	5.765310998290790e-01
2.300000000000000e+00	5.586449887010193e-01
2.300000000000000e+00	6.209704695651495e-01
2.300000000000000e+00	5.820093851689437e-01
2.300000000000000e+00	5.633261882916558e-01
2.300000000000000e+00	6.293221412678220e-01
2.300000000000000e+00	5.508871784851271e-01
2.300000000000000e+00	5.754490550234955e-01
2.300000000000000e+00	5.147570416471873e-01
2.300000000000000e+00	6.247029123442872e-01
2.300000000000000e+00	5.407078613665923e-01
2.300000000000000e+00	5.375328286520606e-01
2.300000000000000e+00	5.882274480911077e-01
2.300000000000000e+00	5.554458190819986e-01
2.300000000000000e+00	5.439370737185327e-01
2.300000000000000e+00	5.680664094122124e-01
2.300000000000000e+00	4.942284187106387e-01
2.300000000000000e+00	5.574020610044317e-01
2.300000000000000e+00	5.473731010159762e-01
2.300000000000000e+00	5.430622297766424e-01
2.300000000000000e+00	5.767958272111935e-01
2.300000000000000e+00	6.179020909183049e-01
2.300000000000000e+00	6.641337257089865e-01
2.300000000000000e+00	6.411312802302362e-01
2.300000000000000e+00	5.954663880180651e-01
2.300000000000000e+00	5.475192090143788e-01
2.300000000000000e+00	6.179976044564286e-01
2.300000000000000e+00	5.267447730408955e-01
2.300000000000000e+00	5.620560656314656e-01
2.300000000000000e+00	5.360288594143316e-01
2.300000000000000e+00	5.490802516291509e-01
2.300000000000000e+00	4.887061556012147e-01
2.300000000000000e+00	5.634183743616714e-01
2.300000000000000e+00	5.155802040525973e-01
2.300000000000000e+00	5.009979795703682e-01
2.300000000000000e+00	5.816841699791135e-01
2.300000000000000e+00	5.655260180086004e-01
2.300000000000000e+00	4.800270957661744e-01
2.300000000000000e+00	5.893036586340185e-01
2.300000000000000e+00	5.242668507546887e-01
2.300000000000000e+00	6.345499359512471e-01
2.300000000000000e+00	5.548921740458782e-01
2.300000000000000e+00	6.164294533203756e-01
2.300000000000000e+00	5.273692460087648e-01
2.300000000000000e+00	6.337435087873359e-01
2.300000000000000e+00	5.729121532403743e-01
2.300000000000000e+00	5.927269150275851e-01
2.300000000000000e+00	5.129879735636533e-01
2.300000000000000e+00	5.635933606448678e-01
2.300000000000000e+00	5.534590848445751e-01
2.300000000000000e+00	5.214751014458696e-01
2.300000000000000e+00	5.696420225248110e-01
2.300000000000000e+00	5.213375421990527e-01
2.300000000000000e+00	4.688396439896289e-01
2.300000000000000e+00	5.187874929605110e-01
2.300000000000000e+00	5.856756684937519e-01
2.300000000000000e+00	5.571976373017852e-01
2.300000000000000e+00	5.148354959613290e-01
2.300000000000000e+00	4.985488355419766e-01
2.300000000000000e+00	5.045686284208319e-01
2.300000000000000e+00	5.305697214978750e-01
2.300000000000000e+00	5.772376107115093e-01
2.300000000000000e+00	5.841670498363800e-01
2.300000000000000e+00	5.442125323647419e-01
2.300000000000000e+00	5.242306892167505e-01
2.300000000000000e+00	5.613430842133570e-01
2.300000000000000e+00	5.740979579343519e-01
2.300000000000000e+00	5.285558412771744e-01
2.300000000000000e+00	5.158298288157028e-01
2.300000000000000e+00	5.363707893285906e-01
2.300000000000000e+00	5.369760474019412e-01
2.300000000000000e+00	5.718067037860155e-01
2.300000000000000e+00	5.837770366037681e-01
2.300000000000000e+00	5.143813445965523e-01
2.300000000000000e+00	5.573086225510152e-01
2.300000000000000e+00	5.532771002688793e-01
2.300000000000000e+00	5.552014140594460e-01
2.300000000000000e+00	5.365621827458423e-01
2.300000000000000e+00	5.950631031157935e-01
2.300000000000000e+00	5.974515757563839e-01
2.300000000000000e+00	4.507232539513811e-01
2.300000000000000e+00	5.355463766325328e-01
2.300000000000000e+00	5.908272839120783e-01
2.300000000000000e+00	6.029524266901388e-01
2.300000000000000e+00	4.800832948571842e-01
2.300000000000000e+00	5.793553160771348e-01
2.300000000000000e+00	5.990849850408991e-01
2.300000000000000e+00	5.655186376953655e-01
2.300000000000000e+00	5.358844962930619e-01
2.300000000000000e+00	5.739404848968304e-01
2.300000000000000e+00	5.339763717166659e-01
2.300000000000000e+00	5.201942983059724e-01
2.300000000000000e+00	5.290501873564680e-01
2.300000000000000e+00	5.576419979362326e-01
2.300000000000000e+00	4.990237539469522e-01
2.300000000000000e+00	5.692642819635064e-01
2.300000000000000e+00	6.195764688739176e-01
2.300000000000000e+00	6.001544117504710e-01
2.300000000000000e+00	5.772611122058571e-01
2.300000000000000e+00	6.623418127754640e-01
2.300000000000000e+00	6.029023633107182e-01
2.300000000000000e+00	5.392518719493663e-01
2.300000000000000e+00	5.404037246168134e-01
2.300000000000000e+00	5.889701249132042e-01
2.300000000000000e+00	5.217296844015615e-01
2.300000000000000e+00	5.202941297900838e-01
2.300000000000000e+00	4.346009261821836e-01
2.300000000000000e+00	5.516919766479291e-01
2.300000000000000e+00	5.221722136053738e-01
2.300000000000000e+00	4.880167677987473e-01
2.300000000000000e+00	5.488102655217300e-01
2.300000000000000e+00	5.972663600861493e-01
2.300000000000000e+00	5.464733381288363e-01
2.300000000000000e+00	6.124523145079208e-01
2.300000000000000e+00	4.923524459452023e-01
2.300000000000000e+00	6.139252217608919e-01
2.300000000000000e+00	5.282568090955441e-01
2.300000000000000e+00	5.393953792710530e-01
2.300000000000000e+00	5.710108180001096e-01
2.300000000000000e+00	5.779051235752625e-01
2.300000000000000e+00	5.775282828487799e-01
2.300000000000000e+00	5.687411220361249e-01
2.300000000000000e+00	5.626439941264975e-01
2.300000000000000e+00	4.994458621860806e-01
2.300000000000000e+00	4.904667385178009e-01
2.300000000000000e+00	5.565490129829567e-01
2.300000000000000e+00	5.344032039012938e-01
2.300000000000000e+00	5.923298874875559e-01
2.300000000000000e+00	5.963257329333485e-01
2.300000000000000e+00	6.059505828825923e-01
2.300000000000000e+00	4.992905418752175e-01
2.300000000000000e+00	6.025623951943271e-01
2.300000000000000e+00	5.411316195030605e-01
2.300000000000000e+00	5.674963891267266e-01
2.300000000000000e+00	5.916125987699068e-01
2.300000000000000e+00	4.782139845723413e-01
2.300000000000000e+00	4.899708356543628e-01
2.300000000000000e+00	5.106775974898203e-01
2.300000000000000e+00	5.132387942690986e-01
2.300000000000000e+00	5.833870321322698e-01
2.300000000000000e+00	5.564597151399577e-01
2.300000000000000e+00	5.850568667630480e-01
2.300000000000000e+00	5.174159755476447e-01
2.300000000000000e+00	5.089379208903163e-01
2.300000000000000e+00	5.321516294855857e-01
2.300000000000000e+00	4.933655491410461e-01
2.300000000000000e+00	5.513322852911925e-01
2.300000000000000e+00	6.484121920564050e-01
2.300000000000000e+00	5.218169758625084e-01
2.300000000000000e+00	5.519998870689751e-01
2.300000000000000e+00	4.918771171337318e-01
2.300000000000000e+00	5.306785091911329e-01
2.300000000000000e+00	5.855438784826745e-01
2.300000000000000e+00	5.648618650462593e-01
2.300000000000000e+00	5.680937154305191e-01
2.300000000000000e+00	5.831272378738578e-01
2.300000000000000e+00	5.167536185372174e-01
2.300000000000000e+00	5.497988340483027e-01
2.300000000000000e+00	5.159639820843450e-01
2.300000000000000e+00	5.757775272723810e-01
2.300000000000000e+00	4.937102570406076e-01
2.300000000000000e+00	5.042224093809738e-01
2.300000000000000e+00	5.900205079314972e-01
2.300000000000000e+00	5.818220797789100e-01
2.300000000000000e+00	6.027582165585847e-01
2.300000000000000e+00	4.971722652365328e-01
2.300000000000000e+00	4.786087954708544e-01
2.300000000000000e+00	4.891519661272264e-01
2.300000000000000e+00	5.514544316588746e-01
2.300000000000000e+00	5.022669622122860e-01
2.300000000000000e+00	5.551809295215072e-01
2.300000000000000e+00	5.747673702427071e-01
2.300000000000000e+00	5.559282347822898e-01
2.300000000000000e+00	6.252832446363406e-01
2.300000000000000e+00	6.095073783173008e-01
2.300000000000000e+00	5.179394078511321e-01
2.300000000000000e+00	5.750230083590678e-01
2.300000000000000e+00	5.182170075026178e-01
2.300000000000000e+00	6.840838798311623e-01
2.300000000000000e+00	5.546532176612099e-01
2.300000000000000e+00	5.087507219486408e-01
2.300000000000000e+00	5.264676386397498e-01
2.300000000000000e+00	5.519662457410526e-01
2.300000000000000e+00	5.493927500219801e-01
2.300000000000000e+00	5.890341614122601e-01
2.300000000000000e+00	5.321071276175995e-01
2.300000000000000e+00	5.016400817219183e-01
2.300000000000000e+00	5.251979557379209e-01
2.300000000000000e+00	5.441775085972790e-01
2.300000000000000e+00	5.749064294561161e-01
2.300000000000000e+00	5.498036878762395e-01
2.300000000000000e+00	6.456523186602267e-01
2.300000000000000e+00	6.331642202655630e-01
2.300000000000000e+00	5.256267553964460e-01
2.300000000000000e+00	5.151175165323769e-01
2.300000000000000e+00	5.657482172610693e-01
2.300000000000000e+00	5.066962734424545e-01
2.300000000000000e+00	5.559581153743361e-01
2.300000000000000e+00	5.154617321030308e-01
2.300000000000000e+00	5.522036394549033e-01
2.300000000000000e+00	5.588408381266746e-01
2.300000000000000e+00	5.172341408811910e-01
2.300000000000000e+00	5.277362727423830e-01
2.300000000000000e+00	5.183743354899072e-01
2.300000000000000e+00	6.079482171517482e-01
2.300000000000000e+00	5.404207844177390e-01
2.300000000000000e+00	5.487023447257239e-01
2.300000000000000e+00	5.369160639928950e-01
2.300000000000000e+00	5.583390626922332e-01
2.300000000000000e+00	5.259856178511132e-01
2.300000000000000e+00	5.001712118993742e-01
2.300000000000000e+00	5.463890871749321e-01
2.300000000000000e+00	5.774845278989753e-01
2.300000000000000e+00	5.725133936095167e-01
2.300000000000000e+00	5.188243084190921e-01
2.300000000000000e+00	6.088710685204459e-01
2.300000000000000e+00	6.059666092411555e-01
2.300000000000000e+00	5.243721655769755e-01
2.300000000000000e+00	5.122637687276018e-01
2.300000000000000e+00	4.575670779479652e-01
2.300000000000000e+00	4.455039562779428e-01
2.300000000000000e+00	5.406287849493869e-01
2.300000000000000e+00	5.865643438819108e-01
2.300000000000000e+00	6.401641342748160e-01
2.300000000000000e+00	5.634271932319780e-01
2.300000000000000e+00	5.654029370709279e-01
2.300000000000000e+00	5.319443056165871e-01
2.300000000000000e+00	5.350239147295723e-01
2.300000000000000e+00	5.854093267477879e-01
2.300000000000000e+00	5.024677153560173e-01
2.300000000000000e+00	5.666293934544161e-01
2.300000000000000e+00	4.960125195838597e-01
2.300000000000000e+00	5.178340285010422e-01
2.300000000000000e+00	4.933208699632885e-01
2.300000000000000e+00	5.596563246673401e-01
2.300000000000000e+00	5.348025778811479e-01
2.300000000000000e+00	5.406874295909091e-01
2.300000000000000e+00	4.890153472393131e-01
2.300000000000000e+00	5.712990978665055e-01
2.300000000000000e+00	5.655297487845581e-01
2.300000000000000e+00	5.794801716191309e-01
2.300000000000000e+00	5.689979801047570e-01
2.300000000000000e+00	5.435821787882220e-01
2.300000000000000e+00	5.536599424845801e-01
2.300000000000000e+00	5.017383035933595e-01
2.300000000000000e+00	5.395675170416042e-01
2.300000000000000e+00	4.979860930912363e-01
2.300000000000000e+00	5.277289981378975e-01
2.300000000000000e+00	5.391448792439338e-01
2.300000000000000e+00	5.267385868984945e-01
2.300000000000000e+00	4.872892065356625e-01
2.300000000000000e+00	5.126037002034733e-01
2.300000000000000e+00	5.075350824005934e-01
2.300000000000000e+00	5.661087462274673e-01
2.300000000000000e+00	6.121378670962488e-01
2.300000000000000e+00	5.457506137489998e-01
2.300000000000000e+00	5.585491796936509e-01
2.300000000000000e+00	5.479507610584403e-01
2.300000000000000e+00	5.541223449223558e-01
2.300000000000000e+00	5.106923013703084e-01
2.300000000000000e+00	6.018553316553183e-01
2.300000000000000e+00	5.313979883949899e-01
2.300000000000000e+00	5.760377127284947e-01
2.300000000000000e+00	5.664986297967780e-01
2.300000000000000e+00	5.979434227592572e-01
2.300000000000000e+00	5.457670112639237e-01
2.300000000000000e+00	4.875413803573105e-01
2.300000000000000e+00	4.872764305954608e-01
2.300000000000000e+00	5.086943468338709e-01
2.300000000000000e+00	5.439297423597986e-01
2.300000000000000e+00	5.914506123646563e-01
2.300000000000000e+00	5.207308711377837e-01
2.300000000000000e+00	5.506049515021257e-01
2.300000000000000e+00	5.755798496662994e-01
2.300000000000000e+00	5.380430273581436e-01
2.300000000000000e+00	5.760698228656671e-01
2.300000000000000e+00	5.441681754772912e-01
2.300000000000000e+00	6.231929153182181e-01
2.300000000000000e+00	5.341998717572127e-01
2.300000000000000e+00	5.939040198494510e-01
2.300000000000000e+00	6.667676599104645e-01
2.300000000000000e+00	5.977786808442312e-01
2.300000000000000e+00	5.432056803632681e-01
2.300000000000000e+00	5.101099498840983e-01
2.300000000000000e+00	4.944644364886795e-01
2.300000000000000e+00	5.406625518045665e-01
2.300000000000000e+00	5.398944381565455e-01
2.300000000000000e+00	5.167210130338665e-01
2.300000000000000e+00	5.170251364517545e-01
2.300000000000000e+00	6.002335285050452e-01
2.300000000000000e+00	5.791011699730669e-01
2.300000000000000e+00	5.436712948908218e-01
2.300000000000000e+00	5.595268918095230e-01
2.300000000000000e+00	5.335039794161256e-01
2.300000000000000e+00	5.550887086704545e-01
2.300000000000000e+00	5.989428443006078e-01
2.300000000000000e+00	5.572236865917817e-01
2.300000000000000e+00	5.811702707858982e-01
2.300000000000000e+00	4.982602933560538e-01
2.300000000000000e+00	5.570278962727743e-01
2.300000000000000e+00	4.827153133545731e-01
2.300000000000000e+00	5.596973875529432e-01
2.300000000000000e+00	5.183376823987031e-01
2.300000000000000e+00	5.040678698175209e-01
2.300000000000000e+00	5.010223468731718e-01
2.300000000000000e+00	4.957754375201381e-01
2.300000000000000e+00	5.437319511814827e-01
2.300000000000000e+00	5.740141432677415e-01
2.300000000000000e+00	5.321435280047562e-01
2.300000000000000e+00	6.051224792797393e-01
2.300000000000000e+00	6.519981220826069e-01
2.300000000000000e+00	5.580382278795797e-01
2.300000000000000e+00	5.586669137537468e-01
2.300000000000000e+00	5.954400224291193e-01
2.300000000000000e+00	5.838253153596823e-01
2.300000000000000e+00	5.732884817320002e-01
2.300000000000000e+00	5.898947198492324e-01
2.300000000000000e+00	6.248324233791778e-01
2.300000000000000e+00	4.956756772979726e-01
2.300000000000000e+00	5.441257158015886e-01
2.300000000000000e+00	5.460710049883580e-01
2.300000000000000e+00	5.883812663525921e-01
2.300000000000000e+00	5.037821835189487e-01
2.300000000000000e+00	6.642751448039246e-01
2.300000000000000e+00	6.253987359862723e-01
2.300000000000000e+00	5.640691818629181e-01
2.300000000000000e+00	5.609037634102233e-01
2.300000000000000e+00	5.607382703510556e-01
2.300000000000000e+00	5.772893501342953e-01
2.300000000000000e+00	5.028023776134581e-01
2.300000000000000e+00	5.138621034634950e-01
2.300000000000000e+00	5.856862348146109e-01
2.300000000000000e+00	5.830414424467596e-01
2.300000000000000e+00	5.242561553237619e-01
2.300000000000000e+00	5.617073200727865e-01
2.300000000000000e+00	5.012096086001582e-01
2.300000000000000e+00	5.920237712992643e-01
2.300000000000000e+00	6.162352632857580e-01
2.300000000000000e+00	5.395074475970097e-01
2.300000000000000e+00	5.924277239474092e-01
2.300000000000000e+00	5.599281269823043e-01
2.300000000000000e+00	5.132689567526698e-01
2.300000000000000e+00	5.224453331985845e-01
2.300000000000000e+00	5.441425572619447e-01
2.300000000000000e+00	5.827483092966443e-01
2.300000000000000e+00	5.514391687982902e-01
2.300000000000000e+00	5.192764258726745e-01
2.300000000000000e+00	5.660366277357816e-01
2.300000000000000e+00	5.365397644178793e-01
2.300000000000000e+00	5.889709252368284e-01
2.300000000000000e+00	5.850710726718849e-01
2.300000000000000e+00	6.364065886531820e-01
2.300000000000000e+00	5.265697634665624e-01
2.300000000000000e+00	5.259496156731274e-01
2.300000000000000e+00	5.386741947014547e-01
2.300000000000000e+00	4.802383657396679e-01
2.300000000000000e+00	5.130341697468996e-01
2.300000000000000e+00	4.862913790735562e-01
2.300000000000000e+00	5.802099731625487e-01
2.300000000000000e+00	6.800072280602885e-01
2.300000000000000e+00	5.539452882683820e-01
2.300000000000000e+00	6.097931561601951e-01
2.300000000000000e+00	4.874232126132730e-01
2.300000000000000e+00	5.832497335679347e-01
2.300000000000000e+00	4.661028352889260e-01
2.300000000000000e+00	5.865184454593687e-01
2.300000000000000e+00	5.117954399393970e-01
2.300000000000000e+00	5.787916755166866e-01
2.300000000000000e+00	5.409431295009365e-01
2.300000000000000e+00	5.489906163561163e-01
2.300000000000000e+00	5.455983321962888e-01
2.300000000000000e+00	5.087790769212157e-01
2.300000000000000e+00	5.419480797838433e-01
2.300000000000000e+00	5.696576131040330e-01
2.300000000000000e+00	5.915977301098402e-01
2.300000000000000e+00	5.118145029939247e-01
2.300000000000000e+00	5.416364067305323e-01
2.300000000000000e+00	5.108091996662693e-01
2.300000000000000e+00	6.129096928717295e-01
2.300000000000000e+00	5.634247100785106e-01
2.300000000000000e+00	4.419256438710019e-01
2.300000000000000e+00	4.636605861150983e-01
2.300000000000000e+00	4.968807121034509e-01
2.300000000000000e+00	6.129032061163977e-01
2.300000000000000e+00	5.515534297014689e-01
2.300000000000000e+00	5.524453954809931e-01
2.300000000000000e+00	5.417099273766055e-01
2.300000000000000e+00	5.278306997018122e-01
2.300000000000000e+00	5.660869738669875e-01
2.300000000000000e+00	4.893309756727087e-01
2.300000000000000e+00	5.659605141592213e-01
2.300000000000000e+00	5.220702420713912e-01
2.300000000000000e+00	5.850770301496435e-01
2.300000000000000e+00	5.823269922254678e-01
2.300000000000000e+00	6.176692119674271e-01
2.300000000000000e+00	5.239467513969485e-01
2.300000000000000e+00	5.727308723069591e-01
2.300000000000000e+00	5.836334453408943e-01
2.300000000000000e+00	4.845516873040324e-01
2.300000000000000e+00	4.482325344534107e-01
2.300000000000000e+00	5.412719606665101e-01
2.300000000000000e+00	5.882714814289448e-01
2.300000000000000e+00	4.681225269791128e-01
2.300000000000000e+00	4.962340399339368e-01
2.300000000000000e+00	5.586826772424370e-01
2.300000000000000e+00	5.135305949766704e-01
2.300000000000000e+00	5.437083411054855e-01
2.300000000000000e+00	5.862127192100923e-01
2.300000000000000e+00	5.448362210119163e-01
2.300000000000000e+00	5.506257070087288e-01
2.300000000000000e+00	6.332880735753079e-01
2.300000000000000e+00	5.416853278992997e-01
2.300000000000000e+00	5.337820989504545e-01
2.300000000000000e+00	5.622289888909610e-01
2.300000000000000e+00	5.445532944280173e-01
2.300000000000000e+00	6.122198546987405e-01
2.300000000000000e+00	5.562028429997117e-01
2.300000000000000e+00	6.171434110745158e-01
2.300000000000000e+00	5.342961402513078e-01
2.300000000000000e+00	5.194260439602764e-01
2.300000000000000e+00	5.667029971595521e-01
2.300000000000000e+00	5.043569428409644e-01
2.300000000000000e+00	5.680970775291757e-01
2.300000000000000e+00	5.850180827318610e-01
2.300000000000000e+00	5.989456473662734e-01
2.300000000000000e+00	4.608951413695392e-01
2.300000000000000e+00	5.194153854070599e-01
2.300000000000000e+00	5.970701391477506e-01
2.300000000000000e+00	5.737426289085052e-01
2.300000000000000e+00	4.656573623916106e-01
2.300000000000000e+00	5.760378018509430e-01
2.300000000000000e+00	5.984794302749746e-01
2.300000000000000e+00	5.842467298816938e-01
2.300000000000000e+00	5.099878742009791e-01
2.300000000000000e+00	5.360339626684976e-01
2.300000000000000e+00	5.554967673430279e-01
2.300000000000000e+00	5.954730432715196e-01
2.300000000000000e+00	5.790679936345621e-01
2.300000000000000e+00	4.842386889842916e-01
2.300000000000000e+00	5.626935213722386e-01
2.300000000000000e+00	5.407496063543881e-01
2.300000000000000e+00	5.346658493117161e-01
2.300000000000000e+00	6.436608385009442e-01
2.300000000000000e+00	5.513310751560078e-01
2.300000000000000e+00	5.370645234396676e-01
2.300000000000000e+00	6.193836066758943e-01
2.300000000000000e+00	6.610430221693078e-01
2.300000000000000e+00	5.798563219177852e-01
2.300000000000000e+00	6.252104153787590e-01
2.300000000000000e+00	5.758295361437500e-01
2.300000000000000e+00	5.294394989149450e-01
2.300000000000000e+00	5.386572942941195e-01
2.300000000000000e+00	5.566146122925212e-01
2.300000000000000e+00	4.778153971846912e-01
2.300000000000000e+00	6.196775067799851e-01
2.300000000000000e+00	5.419879760853251e-01
2.300000000000000e+00	5.673305637890214e-01
2.300000000000000e+00	5.764182363637496e-01
2.300000000000000e+00	5.362327434424352e-01
2.300000000000000e+00	5.940464990587935e-01
2.300000000000000e+00	4.811869150804922e-01
2.300000000000000e+00	6.260948587594642e-01
2.300000000000000e+00	5.441293782278761e-01
2.300000000000000e+00	5.743698558993904e-01
2.300000000000000e+00	5.748758626291011e-01
2.300000000000000e+00	5.256091135399568e-01
2.300000000000000e+00	6.007702895354639e-01
2.300000000000000e+00	6.074384886474760e-01
2.300000000000000e+00	5.492080262872262e-01
2.300000000000000e+00	5.061381833943129e-01
2.300000000000000e+00	5.384830543124470e-01
2.300000000000000e+00	4.587306825535883e-01
2.300000000000000e+00	5.339023532872024e-01
2.300000000000000e+00	5.750271560261457e-01
2.300000000000000e+00	4.882525225525319e-01
2.300000000000000e+00	5.158921191385782e-01
2.300000000000000e+00	6.393500432844743e-01
2.300000000000000e+00	6.029246503919234e-01
2.300000000000000e+00	4.999298698267259e-01
2.300000000000000e+00	5.591836735332939e-01
2.300000000000000e+00	5.643375984222818e-01
2.300000000000000e+00	5.119911037430288e-01
2.300000000000000e+00	6.214721910011368e-01
2.300000000000000e+00	6.349151386455443e-01
2.300000000000000e+00	5.139322832879828e-01
2.300000000000000e+00	5.144116158494149e-01
2.300000000000000e+00	4.857225444182643e-01
2.300000000000000e+00	5.847645634117064e-01
2.300000000000000e+00	6.295075678775970e-01
2.300000000000000e+00	5.010798858948098e-01
2.300000000000000e+00	5.233119288719037e-01
2.300000000000000e+00	6.027294298289571e-01
2.300000000000000e+00	5.540216437209068e-01
2.300000000000000e+00	4.903777265490525e-01
2.300000000000000e+00	4.683231750946578e-01
2.300000000000000e+00	5.581670607658289e-01
2.300000000000000e+00	5.567317100808655e-01
2.300000000000000e+00	5.056944994820144e-01
2.300000000000000e+00	5.563828070874955e-01
2.300000000000000e+00	6.193768313662865e-01
2.300000000000000e+00	4.638685172210596e-01
2.300000000000000e+00	5.739529392411292e-01
2.300000000000000e+00	5.646822087268553e-01
2.300000000000000e+00	6.008976016195408e-01
2.300000000000000e+00	6.047362450483615e-01
2.300000000000000e+00	5.956895739308580e-01
2.300000000000000e+00	4.982819151595880e-01
2.300000000000000e+00	5.213942972050793e-01
2.300000000000000e+00	5.790877293441317e-01
2.300000000000000e+00	5.522837933836393e-01
2.300000000000000e+00	5.903897369014343e-01
2.300000000000000e+00	5.616282007036086e-01
2.300000000000000e+00	4.849450284001459e-01
2.300000000000000e+00	5.680661335089314e-01
2.300000000000000e+00	4.938236636841042e-01
2.300000000000000e+00	5.279162027180855e-01
2.300000000000000e+00	5.980466864970544e-01
2.300000000000000e+00	5.856557997676920e-01
2.300000000000000e+00	5.653360796510287e-01
2.300000000000000e+00	5.406641373077828e-01
2.300000000000000e+00	6.060767033480465e-01
2.300000000000000e+00	5.552617425261245e-01
2.300000000000000e+00	4.870823762649750e-01
2.300000000000000e+00	4.679215887920575e-01
2.300000000000000e+00	5.570109581430936e-01
2.300000000000000e+00	5.801325517319216e-01
2.300000000000000e+00	5.474444336072851e-01
2.300000000000000e+00	5.455229697025278e-01
2.300000000000000e+00	5.469106124925831e-01
2.300000000000000e+00	6.114854603811053e-01
2.300000000000000e+00	5.588891901977835e-01
2.300000000000000e+00	4.878550910017226e-01
2.300000000000000e+00	6.009239807591664e-01
2.300000000000000e+00	5.269882010888606e-01
2.300000000000000e+00	5.086499763619761e-01
2.300000000000000e+00	5.278293651740857e-01
2.300000000000000e+00	6.683286700679092e-01
2.300000000000000e+00	5.754629740714411e-01
2.300000000000000e+00	5.757824723852488e-01
2.300000000000000e+00	5.118941462375087e-01
2.300000000000000e+00	5.705351263364102e-01
2.300000000000000e+00	4.925412386731145e-01
2.300000000000000e+00	5.459026904614011e-01
2.300000000000000e+00	5.002235805740306e-01
2.300000000000000e+00	5.323700053500485e-01
2.300000000000000e+00	5.683391640319975e-01
2.300000000000000e+00	4.994605692394680e-01
2.300000000000000e+00	5.398918559092946e-01
2.300000000000000e+00	5.752231695340835e-01
2.300000000000000e+00	5.197744480114384e-01
2.300000000000000e+00	4.911698451587217e-01
2.300000000000000e+00	5.092761851466286e-01
2.300000000000000e+00	5.276328452929582e-01
2.300000000000000e+00	5.958845717120412e-01
2.300000000000000e+00	5.192896295335171e-01
2.300000000000000e+00	6.019015021043226e-01
2.300000000000000e+00	5.510278460003664e-01
2.300000000000000e+00	5.723268346017117e-01
2.300000000000000e+00	5.578170499433758e-01
2.300000000000000e+00	5.317468947220465e-01
2.300000000000000e+00	6.020317681241623e-01
2.300000000000000e+00	5.582754164153210e-01
2.300000000000000e+00	5.562361258224703e-01
2.300000000000000e+00	5.742929773285720e-01
2.300000000000000e+00	5.999571807409931e-01
2.300000000000000e+00	5.737279373376900e-01
2.300000000000000e+00	5.311345254867254e-01
2.300000000000000e+00	5.917282137181675e-01
2.300000000000000e+00	5.404016545094388e-01
2.300000000000000e+00	6.013984666293680e-01
2.300000000000000e+00	5.305629615890523e-01
2.300000000000000e+00	5.082672183948763e-01
2.300000000000000e+00	5.125861660556017e-01
2.300000000000000e+00	5.939696628842770e-01
2.300000000000000e+00	4.957216876051845e-01
2.300000000000000e+00	5.043873758958390e-01
2.300000000000000e+00	5.075403453286266e-01
2.300000000000000e+00	5.523970747095761e-01
2.300000000000000e+00	5.824376580498323e-01
2.300000000000000e+00	5.975611329810848e-01
2.300000000000000e+00	5.656924018420588e-01
2.300000000000000e+00	4.732598276146546e-01
2.300000000000000e+00	5.945730301383225e-01
2.300000000000000e+00	4.896785643283006e-01
2.300000000000000e+00	5.276445424104351e-01
2.300000000000000e+00	4.953046391743507e-01
2.300000000000000e+00	5.263866106277052e-01
2.300000000000000e+00	5.861876321011750e-01
2.300000000000000e+00	5.458270377073847e-01
2.300000000000000e+00	5.640995639497582e-01
2.300000000000000e+00	5.195064553160206e-01
2.300000000000000e+00	5.517552224156140e-01
2.300000000000000e+00	6.097593431744033e-01
2.300000000000000e+00	4.713478949057608e-01
2.300000000000000e+00	5.177982885875222e-01
2.300000000000000e+00	5.550769519769175e-01
2.300000000000000e+00	5.090805635832288e-01
2.300000000000000e+00	5.401940987465824e-01
2.300000000000000e+00	5.418721345452442e-01
2.300000000000000e+00	5.482905182022708e-01
2.300000000000000e+00	5.646871149544597e-01
2.300000000000000e+00	5.965184653114698e-01
2.300000000000000e+00	6.183952924285416e-01
2.300000000000000e+00	5.700158307498562e-01
2.300000000000000e+00	4.656942647066695e-01
2.300000000000000e+00	5.627120504494513e-01
2.300000000000000e+00	5.008616785206662e-01
2.300000000000000e+00	5.605779091600150e-01
2.300000000000000e+00	5.670954512879997e-01
2.300000000000000e+00	5.719876854949407e-01
2.300000000000000e+00	6.109468085059128e-01
2.300000000000000e+00	5.691558724239574e-01
2.300000000000000e+00	5.639502985669166e-01
2.300000000000000e+00	5.378005012226186e-01
2.300000000000000e+00	4.813863121360601e-01
2.300000000000000e+00	5.891877856966539e-01
2.300000000000000e+00	5.632788491044676e-01
2.300000000000000e+00	5.438879341605837e-01
2.300000000000000e+00	4.857602964908474e-01
2.300000000000000e+00	6.147543078102164e-01
2.300000000000000e+00	5.506740775678726e-01
2.300000000000000e+00	5.474889819499924e-01
2.300000000000000e+00	5.715503550626367e-01
2.300000000000000e+00	5.606470791233227e-01
2.300000000000000e+00	5.224189690715103e-01
2.300000000000000e+00	6.025311369970771e-01
2.300000000000000e+00	6.140634100966750e-01
2.300000000000000e+00	5.811758430814182e-01
2.300000000000000e+00	6.026997430751191e-01
2.300000000000000e+00	5.822763356084120e-01
2.300000000000000e+00	5.731648706878824e-01
2.300000000000000e+00	5.124125146468389e-01
2.300000000000000e+00	5.246872839995360e-01
2.300000000000000e+00	5.577416397109428e-01
2.300000000000000e+00	5.680844770310429e-01
2.300000000000000e+00	5.584039624867363e-01
2.300000000000000e+00	5.295910464645031e-01
2.300000000000000e+00	5.992842670720255e-01
2.300000000000000e+00	5.272068431818031e-01
2.300000000000000e+00	5.717732352886370e-01
2.300000000000000e+00	4.540056187959099e-01
2.300000000000000e+00	5.974497099888406e-01
2.300000000000000e+00	5.488835220412784e-01
2.300000000000000e+00	5.933834275727206e-01
2.300000000000000e+00	5.339923366050290e-01
2.300000000000000e+00	6.137426044952075e-01
2.300000000000000e+00	5.934065273579796e-01
2.300000000000000e+00	6.252703366234994e-01
2.300000000000000e+00	5.977470390054787e-01
2.300000000000000e+00	5.957957660067167e-01
2.300000000000000e+00	6.034735214062190e-01
2.300000000000000e+00	5.990760912307642e-01
2.300000000000000e+00	5.674661440589399e-01
2.300000000000000e+00	5.484059850148638e-01
2.300000000000000e+00	5.683672385853022e-01
2.300000000000000e+00	5.778837045238583e-01
2.300000000000000e+00	5.796162282059222e-01
2.300000000000000e+00	5.606726762791001e-01
2.300000000000000e+00	5.448676722877651e-01
2.300000000000000e+00	5.382895209718832e-01
2.300000000000000e+00	4.858425847480333e-01
2.300000000000000e+00	4.916023343343516e-01
2.300000000000000e+00	5.347023702405523e-01
2.300000000000000e+00	5.527946111853520e-01
2.300000000000000e+00	5.388878085984636e-01
2.300000000000000e+00	6.241552716764979e-01
2.300000000000000e+00	5.187339129243683e-01
2.300000000000000e+00	5.524233166839740e-01
2.300000000000000e+00	4.590960267698440e-01
2.300000000000000e+00	5.706364994078075e-01
2.300000000000000e+00	5.117132683934692e-01
2.300000000000000e+00	5.810485510676383e-01
2.300000000000000e+00	5.248550899295867e-01
2.300000000000000e+00	5.733451926796785e-01
2.300000000000000e+00	5.334866727534954e-01
2.300000000000000e+00	4.648634482408555e-01
2.300000000000000e+00	5.496947683395020e-01
2.300000000000000e+00	5.745355677607957e-01
2.300000000000000e+00	5.129647491538215e-01
2.300000000000000e+00	6.228267115406415e-01
2.300000000000000e+00	5.349555830797238e-01
2.300000000000000e+00	5.723436483675715e-01
2.300000000000000e+00	6.334415910937448e-01
2.300000000000000e+00	5.891631293724813e-01
2.300000000000000e+00	5.716314035578361e-01
2.300000000000000e+00	6.319502198743036e-01
2.300000000000000e+00	4.871135168257968e-01
2.300000000000000e+00	5.630386741176377e-01
2.300000000000000e+00	6.103889039166602e-01
2.300000000000000e+00	4.469516579609199e-01
2.300000000000000e+00	5.792152173928259e-01
2.300000000000000e+00	5.861971567732132e-01
2.300000000000000e+00	5.803057032699535e-01
2.300000000000000e+00	5.476339978550052e-01
2.300000000000000e+00	5.797089250179894e-01
2.300000000000000e+00	4.894627539245487e-01
2.300000000000000e+00	5.022949752170497e-01
2.300000000000000e+00	5.061015087701141e-01
2.300000000000000e+00	5.627284943973592e-01
2.300000000000000e+00	5.838747568395947e-01
2.300000000000000e+00	6.143095870629307e-01
2.300000000000000e+00	5.580858718671351e-01
2.300000000000000e+00	5.206213933903897e-01
2.300000000000000e+00	5.071798309347976e-01
2.300000000000000e+00	5.695291773361207e-01
2.300000000000000e+00	5.598922097710787e-01
2.300000000000000e+00	5.534515962062467e-01
2.300000000000000e+00	5.283025708797082e-01
2.300000000000000e+00	5.818116889204367e-01
2.300000000000000e+00	5.217158319383718e-01
2.300000000000000e+00	5.780750758493431e-01
2.300000000000000e+00	5.799109005570215e-01
2.300000000000000e+00	5.720063469160731e-01
2.300000000000000e+00	5.051934881450957e-01
2.300000000000000e+00	5.609936385286851e-01
2.300000000000000e+00	5.133496942340038e-01
2.300000000000000e+00	5.346761654457352e-01
2.300000000000000e+00	5.011695689703297e-01
2.300000000000000e+00	5.532403238752588e-01
2.300000000000000e+00	5.526718837600021e-01
2.300000000000000e+00	5.836501348088976e-01
2.300000000000000e+00	5.507309088272936e-01
2.300000000000000e+00	5.328248817504178e-01
