3.400000000000000e+00	1.040794224141739e+00
3.400000000000000e+00	9.731286723461127e-01
3.400000000000000e+00	8.792260929622852e-01
3.400000000000000e+00	7.940161709567503e-01
3.400000000000000e+00	9.033904195480940e-01
3.400000000000000e+00	9.876216795720721e-01
3.400000000000000e+00	8.268698723511331e-01
3.400000000000000e+00	1.071563377462211e+00
3.400000000000000e+00	8.583269445948045e-01
3.400000000000000e+00	8.658299411861579e-01
3.400000000000000e+00	9.141008793105048e-01
3.400000000000000e+00	9.660833925166961e-01
3.400000000000000e+00	9.107988813904094e-01
3.400000000000000e+00	8.506449364479738e-01
3.400000000000000e+00	1.012479436627498e+00
3.400000000000000e+00	8.791250797365469e-01
3.400000000000000e+00	9.629737243344079e-01
3.400000000000000e+00	8.929169178479697e-01
3.400000000000000e+00	9.613995570375755e-01
3.400000000000000e+00	8.755737812177595e-01
3.400000000000000e+00	9.198913416962781e-01
3.400000000000000e+00	9.212083750415594e-01
3.400000000000000e+00	9.215594730462989e-01
3.400000000000000e+00	9.029018678738346e-01
3.400000000000000e+00	9.244525486671495e-01
3.400000000000000e+00	1.001162308152737e+00
3.400000000000000e+00	9.927409603232060e-01
3.400000000000000e+00	9.134151250525092e-01
3.400000000000000e+00	8.995291131967460e-01
3.400000000000000e+00	9.611136356023841e-01
3.400000000000000e+00	9.562450695053347e-01
3.400000000000000e+00	1.003875181756077e+00
3.400000000000000e+00	9.496485356175992e-01
3.400000000000000e+00	8.211695780705189e-01
3.400000000000000e+00	9.014124157332530e-01
3.400000000000000e+00	8.763982119913125e-01
3.400000000000000e+00	9.295316924327899e-01
3.400000000000000e+00	9.076815356652465e-01
3.400000000000000e+00	8.966294613980028e-01
3.400000000000000e+00	9.771850595184142e-01
3.400000000000000e+00	9.648056278442767e-01
3.400000000000000e+00	8.902986501021585e-01
3.400000000000000e+00	9.923553148260135e-01
3.400000000000000e+00	9.477829365821835e-01
3.400000000000000e+00	9.267909931493334e-01
3.400000000000000e+00	9.326059725084276e-01
3.400000000000000e+00	9.075370970383425e-01
3.400000000000000e+00	1.000119275742724e+00
3.400000000000000e+00	9.511382420569052e-01
3.400000000000000e+00	9.796824266479618e-01
3.400000000000000e+00	8.564756105795808e-01
3.400000000000000e+00	9.899661997186328e-01
3.400000000000000e+00	9.129358063044996e-01
3.400000000000000e+00	9.449031006274627e-01
3.400000000000000e+00	9.028425244516561e-01
3.400000000000000e+00	9.739188956224225e-01
3.400000000000000e+00	8.661078892408369e-01
3.400000000000000e+00	9.753733549828233e-01
3.400000000000000e+00	8.767471865531244e-01
3.400000000000000e+00	8.941707449690166e-01
3.400000000000000e+00	9.783520193252219e-01
3.400000000000000e+00	9.089265375094842e-01
3.400000000000000e+00	8.679560001181411e-01
3.400000000000000e+00	9.476169492431026e-01
3.400000000000000e+00	9.252946405829596e-01
3.400000000000000e+00	9.284351624256834e-01
3.400000000000000e+00	8.663257805789525e-01
3.400000000000000e+00	9.912912417155806e-01
3.400000000000000e+00	1.045079218427738e+00
3.400000000000000e+00	9.737090374752957e-01
3.400000000000000e+00	1.015213475515468e+00
3.400000000000000e+00	1.025766334118337e+00
3.400000000000000e+00	1.021931397259450e+00
3.400000000000000e+00	1.027647965839549e+00
3.400000000000000e+00	1.033681727314642e+00
3.400000000000000e+00	9.453149881379416e-01
3.400000000000000e+00	1.073984857671050e+00
3.400000000000000e+00	9.673044451070651e-01
3.400000000000000e+00	9.234843516999882e-01
3.400000000000000e+00	8.928618073182808e-01
3.400000000000000e+00	9.309714197711964e-01
3.400000000000000e+00	9.715628142185390e-01
3.400000000000000e+00	9.674231242186310e-01
3.400000000000000e+00	9.625717966189560e-01
3.400000000000000e+00	9.291952437071669e-01
3.400000000000000e+00	9.332090117134998e-01
3.400000000000000e+00	9.335430186304466e-01
3.400000000000000e+00	8.997431557246649e-01
3.400000000000000e+00	9.387357171091270e-01
3.400000000000000e+00	9.342635592732630e-01
3.400000000000000e+00	9.428664010226581e-01
3.400000000000000e+00	8.499620933064259e-01
3.400000000000000e+00	9.131141295713180e-01
3.400000000000000e+00	9.062989146398336e-01
3.400000000000000e+00	9.794191923385094e-01
3.400000000000000e+00	9.288210742741678e-01
3.400000000000000e+00	9.690414898664831e-01
3.400000000000000e+00	1.017618933265569e+00
3.400000000000000e+00	8.385649794510561e-01
3.400000000000000e+00	9.312639530435648e-01
3.400000000000000e+00	9.422042676134418e-01
3.400000000000000e+00	1.021166213401877e+00
3.400000000000000e+00	1.008004918645738e+00
3.400000000000000e+00	9.720910346099627e-01
3.400000000000000e+00	1.056192979149585e+00
3.400000000000000e+00	9.210297057845432e-01
3.400000000000000e+00	9.315108772342365e-01
3.400000000000000e+00	8.555469605896096e-01
3.400000000000000e+00	8.988802629131628e-01
3.400000000000000e+00	9.317894575829375e-01
3.400000000000000e+00	9.317112441748374e-01
3.400000000000000e+00	9.758184962502731e-01
3.400000000000000e+00	9.552225826401788e-01
3.400000000000000e+00	1.055191170968470e+00
3.400000000000000e+00	9.425096207224504e-01
3.400000000000000e+00	1.019731873381219e+00
3.400000000000000e+00	9.192706959533443e-01
3.400000000000000e+00	9.984993948666573e-01
3.400000000000000e+00	8.905862324324481e-01
3.400000000000000e+00	9.195622389031228e-01
3.400000000000000e+00	9.471864504967544e-01
3.400000000000000e+00	8.928870404111511e-01
3.400000000000000e+00	8.646753285648058e-01
3.400000000000000e+00	8.890942476378393e-01
3.400000000000000e+00	9.004214518918262e-01
3.400000000000000e+00	9.837637204573906e-01
3.400000000000000e+00	8.875199590087465e-01
3.400000000000000e+00	9.466979420456750e-01
3.400000000000000e+00	9.150075555040476e-01
3.400000000000000e+00	9.170790141923079e-01
3.400000000000000e+00	9.896480237493015e-01
3.400000000000000e+00	9.446738595217385e-01
3.400000000000000e+00	9.727740877150063e-01
3.400000000000000e+00	1.035447020425293e+00
3.400000000000000e+00	1.021025728682868e+00
3.400000000000000e+00	9.057348532227550e-01
3.400000000000000e+00	9.486614897207126e-01
3.400000000000000e+00	9.911275929477498e-01
3.400000000000000e+00	1.022285181489148e+00
3.400000000000000e+00	1.017666775000984e+00
3.400000000000000e+00	8.993846717796952e-01
3.400000000000000e+00	9.781800957027066e-01
3.400000000000000e+00	8.876634055520106e-01
3.400000000000000e+00	9.845694593801341e-01
3.400000000000000e+00	9.228228716579641e-01
3.400000000000000e+00	9.431141101079000e-01
3.400000000000000e+00	1.013916839911929e+00
3.400000000000000e+00	1.030623866249585e+00
3.400000000000000e+00	9.394772611253677e-01
3.400000000000000e+00	1.006457731749090e+00
3.400000000000000e+00	9.809513357051971e-01
3.400000000000000e+00	9.347517997764188e-01
3.400000000000000e+00	1.002974567852955e+00
3.400000000000000e+00	9.343828897820254e-01
3.400000000000000e+00	8.966724401203751e-01
3.400000000000000e+00	9.748150394891951e-01
3.400000000000000e+00	9.459614727354053e-01
3.400000000000000e+00	9.945320401618775e-01
3.400000000000000e+00	9.593341654060730e-01
3.400000000000000e+00	8.555138447474376e-01
3.400000000000000e+00	9.164362458621945e-01
3.400000000000000e+00	1.060853251587071e+00
3.400000000000000e+00	9.347528256898479e-01
3.400000000000000e+00	9.212387669835244e-01
3.400000000000000e+00	9.507830892195681e-01
3.400000000000000e+00	9.719536708639315e-01
3.400000000000000e+00	9.538592612554041e-01
3.400000000000000e+00	9.760574279118727e-01
3.400000000000000e+00	1.062791711731247e+00
3.400000000000000e+00	1.024833620994856e+00
3.400000000000000e+00	9.986099191756636e-01
3.400000000000000e+00	8.686417603012514e-01
3.400000000000000e+00	9.461386472663841e-01
3.400000000000000e+00	9.935571226115508e-01
3.400000000000000e+00	9.864308881289415e-01
3.400000000000000e+00	9.435553212237500e-01
3.400000000000000e+00	9.896528556976917e-01
3.400000000000000e+00	9.193982458042201e-01
3.400000000000000e+00	9.507316652546259e-01
3.400000000000000e+00	1.026553741855375e+00
3.400000000000000e+00	9.461327855251409e-01
3.400000000000000e+00	9.256402302329666e-01
3.400000000000000e+00	1.003881545849290e+00
3.400000000000000e+00	1.038522427954432e+00
3.400000000000000e+00	9.040482303442453e-01
3.400000000000000e+00	9.104077507923819e-01
3.400000000000000e+00	9.286263168797991e-01
3.400000000000000e+00	9.629923191804124e-01
3.400000000000000e+00	1.032070700278287e+00
3.400000000000000e+00	9.760441626054248e-01
3.400000000000000e+00	9.251644879468126e-01
3.400000000000000e+00	9.842834811073032e-01
3.400000000000000e+00	8.670394227239723e-01
3.400000000000000e+00	9.217358605593240e-01
3.400000000000000e+00	9.691261574877191e-01
3.400000000000000e+00	1.032079130443240e+00
3.400000000000000e+00	9.207427097092354e-01
3.400000000000000e+00	9.819908517198673e-01
3.400000000000000e+00	9.173805883475262e-01
3.400000000000000e+00	8.954563986552054e-01
3.400000000000000e+00	9.532444308694528e-01
3.400000000000000e+00	9.827970544568377e-01
3.400000000000000e+00	9.687991510361768e-01
3.400000000000000e+00	1.037579583278631e+00
3.400000000000000e+00	9.156614951244704e-01
3.400000000000000e+00	9.787406472564013e-01
3.400000000000000e+00	9.038279722089018e-01
3.400000000000000e+00	9.380968025680493e-01
3.400000000000000e+00	9.146797154823629e-01
3.400000000000000e+00	1.012558471770578e+00
3.400000000000000e+00	8.605258143712414e-01
3.400000000000000e+00	9.184197791152443e-01
3.400000000000000e+00	9.469789411692441e-01
3.400000000000000e+00	9.510825964345191e-01
3.400000000000000e+00	9.085477062313079e-01
3.400000000000000e+00	9.554384083809746e-01
3.400000000000000e+00	9.631104770214111e-01
3.400000000000000e+00	9.388551539123906e-01
3.400000000000000e+00	1.012518603288411e+00
3.400000000000000e+00	8.978965313736136e-01
3.400000000000000e+00	9.660718556513083e-01
3.400000000000000e+00	9.858906636959720e-01
3.400000000000000e+00	8.991903796009263e-01
3.400000000000000e+00	1.014668855018209e+00
3.400000000000000e+00	9.016597104561296e-01
3.400000000000000e+00	9.408317225397718e-01
3.400000000000000e+00	9.170212217206142e-01
3.400000000000000e+00	1.057786257599555e+00
3.400000000000000e+00	9.706962143135491e-01
3.400000000000000e+00	1.016245371576130e+00
3.400000000000000e+00	8.928844613922248e-01
3.400000000000000e+00	8.536416160886232e-01
3.400000000000000e+00	9.517896644333302e-01
3.400000000000000e+00	8.993856372195496e-01
3.400000000000000e+00	8.725390275980579e-01
3.400000000000000e+00	9.369642202959521e-01
3.400000000000000e+00	8.815150069058134e-01
3.400000000000000e+00	8.729952261678584e-01
3.400000000000000e+00	9.927133404844913e-01
3.400000000000000e+00	9.364670349880897e-01
3.400000000000000e+00	9.110197709772700e-01
3.400000000000000e+00	9.855562524005663e-01
3.400000000000000e+00	9.325122121041882e-01
3.400000000000000e+00	9.266294762496383e-01
3.400000000000000e+00	9.615671730955121e-01
3.400000000000000e+00	9.400176757382388e-01
3.400000000000000e+00	8.847745868319777e-01
3.400000000000000e+00	9.899429456068739e-01
3.400000000000000e+00	9.201414919391316e-01
3.400000000000000e+00	9.022222277505789e-01
3.400000000000000e+00	9.390494470351887e-01
3.400000000000000e+00	9.106219430216971e-01
3.400000000000000e+00	9.229229992530354e-01
3.400000000000000e+00	9.061541831778857e-01
3.400000000000000e+00	9.402762556895932e-01
3.400000000000000e+00	9.180528537688232e-01
3.400000000000000e+00	9.709146981624363e-01
3.400000000000000e+00	9.107968293991051e-01
3.400000000000000e+00	8.926734806120226e-01
3.400000000000000e+00	9.301509280393372e-01
3.400000000000000e+00	9.350311621751397e-01
3.400000000000000e+00	8.966509005585542e-01
3.400000000000000e+00	1.045188154818970e+00
3.400000000000000e+00	9.735910497053578e-01
3.400000000000000e+00	9.061621136682064e-01
3.400000000000000e+00	9.833546597586469e-01
3.400000000000000e+00	9.315826058959763e-01
3.400000000000000e+00	9.379491137932314e-01
3.400000000000000e+00	9.256779296429629e-01
3.400000000000000e+00	9.529178015088833e-01
3.400000000000000e+00	9.774010384435343e-01
3.400000000000000e+00	8.988059903271196e-01
3.400000000000000e+00	9.204141604563455e-01
3.400000000000000e+00	8.619683571147709e-01
3.400000000000000e+00	1.013058903855182e+00
3.400000000000000e+00	8.377110640075733e-01
3.400000000000000e+00	9.582407966709338e-01
3.400000000000000e+00	9.969937268940275e-01
3.400000000000000e+00	9.259480934719022e-01
3.400000000000000e+00	9.205479076073662e-01
3.400000000000000e+00	9.567662534302173e-01
3.400000000000000e+00	8.832423877730544e-01
3.400000000000000e+00	9.346601874481848e-01
3.400000000000000e+00	9.035493675130702e-01
3.400000000000000e+00	9.288800736178192e-01
3.400000000000000e+00	8.658709380332376e-01
3.400000000000000e+00	9.554553395111568e-01
3.400000000000000e+00	9.452683226827225e-01
3.400000000000000e+00	9.617338485871298e-01
3.400000000000000e+00	9.618777398282345e-01
3.400000000000000e+00	9.961902864423983e-01
3.400000000000000e+00	9.357535349237506e-01
3.400000000000000e+00	9.021707090791375e-01
3.400000000000000e+00	9.240615325165044e-01
3.400000000000000e+00	9.278093205167179e-01
3.400000000000000e+00	9.711390077759214e-01
3.400000000000000e+00	9.260966994459982e-01
3.400000000000000e+00	9.052796670580441e-01
3.400000000000000e+00	9.336986056717290e-01
3.400000000000000e+00	9.718894707789412e-01
3.400000000000000e+00	8.849373820636781e-01
3.400000000000000e+00	9.138153721541856e-01
3.400000000000000e+00	9.043558874849876e-01
3.400000000000000e+00	9.621505023184560e-01
3.400000000000000e+00	9.920948165391856e-01
3.400000000000000e+00	9.742342044923682e-01
3.400000000000000e+00	9.910883128400866e-01
3.400000000000000e+00	8.853786245643483e-01
3.400000000000000e+00	9.556278528402844e-01
3.400000000000000e+00	1.000322943949661e+00
3.400000000000000e+00	8.944433163243740e-01
3.400000000000000e+00	1.038993251720345e+00
3.400000000000000e+00	9.386803486311368e-01
3.400000000000000e+00	9.324987319668144e-01
3.400000000000000e+00	8.567915361681686e-01
3.400000000000000e+00	9.328659773509145e-01
3.400000000000000e+00	9.440528177018229e-01
3.400000000000000e+00	9.973766262402642e-01
3.400000000000000e+00	8.844593890641169e-01
3.400000000000000e+00	8.805922443081768e-01
3.400000000000000e+00	1.003742500211537e+00
3.400000000000000e+00	8.802335024059115e-01
3.400000000000000e+00	9.091020071394504e-01
3.400000000000000e+00	9.077352584752033e-01
3.400000000000000e+00	9.180938568786929e-01
3.400000000000000e+00	9.379136128784746e-01
3.400000000000000e+00	9.605205118310834e-01
3.400000000000000e+00	9.325961571769809e-01
3.400000000000000e+00	9.007477301771437e-01
3.400000000000000e+00	8.974320284708053e-01
3.400000000000000e+00	8.507692024251555e-01
3.400000000000000e+00	9.452885523486584e-01
3.400000000000000e+00	8.611533562389989e-01
3.400000000000000e+00	9.131908118882449e-01
3.400000000000000e+00	8.926165474151712e-01
3.400000000000000e+00	9.745900151197550e-01
3.400000000000000e+00	1.005882554362020e+00
3.400000000000000e+00	8.677207355432477e-01
3.400000000000000e+00	9.296024543710328e-01
3.400000000000000e+00	9.203890652452544e-01
3.400000000000000e+00	9.266248788370115e-01
3.400000000000000e+00	8.823955983662854e-01
3.400000000000000e+00	9.409229552663982e-01
3.400000000000000e+00	9.709946691330287e-01
3.400000000000000e+00	9.751673109223531e-01
3.400000000000000e+00	9.278673919478675e-01
3.400000000000000e+00	1.018246095565562e+00
3.400000000000000e+00	9.045859262644090e-01
3.400000000000000e+00	8.739093188545474e-01
3.400000000000000e+00	8.947811799435642e-01
3.400000000000000e+00	8.271426727076173e-01
3.400000000000000e+00	8.868049138047752e-01
3.400000000000000e+00	9.078146159440584e-01
3.400000000000000e+00	9.786662856774206e-01
3.400000000000000e+00	9.692884706223044e-01
3.400000000000000e+00	9.676017580908703e-01
3.400000000000000e+00	1.023506002427758e+00
3.400000000000000e+00	1.037508650149974e+00
3.400000000000000e+00	9.706457577884776e-01
3.400000000000000e+00	1.002581080088815e+00
3.400000000000000e+00	9.410095234950798e-01
3.400000000000000e+00	9.195037111000662e-01
3.400000000000000e+00	9.322311256968147e-01
3.400000000000000e+00	9.871250843241642e-01
3.400000000000000e+00	8.721547190509714e-01
3.400000000000000e+00	9.824890760983399e-01
3.400000000000000e+00	9.189121461189536e-01
3.400000000000000e+00	8.750806303993184e-01
3.400000000000000e+00	9.530444936591823e-01
3.400000000000000e+00	9.169235759107667e-01
3.400000000000000e+00	8.658401459240819e-01
3.400000000000000e+00	9.631378101524849e-01
3.400000000000000e+00	9.249384279013765e-01
3.400000000000000e+00	9.059945243672484e-01
3.400000000000000e+00	9.632777933133280e-01
3.400000000000000e+00	9.802483377741160e-01
3.400000000000000e+00	9.968732920210388e-01
3.400000000000000e+00	9.612764329738555e-01
3.400000000000000e+00	1.022053796065450e+00
3.400000000000000e+00	9.259631398494798e-01
3.400000000000000e+00	9.602492689615015e-01
3.400000000000000e+00	9.699886156285864e-01
3.400000000000000e+00	9.159226794563499e-01
3.400000000000000e+00	9.602519157236489e-01
3.400000000000000e+00	8.756509276467622e-01
3.400000000000000e+00	9.903492585426077e-01
3.400000000000000e+00	9.269802660657375e-01
3.400000000000000e+00	9.082336464493579e-01
3.400000000000000e+00	9.857837758211550e-01
3.400000000000000e+00	9.610651498116956e-01
3.400000000000000e+00	8.936422834964675e-01
3.400000000000000e+00	8.778409287984466e-01
3.400000000000000e+00	9.212303690040939e-01
3.400000000000000e+00	9.391930574739222e-01
3.400000000000000e+00	9.043321382944273e-01
3.400000000000000e+00	8.973326593279335e-01
3.400000000000000e+00	8.531010501556787e-01
3.400000000000000e+00	9.509933851509302e-01
3.400000000000000e+00	9.291331283082653e-01
3.400000000000000e+00	9.474237243657048e-01
3.400000000000000e+00	8.897036016786553e-01
3.400000000000000e+00	9.215350950526222e-01
3.400000000000000e+00	9.252746434240403e-01
3.400000000000000e+00	9.735270175014297e-01
3.400000000000000e+00	9.046926505420382e-01
3.400000000000000e+00	9.722258507355375e-01
3.400000000000000e+00	9.451367541672834e-01
3.400000000000000e+00	9.956875134783167e-01
3.400000000000000e+00	9.667207016860745e-01
3.400000000000000e+00	9.838530103955778e-01
3.400000000000000e+00	9.541885465563805e-01
3.400000000000000e+00	9.628716044631820e-01
3.400000000000000e+00	9.327584396813076e-01
3.400000000000000e+00	9.272527941083253e-01
3.400000000000000e+00	9.700787587067269e-01
3.400000000000000e+00	8.999451906065304e-01
3.400000000000000e+00	8.892347133516493e-01
3.400000000000000e+00	9.396077601159945e-01
3.400000000000000e+00	9.582426868217802e-01
3.400000000000000e+00	9.465616050271647e-01
3.400000000000000e+00	9.690925285871274e-01
3.400000000000000e+00	1.006332440184692e+00
3.400000000000000e+00	9.047905013298426e-01
3.400000000000000e+00	9.888860290831651e-01
3.400000000000000e+00	9.648496013001101e-01
3.400000000000000e+00	9.366814146002872e-01
3.400000000000000e+00	8.848413201730814e-01
3.400000000000000e+00	1.029554267198646e+00
3.400000000000000e+00	9.431952816171575e-01
3.400000000000000e+00	1.028047957185620e+00
3.400000000000000e+00	9.073959686705472e-01
3.400000000000000e+00	9.997237078584243e-01
3.400000000000000e+00	9.498561441759684e-01
3.400000000000000e+00	8.756930197932612e-01
3.400000000000000e+00	9.699750145880695e-01
3.400000000000000e+00	9.798845607956809e-01
3.400000000000000e+00	9.706915460965402e-01
3.400000000000000e+00	9.025671768105523e-01
3.400000000000000e+00	9.070211823509177e-01
3.400000000000000e+00	8.514267866684702e-01
3.400000000000000e+00	9.355630880865389e-01
3.400000000000000e+00	9.766578721252109e-01
3.400000000000000e+00	9.678767142242269e-01
3.400000000000000e+00	9.943155180596728e-01
3.400000000000000e+00	9.292776747896118e-01
3.400000000000000e+00	9.920578434580201e-01
3.400000000000000e+00	8.778093630855668e-01
3.400000000000000e+00	9.643087774095447e-01
3.400000000000000e+00	8.761743759934423e-01
3.400000000000000e+00	9.701734987659658e-01
3.400000000000000e+00	1.020305837850821e+00
3.400000000000000e+00	9.486829995124670e-01
3.400000000000000e+00	1.006585044938999e+00
3.400000000000000e+00	9.903715101948027e-01
3.400000000000000e+00	9.735542847693150e-01
3.400000000000000e+00	9.416316061260257e-01
3.400000000000000e+00	8.725009607944150e-01
3.400000000000000e+00	9.414956639421497e-01
3.400000000000000e+00	8.923633326485362e-01
3.400000000000000e+00	9.099267350378787e-01
3.400000000000000e+00	9.674495301316528e-01
3.400000000000000e+00	9.584778805097258e-01
3.400000000000000e+00	9.681434290576688e-01
3.400000000000000e+00	9.596350539669178e-01
3.400000000000000e+00	1.036288595492832e+00
3.400000000000000e+00	9.317088177312075e-01
3.400000000000000e+00	9.705564308046938e-01
3.400000000000000e+00	9.133825771638409e-01
3.400000000000000e+00	9.399480608191126e-01
3.400000000000000e+00	1.006054945480473e+00
3.400000000000000e+00	9.027860161073001e-01
3.400000000000000e+00	1.034349405874362e+00
3.400000000000000e+00	9.078449350995861e-01
3.400000000000000e+00	9.585213420053174e-01
3.400000000000000e+00	9.352863292685399e-01
3.400000000000000e+00	8.862440970725979e-01
3.400000000000000e+00	9.520704883142180e-01
3.400000000000000e+00	9.560995448807735e-01
3.400000000000000e+00	9.243219979041879e-01
3.400000000000000e+00	9.101596542685381e-01
3.400000000000000e+00	9.364938028361495e-01
3.400000000000000e+00	9.875672323553708e-01
3.400000000000000e+00	9.314240232782015e-01
3.400000000000000e+00	8.797908884320307e-01
3.400000000000000e+00	8.874388313453121e-01
3.400000000000000e+00	9.226510895268482e-01
3.400000000000000e+00	9.736162604054321e-01
3.400000000000000e+00	1.025019145762483e+00
3.400000000000000e+00	9.165979974852785e-01
3.400000000000000e+00	9.698895235739146e-01
3.400000000000000e+00	9.183523652641837e-01
3.400000000000000e+00	9.083351163274856e-01
3.400000000000000e+00	1.001062128642922e+00
3.400000000000000e+00	9.526930991609726e-01
3.400000000000000e+00	9.423040720972804e-01
3.400000000000000e+00	9.723957694915674e-01
3.400000000000000e+00	9.958933229055100e-01
3.400000000000000e+00	9.345028396824799e-01
3.400000000000000e+00	9.338392290832433e-01
3.400000000000000e+00	9.885459092264565e-01
3.400000000000000e+00	9.391546100341427e-01
3.400000000000000e+00	1.089241623877412e+00
3.400000000000000e+00	1.025876583706059e+00
3.400000000000000e+00	9.145500964800158e-01
3.400000000000000e+00	8.826950225764255e-01
3.400000000000000e+00	1.051869020836389e+00
3.400000000000000e+00	9.347243689147613e-01
3.400000000000000e+00	9.882076191361867e-01
3.400000000000000e+00	8.638906675969525e-01
3.400000000000000e+00	9.302216707987799e-01
3.400000000000000e+00	9.299418868421779e-01
3.400000000000000e+00	1.039275006682230e+00
3.400000000000000e+00	9.858823123510504e-01
3.400000000000000e+00	8.944888118902958e-01
3.400000000000000e+00	9.067747521967383e-01
3.400000000000000e+00	8.917535076640188e-01
3.400000000000000e+00	1.003082976499853e+00
3.400000000000000e+00	9.095494933226070e-01
3.400000000000000e+00	9.108220558742623e-01
3.400000000000000e+00	9.615743102191449e-01
3.400000000000000e+00	8.658712672588527e-01
3.400000000000000e+00	1.022392369857456e+00
3.400000000000000e+00	9.488607473430410e-01
3.400000000000000e+00	8.878553543436277e-01
3.400000000000000e+00	8.747543846448269e-01
3.400000000000000e+00	8.706155701764918e-01
3.400000000000000e+00	8.911707269305245e-01
3.400000000000000e+00	9.344099063473237e-01
3.400000000000000e+00	9.485158520069258e-01
3.400000000000000e+00	9.554625549936282e-01
3.400000000000000e+00	9.816882875321207e-01
3.400000000000000e+00	9.527627048318547e-01
3.400000000000000e+00	9.091183522047093e-01
3.400000000000000e+00	9.436802561057351e-01
3.400000000000000e+00	9.752467485100998e-01
3.400000000000000e+00	1.000272832859924e+00
3.400000000000000e+00	1.049216757570805e+00
3.400000000000000e+00	9.444813263545345e-01
3.400000000000000e+00	8.956160000850878e-01
3.400000000000000e+00	9.665454887142324e-01
3.400000000000000e+00	9.414485185021395e-01
3.400000000000000e+00	9.012853433207040e-01
3.400000000000000e+00	9.696727860450719e-01
3.400000000000000e+00	8.699871430042618e-01
3.400000000000000e+00	1.024833188127512e+00
3.400000000000000e+00	9.855516657128973e-01
3.400000000000000e+00	9.697280046073267e-01
3.400000000000000e+00	9.108596536695430e-01
3.400000000000000e+00	9.845968299913489e-01
3.400000000000000e+00	9.735296225004043e-01
3.400000000000000e+00	8.267536789952605e-01
3.400000000000000e+00	9.747742396108239e-01
3.400000000000000e+00	9.366603853678779e-01
3.400000000000000e+00	8.744159621298006e-01
3.400000000000000e+00	8.714969227234350e-01
3.400000000000000e+00	9.346313200575206e-01
3.400000000000000e+00	9.839942241250395e-01
3.400000000000000e+00	9.166230819120069e-01
3.400000000000000e+00	8.592463105251531e-01
3.400000000000000e+00	8.584151074150316e-01
3.400000000000000e+00	9.371128221018739e-01
3.400000000000000e+00	8.909015843019243e-01
3.400000000000000e+00	1.021486499368006e+00
3.400000000000000e+00	1.001471164598673e+00
3.400000000000000e+00	9.525058056795511e-01
3.400000000000000e+00	1.003066597279555e+00
3.400000000000000e+00	9.168983801890276e-01
3.400000000000000e+00	9.895697300331231e-01
3.400000000000000e+00	9.895964538840891e-01
3.400000000000000e+00	1.004217049474198e+00
3.400000000000000e+00	9.432579951479655e-01
3.400000000000000e+00	9.753061472724379e-01
3.400000000000000e+00	8.127534169847066e-01
3.400000000000000e+00	9.319040951387659e-01
3.400000000000000e+00	1.012388683987711e+00
3.400000000000000e+00	9.127705386679387e-01
3.400000000000000e+00	1.032706472726766e+00
3.400000000000000e+00	9.837594220138034e-01
3.400000000000000e+00	8.641959355158142e-01
3.400000000000000e+00	8.936712262785920e-01
3.400000000000000e+00	8.611557379018187e-01
3.400000000000000e+00	9.078534843881491e-01
3.400000000000000e+00	9.215567083569193e-01
3.400000000000000e+00	1.021881122962274e+00
3.400000000000000e+00	9.016112309356838e-01
3.400000000000000e+00	9.498781275950388e-01
3.400000000000000e+00	9.567051720682764e-01
3.400000000000000e+00	8.849593924130896e-01
3.400000000000000e+00	8.993573660137573e-01
3.400000000000000e+00	8.708848039369789e-01
3.400000000000000e+00	9.358539683944038e-01
3.400000000000000e+00	9.283570729699819e-01
3.400000000000000e+00	9.502427016587197e-01
3.400000000000000e+00	1.020429772144449e+00
3.400000000000000e+00	9.697103023921774e-01
3.400000000000000e+00	8.922645433232201e-01
3.400000000000000e+00	9.111492687240882e-01
3.400000000000000e+00	9.907763833590115e-01
3.400000000000000e+00	8.970310313932063e-01
3.400000000000000e+00	9.107737452085619e-01
3.400000000000000e+00	9.295253957193720e-01
3.400000000000000e+00	9.491670601774054e-01
3.400000000000000e+00	9.117468211184611e-01
3.400000000000000e+00	8.586059010294823e-01
3.400000000000000e+00	9.267918021615592e-01
3.400000000000000e+00	1.023006252583349e+00
3.400000000000000e+00	9.533006217220550e-01
3.400000000000000e+00	9.517735832801377e-01
3.400000000000000e+00	9.642546721540614e-01
3.400000000000000e+00	9.658269965679485e-01
3.400000000000000e+00	9.866804322145769e-01
3.400000000000000e+00	9.338817177838423e-01
3.400000000000000e+00	8.819806774749844e-01
3.400000000000000e+00	9.495297010931566e-01
3.400000000000000e+00	8.974951915289315e-01
3.400000000000000e+00	9.840335216584014e-01
3.400000000000000e+00	9.063273107965409e-01
3.400000000000000e+00	9.486755806741206e-01
3.400000000000000e+00	9.455894721944069e-01
3.400000000000000e+00	9.300235481720900e-01
3.400000000000000e+00	1.025166116755064e+00
3.400000000000000e+00	9.781758946332262e-01
3.400000000000000e+00	9.324125872700152e-01
3.400000000000000e+00	9.364236513559890e-01
3.400000000000000e+00	9.339855645162755e-01
3.400000000000000e+00	9.989635687256062e-01
3.400000000000000e+00	9.593985643334551e-01
3.400000000000000e+00	9.325166413101350e-01
3.400000000000000e+00	9.251025816497114e-01
3.400000000000000e+00	9.048626572098410e-01
3.400000000000000e+00	1.001516867523853e+00
3.400000000000000e+00	9.311905988776891e-01
3.400000000000000e+00	8.819630103659739e-01
3.400000000000000e+00	9.865279417223396e-01
3.400000000000000e+00	8.696807661430469e-01
3.400000000000000e+00	9.349427691054868e-01
3.400000000000000e+00	8.997339779743603e-01
3.400000000000000e+00	9.334850379867428e-01
3.400000000000000e+00	9.556489806155535e-01
3.400000000000000e+00	9.553357632240401e-01
3.400000000000000e+00	9.022849158404456e-01
3.400000000000000e+00	7.974762563179560e-01
3.400000000000000e+00	9.968205797959688e-01
3.400000000000000e+00	9.573016884231382e-01
3.400000000000000e+00	1.045583647332029e+00
3.400000000000000e+00	1.017554093662427e+00
3.400000000000000e+00	9.568772976129927e-01
3.400000000000000e+00	9.081702121413917e-01
3.400000000000000e+00	1.042126601618236e+00
3.400000000000000e+00	9.770513815758450e-01
3.400000000000000e+00	9.578666872047916e-01
3.400000000000000e+00	9.793605135430471e-01
3.400000000000000e+00	1.046498432259825e+00
3.400000000000000e+00	9.501558590449151e-01
3.400000000000000e+00	9.789513485617608e-01
3.400000000000000e+00	9.286797325435182e-01
3.400000000000000e+00	9.396545612650070e-01
3.400000000000000e+00	9.775097136398407e-01
3.400000000000000e+00	8.763882156075307e-01
3.400000000000000e+00	9.026736281976313e-01
3.400000000000000e+00	9.417900595764171e-01
3.400000000000000e+00	9.599264526260873e-01
3.400000000000000e+00	1.013258196572427e+00
3.400000000000000e+00	9.760000549777468e-01
3.400000000000000e+00	9.871948984074108e-01
3.400000000000000e+00	1.012197639773897e+00
3.400000000000000e+00	9.035125909862317e-01
3.400000000000000e+00	9.879447773757118e-01
3.400000000000000e+00	9.731451275931944e-01
3.400000000000000e+00	9.151852361294766e-01
3.400000000000000e+00	9.645861570759781e-01
3.400000000000000e+00	9.746132111887511e-01
3.400000000000000e+00	1.017782432362527e+00
3.400000000000000e+00	1.007671418233314e+00
3.400000000000000e+00	9.665284536572878e-01
3.400000000000000e+00	9.157946677942427e-01
3.400000000000000e+00	9.514858049688629e-01
3.400000000000000e+00	8.839987937855812e-01
3.400000000000000e+00	9.458113391797122e-01
3.400000000000000e+00	8.903565764425780e-01
3.400000000000000e+00	9.303243177713638e-01
3.400000000000000e+00	1.054794864835923e+00
3.400000000000000e+00	1.026624376454578e+00
3.400000000000000e+00	1.053170726381127e+00
3.400000000000000e+00	8.838209482851073e-01
3.400000000000000e+00	9.626020846733924e-01
3.400000000000000e+00	8.789256095954521e-01
3.400000000000000e+00	9.030528338688407e-01
3.400000000000000e+00	9.975102805867037e-01
3.400000000000000e+00	9.187784184514276e-01
3.400000000000000e+00	9.758808908167317e-01
3.400000000000000e+00	8.116729339291539e-01
3.400000000000000e+00	9.104427961138168e-01
3.400000000000000e+00	9.645612282315950e-01
3.400000000000000e+00	9.001763946130259e-01
3.400000000000000e+00	9.501504404667185e-01
3.400000000000000e+00	8.981154518735195e-01
3.400000000000000e+00	9.853149552321628e-01
3.400000000000000e+00	9.568579611616899e-01
3.400000000000000e+00	1.010710196943478e+00
3.400000000000000e+00	9.094892203098748e-01
3.400000000000000e+00	9.986556295337722e-01
3.400000000000000e+00	9.002201060531765e-01
3.400000000000000e+00	9.635990609453887e-01
3.400000000000000e+00	9.329685787923286e-01
3.400000000000000e+00	9.848678128075683e-01
3.400000000000000e+00	1.013569941561619e+00
3.400000000000000e+00	9.847448504686312e-01
3.400000000000000e+00	9.961281789933475e-01
3.400000000000000e+00	9.243278053322114e-01
3.400000000000000e+00	9.288139125533046e-01
3.400000000000000e+00	8.997802212831739e-01
3.400000000000000e+00	9.659608245657086e-01
3.400000000000000e+00	1.113081889234421e+00
3.400000000000000e+00	9.807487133614639e-01
3.400000000000000e+00	9.027523978239929e-01
3.400000000000000e+00	9.702285759666912e-01
3.400000000000000e+00	9.049804625719952e-01
3.400000000000000e+00	8.605918793709656e-01
3.400000000000000e+00	8.924381028045985e-01
3.400000000000000e+00	9.956913135941835e-01
3.400000000000000e+00	9.638508234231017e-01
3.400000000000000e+00	9.182574878842775e-01
3.400000000000000e+00	1.010856183403071e+00
3.400000000000000e+00	9.705183587290209e-01
3.400000000000000e+00	9.450469490751736e-01
3.400000000000000e+00	9.539067071818083e-01
3.400000000000000e+00	8.855282440376668e-01
3.400000000000000e+00	9.446561997349840e-01
3.400000000000000e+00	9.650274411228986e-01
3.400000000000000e+00	9.839279681169147e-01
3.400000000000000e+00	9.519618260895315e-01
3.400000000000000e+00	9.249141462656966e-01
3.400000000000000e+00	8.934905402077074e-01
3.400000000000000e+00	9.435625353243343e-01
3.400000000000000e+00	9.513932516567819e-01
3.400000000000000e+00	1.013265686845467e+00
3.400000000000000e+00	9.608747710589033e-01
3.400000000000000e+00	1.022240867975029e+00
3.400000000000000e+00	9.443096991588025e-01
3.400000000000000e+00	9.871288268600300e-01
3.400000000000000e+00	9.487449311363451e-01
3.400000000000000e+00	1.002133104677529e+00
3.400000000000000e+00	9.476555285424176e-01
3.400000000000000e+00	9.034291827776750e-01
3.400000000000000e+00	9.811354680757056e-01
3.400000000000000e+00	1.005288287705290e+00
3.400000000000000e+00	9.068502620821983e-01
3.400000000000000e+00	9.337770579622142e-01
3.400000000000000e+00	9.592934237424536e-01
3.400000000000000e+00	1.004693226458360e+00
3.400000000000000e+00	9.522995686233864e-01
3.400000000000000e+00	8.927306559042171e-01
3.400000000000000e+00	8.582545912132787e-01
3.400000000000000e+00	9.513021183481268e-01
3.400000000000000e+00	9.550911069969484e-01
3.400000000000000e+00	9.383966045606041e-01
3.400000000000000e+00	8.887409468765370e-01
3.400000000000000e+00	8.786304598671514e-01
3.400000000000000e+00	9.568931108288574e-01
3.400000000000000e+00	8.877146199384506e-01
3.400000000000000e+00	8.927678205307645e-01
3.400000000000000e+00	8.756989572445996e-01
3.400000000000000e+00	9.095688568735206e-01
3.400000000000000e+00	1.015208446881060e+00
3.400000000000000e+00	9.582449730166746e-01
3.400000000000000e+00	9.776799284674658e-01
3.400000000000000e+00	9.212191615509107e-01
3.400000000000000e+00	9.987585796147570e-01
3.400000000000000e+00	9.028455706172803e-01
3.400000000000000e+00	9.712478088277809e-01
3.400000000000000e+00	9.540312571171120e-01
3.400000000000000e+00	1.024021154977459e+00
3.400000000000000e+00	9.556011598446551e-01
3.400000000000000e+00	9.924851966502909e-01
3.400000000000000e+00	9.910194541348996e-01
3.400000000000000e+00	9.408628519174841e-01
3.400000000000000e+00	9.796834706983070e-01
3.400000000000000e+00	9.947350947103549e-01
3.400000000000000e+00	9.166878032244258e-01
3.400000000000000e+00	8.753153665143364e-01
3.400000000000000e+00	9.277828350664108e-01
3.400000000000000e+00	8.672258685653242e-01
3.400000000000000e+00	1.041665901137146e+00
3.400000000000000e+00	9.686531103755265e-01
3.400000000000000e+00	9.790632457101778e-01
3.400000000000000e+00	9.520103889854942e-01
3.400000000000000e+00	8.863058337905696e-01
3.400000000000000e+00	9.358179971280766e-01
3.400000000000000e+00	9.702859497725792e-01
3.400000000000000e+00	9.550447903377465e-01
3.400000000000000e+00	1.026810710458140e+00
3.400000000000000e+00	9.566710759696057e-01
3.400000000000000e+00	9.807914372059006e-01
3.400000000000000e+00	9.119383181324970e-01
3.400000000000000e+00	8.617991167286255e-01
3.400000000000000e+00	9.960176787305992e-01
3.400000000000000e+00	9.232274956284273e-01
3.400000000000000e+00	9.172527325094992e-01
3.400000000000000e+00	9.796178624757592e-01
3.400000000000000e+00	1.011161394897257e+00
3.400000000000000e+00	9.369212101511604e-01
3.400000000000000e+00	9.602941749040670e-01
3.400000000000000e+00	1.019336553701079e+00
3.400000000000000e+00	9.477216627981303e-01
3.400000000000000e+00	8.592509740634393e-01
3.400000000000000e+00	9.470237844804044e-01
3.400000000000000e+00	9.074786801618067e-01
3.400000000000000e+00	8.674754795291613e-01
3.400000000000000e+00	8.913514538853430e-01
3.400000000000000e+00	9.017430352595655e-01
3.400000000000000e+00	9.481663445965953e-01
3.400000000000000e+00	9.482694779496077e-01
3.400000000000000e+00	9.766658373208590e-01
3.400000000000000e+00	9.050266479285144e-01
3.400000000000000e+00	9.214361026907735e-01
3.400000000000000e+00	9.639675503446885e-01
3.400000000000000e+00	9.413486921428557e-01
3.400000000000000e+00	9.324947990367890e-01
3.400000000000000e+00	9.320175322395086e-01
3.400000000000000e+00	9.688585659388680e-01
3.400000000000000e+00	8.580101269190763e-01
3.400000000000000e+00	9.275997553468193e-01
3.400000000000000e+00	9.438857045613771e-01
3.400000000000000e+00	8.930791585886657e-01
3.400000000000000e+00	9.778529547769056e-01
3.400000000000000e+00	9.635008040498216e-01
3.400000000000000e+00	1.024933870118700e+00
3.400000000000000e+00	9.394382111634049e-01
3.400000000000000e+00	9.339236914112231e-01
3.400000000000000e+00	9.106534799725488e-01
3.400000000000000e+00	9.102068596341606e-01
3.400000000000000e+00	9.017856263341191e-01
3.400000000000000e+00	8.433139103470194e-01
3.400000000000000e+00	8.960566470028865e-01
3.400000000000000e+00	9.773762448267241e-01
3.400000000000000e+00	9.917416532326641e-01
3.400000000000000e+00	9.124726929784087e-01
3.400000000000000e+00	8.917158847408160e-01
3.400000000000000e+00	9.135430553160512e-01
3.400000000000000e+00	9.482552642556433e-01
3.400000000000000e+00	8.734750351824383e-01
3.400000000000000e+00	8.503381608447075e-01
3.400000000000000e+00	9.174570282932339e-01
3.400000000000000e+00	9.822900646232645e-01
3.400000000000000e+00	9.525262501074823e-01
3.400000000000000e+00	9.596337354743456e-01
3.400000000000000e+00	9.966601444172226e-01
3.400000000000000e+00	9.000079624794213e-01
3.400000000000000e+00	9.196089046582936e-01
3.400000000000000e+00	9.494932884382618e-01
3.400000000000000e+00	8.737817826587859e-01
3.400000000000000e+00	9.722659435533427e-01
3.400000000000000e+00	9.115012580290809e-01
3.400000000000000e+00	9.276905609060763e-01
3.400000000000000e+00	9.901194761576968e-01
3.400000000000000e+00	9.415982933347818e-01
3.400000000000000e+00	9.623983793049968e-01
3.400000000000000e+00	9.207649035943998e-01
3.400000000000000e+00	9.278552714531222e-01
3.400000000000000e+00	9.472317174908671e-01
3.400000000000000e+00	8.667422255847267e-01
3.400000000000000e+00	8.948993169002343e-01
3.400000000000000e+00	9.723908180437635e-01
3.400000000000000e+00	9.837527922856915e-01
3.400000000000000e+00	1.015331214569781e+00
3.400000000000000e+00	9.853308396575888e-01
3.400000000000000e+00	9.168705614904219e-01
3.400000000000000e+00	8.711334351829755e-01
3.400000000000000e+00	9.459171664844512e-01
3.400000000000000e+00	9.891826357654354e-01
3.400000000000000e+00	9.805001278562702e-01
3.400000000000000e+00	1.048910792537910e+00
3.400000000000000e+00	9.116586811433786e-01
3.400000000000000e+00	9.156148328757374e-01
3.400000000000000e+00	9.099119700368432e-01
3.400000000000000e+00	9.105006779176515e-01
3.400000000000000e+00	9.112638532412263e-01
3.400000000000000e+00	9.362931746045018e-01
3.400000000000000e+00	8.774752888581500e-01
3.400000000000000e+00	9.840552754379015e-01
3.400000000000000e+00	9.652861498436811e-01
3.400000000000000e+00	8.903668616235245e-01
3.400000000000000e+00	9.135834627694158e-01
3.400000000000000e+00	9.198848736818237e-01
3.400000000000000e+00	9.491390341204775e-01
3.400000000000000e+00	9.556442080040601e-01
3.400000000000000e+00	9.766073214222050e-01
3.400000000000000e+00	8.966347262365963e-01
3.400000000000000e+00	9.516204788510627e-01
3.400000000000000e+00	9.068450880642314e-01
3.400000000000000e+00	9.391336927579855e-01
3.400000000000000e+00	9.555366221070736e-01
3.400000000000000e+00	9.726472312501864e-01
3.400000000000000e+00	8.522087046934697e-01
3.400000000000000e+00	9.292368621178714e-01
3.400000000000000e+00	9.297601229918965e-01
3.400000000000000e+00	9.077194567692858e-01
3.400000000000000e+00	9.390424494679298e-01
3.400000000000000e+00	9.763896641370086e-01
3.400000000000000e+00	9.554052026308318e-01
3.400000000000000e+00	8.950954517390615e-01
3.400000000000000e+00	8.901918573539829e-01
3.400000000000000e+00	9.350615568628187e-01
3.400000000000000e+00	1.024299255790392e+00
3.400000000000000e+00	8.178165703177606e-01
3.400000000000000e+00	9.446409231915883e-01
3.400000000000000e+00	9.028576207057692e-01
3.400000000000000e+00	1.013499692520516e+00
3.400000000000000e+00	1.013288052400978e+00
3.400000000000000e+00	9.422784263294934e-01
3.400000000000000e+00	8.887912411890632e-01
3.400000000000000e+00	8.957657438373433e-01
3.400000000000000e+00	9.908125153894100e-01
3.400000000000000e+00	9.467559259463625e-01
3.400000000000000e+00	9.651968049959933e-01
3.400000000000000e+00	1.019726972380030e+00
3.400000000000000e+00	9.326855301517709e-01
3.400000000000000e+00	9.428053867010360e-01
3.400000000000000e+00	9.270166332746262e-01
3.400000000000000e+00	9.440100437190531e-01
3.400000000000000e+00	9.637600118950505e-01
3.400000000000000e+00	8.945626243593239e-01
3.400000000000000e+00	9.484911008053127e-01
3.400000000000000e+00	9.480483837813792e-01
3.400000000000000e+00	9.565571092446501e-01
3.400000000000000e+00	8.404338561386325e-01
3.400000000000000e+00	8.607679272945148e-01
3.400000000000000e+00	8.931609717683942e-01
3.400000000000000e+00	9.630863775129972e-01
3.400000000000000e+00	1.109292687245783e+00
3.400000000000000e+00	9.050812203384601e-01
3.400000000000000e+00	9.463715819862617e-01
3.400000000000000e+00	8.898080116822613e-01
3.400000000000000e+00	9.270418989344307e-01
3.400000000000000e+00	9.413921113847217e-01
3.400000000000000e+00	9.563869287382977e-01
3.400000000000000e+00	9.978639631155013e-01
3.400000000000000e+00	9.205599573840910e-01
3.400000000000000e+00	8.892496625470205e-01
3.400000000000000e+00	9.569695845829398e-01
3.400000000000000e+00	9.443689763879057e-01
3.400000000000000e+00	9.649277166705188e-01
3.400000000000000e+00	8.917206309565494e-01
3.400000000000000e+00	9.893318971764439e-01
3.400000000000000e+00	9.161578452737477e-01
3.400000000000000e+00	8.958312969220131e-01
3.400000000000000e+00	9.903171999350212e-01
3.400000000000000e+00	9.757970960210230e-01
3.400000000000000e+00	9.100189947944823e-01
3.400000000000000e+00	9.461644146064748e-01
3.400000000000000e+00	9.513585474202689e-01
3.400000000000000e+00	9.278467480574304e-01
3.400000000000000e+00	8.921217460325812e-01
3.400000000000000e+00	9.675294129451160e-01
3.400000000000000e+00	9.363182665425692e-01
3.400000000000000e+00	1.024291490154914e+00
3.400000000000000e+00	8.861165136007786e-01
3.400000000000000e+00	9.735155090275015e-01
3.400000000000000e+00	1.004030105218378e+00
3.400000000000000e+00	9.752605872500533e-01
3.400000000000000e+00	9.301483346046737e-01
3.400000000000000e+00	9.051242745520922e-01
3.400000000000000e+00	9.813004160218594e-01
3.400000000000000e+00	8.752950293944277e-01
3.400000000000000e+00	9.631275650456844e-01
3.400000000000000e+00	9.265199369957834e-01
3.400000000000000e+00	9.486884765725896e-01
3.400000000000000e+00	8.649912783024654e-01
3.400000000000000e+00	8.980293088296174e-01
3.400000000000000e+00	9.674151055889724e-01
3.400000000000000e+00	9.719815341787772e-01
3.400000000000000e+00	9.573549880251468e-01
3.400000000000000e+00	9.063254941727351e-01
3.400000000000000e+00	1.000252006276617e+00
3.400000000000000e+00	8.892318263407037e-01
3.400000000000000e+00	9.915300486002786e-01
3.400000000000000e+00	9.697482664555565e-01
3.400000000000000e+00	1.039861458714935e+00
3.400000000000000e+00	9.149575736162638e-01
3.400000000000000e+00	8.761013611442137e-01
3.400000000000000e+00	9.017318252977661e-01
3.400000000000000e+00	1.012162496100220e+00
3.400000000000000e+00	9.178961489244505e-01
3.400000000000000e+00	9.430476863326609e-01
3.400000000000000e+00	9.065998424661935e-01
3.400000000000000e+00	9.859839993931421e-01
3.400000000000000e+00	9.115636773715424e-01
3.400000000000000e+00	1.012342707266770e+00
3.400000000000000e+00	1.034764368621083e+00
3.400000000000000e+00	9.564398967073329e-01
3.400000000000000e+00	1.057995151747832e+00
3.400000000000000e+00	1.010819731013305e+00
3.400000000000000e+00	9.804079384651093e-01
3.400000000000000e+00	9.531366796367531e-01
3.400000000000000e+00	9.046043983537763e-01
3.400000000000000e+00	9.861727689539739e-01
3.400000000000000e+00	9.133797295252764e-01
3.400000000000000e+00	1.002341643090659e+00
3.400000000000000e+00	9.066377293398490e-01
