3.150000000000000e+00	6.517794348373466e-01
3.150000000000000e+00	6.228050770575192e-01
3.150000000000000e+00	7.138480472107408e-01
3.150000000000000e+00	6.059078331012026e-01
3.150000000000000e+00	6.355947434525897e-01
3.150000000000000e+00	6.928069070387864e-01
3.150000000000000e+00	6.874450453743783e-01
3.150000000000000e+00	6.766951102481688e-01
3.150000000000000e+00	6.225040797398281e-01
3.150000000000000e+00	6.084737625757310e-01
3.150000000000000e+00	5.978427459750364e-01
3.150000000000000e+00	6.685172990236700e-01
3.150000000000000e+00	6.930512934723879e-01
3.150000000000000e+00	6.475829610113017e-01
3.150000000000000e+00	6.579589523978296e-01
3.150000000000000e+00	6.427609559408202e-01
3.150000000000000e+00	6.278747746353555e-01
3.150000000000000e+00	6.798692628577339e-01
3.150000000000000e+00	6.780324560035101e-01
3.150000000000000e+00	6.355257982441200e-01
3.150000000000000e+00	6.583573355770419e-01
3.150000000000000e+00	6.886884610792153e-01
3.150000000000000e+00	6.452199343707480e-01
3.150000000000000e+00	6.807861047970842e-01
3.150000000000000e+00	6.665803231941847e-01
3.150000000000000e+00	5.861236492086040e-01
3.150000000000000e+00	6.561601069312354e-01
3.150000000000000e+00	6.344458546224468e-01
3.150000000000000e+00	5.932513786355268e-01
3.150000000000000e+00	6.103510871530078e-01
3.150000000000000e+00	6.207757725700910e-01
3.150000000000000e+00	6.617614308829414e-01
3.150000000000000e+00	6.239474060640894e-01
3.150000000000000e+00	6.314093431452638e-01
3.150000000000000e+00	6.439955409312202e-01
3.150000000000000e+00	6.564158488058049e-01
3.150000000000000e+00	6.591139187195348e-01
3.150000000000000e+00	6.078950481653786e-01
3.150000000000000e+00	6.807943395643963e-01
3.150000000000000e+00	6.997549001841357e-01
3.150000000000000e+00	6.329057693802975e-01
3.150000000000000e+00	6.247491930360149e-01
3.150000000000000e+00	6.446938352739148e-01
3.150000000000000e+00	6.625170083749435e-01
3.150000000000000e+00	6.570023460309538e-01
3.150000000000000e+00	6.315843856842132e-01
3.150000000000000e+00	6.225359526319877e-01
3.150000000000000e+00	6.507502298969405e-01
3.150000000000000e+00	6.783743520787809e-01
3.150000000000000e+00	6.023386447963178e-01
3.150000000000000e+00	6.445376209969550e-01
3.150000000000000e+00	6.174628112206630e-01
3.150000000000000e+00	5.775131757747780e-01
3.150000000000000e+00	6.538401451297811e-01
3.150000000000000e+00	6.434281452857645e-01
3.150000000000000e+00	6.741121176629310e-01
3.150000000000000e+00	6.405950772937441e-01
3.150000000000000e+00	6.285299052118745e-01
3.150000000000000e+00	6.622581313970132e-01
3.150000000000000e+00	6.231421312239748e-01
3.150000000000000e+00	6.693271585666029e-01
3.150000000000000e+00	6.420585258648229e-01
3.150000000000000e+00	5.732052621044534e-01
3.150000000000000e+00	6.140472274876728e-01
3.150000000000000e+00	6.500895173088498e-01
3.150000000000000e+00	6.637547438251303e-01
3.150000000000000e+00	6.223074215985680e-01
3.150000000000000e+00	6.126781674748798e-01
3.150000000000000e+00	6.300210302146023e-01
3.150000000000000e+00	6.713153254142661e-01
3.150000000000000e+00	6.357548371785716e-01
3.150000000000000e+00	6.774612272348742e-01
3.150000000000000e+00	6.267030169460446e-01
3.150000000000000e+00	6.426936004747519e-01
3.150000000000000e+00	6.764883576987274e-01
3.150000000000000e+00	6.658341055512836e-01
3.150000000000000e+00	6.490463608273742e-01
3.150000000000000e+00	6.346012957740916e-01
3.150000000000000e+00	6.590168959522649e-01
3.150000000000000e+00	6.054838566527577e-01
3.150000000000000e+00	6.157517224068136e-01
3.150000000000000e+00	6.812422764984416e-01
3.150000000000000e+00	6.632135537668580e-01
3.150000000000000e+00	5.830157360139098e-01
3.150000000000000e+00	6.325054826220474e-01
3.150000000000000e+00	6.312671863826813e-01
3.150000000000000e+00	6.444795029988583e-01
3.150000000000000e+00	6.252320135788338e-01
3.150000000000000e+00	6.932586818194550e-01
3.150000000000000e+00	6.039986997127146e-01
3.150000000000000e+00	6.443583169311367e-01
3.150000000000000e+00	6.062845780138044e-01
3.150000000000000e+00	6.511437773278036e-01
3.150000000000000e+00	6.329744413189807e-01
3.150000000000000e+00	6.433770286472336e-01
3.150000000000000e+00	6.693111997724968e-01
3.150000000000000e+00	6.674673720771245e-01
3.150000000000000e+00	6.210642551567916e-01
3.150000000000000e+00	6.586308622002492e-01
3.150000000000000e+00	6.744691263059142e-01
3.150000000000000e+00	6.905615520122029e-01
3.150000000000000e+00	6.791853226702557e-01
3.150000000000000e+00	6.757934464689043e-01
3.150000000000000e+00	6.210042924922414e-01
3.150000000000000e+00	6.548273798084771e-01
3.150000000000000e+00	6.683500332556749e-01
3.150000000000000e+00	6.617891109326330e-01
3.150000000000000e+00	6.363823515460604e-01
3.150000000000000e+00	6.382478498120435e-01
3.150000000000000e+00	6.209931343455404e-01
3.150000000000000e+00	6.294076733324707e-01
3.150000000000000e+00	6.422771566555548e-01
3.150000000000000e+00	6.005895103908397e-01
3.150000000000000e+00	5.906528334389731e-01
3.150000000000000e+00	6.153570473564647e-01
3.150000000000000e+00	6.338936279188964e-01
3.150000000000000e+00	5.770972182258528e-01
3.150000000000000e+00	6.309748632808094e-01
3.150000000000000e+00	6.426530914545655e-01
3.150000000000000e+00	6.688112625255269e-01
3.150000000000000e+00	6.242212538366911e-01
3.150000000000000e+00	6.386771543087854e-01
3.150000000000000e+00	6.769236983134148e-01
3.150000000000000e+00	6.435194047437788e-01
3.150000000000000e+00	6.390492594706555e-01
3.150000000000000e+00	6.243670783937982e-01
3.150000000000000e+00	6.480529475742389e-01
3.150000000000000e+00	6.268473548012076e-01
3.150000000000000e+00	6.098822112254991e-01
3.150000000000000e+00	6.509312332264806e-01
3.150000000000000e+00	5.851544969335396e-01
3.150000000000000e+00	6.902358085448881e-01
3.150000000000000e+00	6.489784078407288e-01
3.150000000000000e+00	6.709487663848842e-01
3.150000000000000e+00	6.599512951091262e-01
3.150000000000000e+00	6.254733704562453e-01
3.150000000000000e+00	6.047569031353769e-01
3.150000000000000e+00	6.233937476876813e-01
3.150000000000000e+00	6.452531264675493e-01
3.150000000000000e+00	6.419415754793102e-01
3.150000000000000e+00	6.723759029413715e-01
3.150000000000000e+00	6.583365533813036e-01
3.150000000000000e+00	6.589555219977800e-01
3.150000000000000e+00	6.209726589176987e-01
3.150000000000000e+00	6.403023658452909e-01
3.150000000000000e+00	6.416104449079517e-01
3.150000000000000e+00	6.579167738205404e-01
3.150000000000000e+00	6.344198702218347e-01
3.150000000000000e+00	6.488413186087778e-01
3.150000000000000e+00	6.298855536757860e-01
3.150000000000000e+00	6.350398228882759e-01
3.150000000000000e+00	6.300121592927964e-01
3.150000000000000e+00	6.324266926402891e-01
3.150000000000000e+00	6.145140646341513e-01
3.150000000000000e+00	6.454454023169510e-01
3.150000000000000e+00	6.349410981618928e-01
3.150000000000000e+00	6.136702138067889e-01
3.150000000000000e+00	6.827295504332276e-01
3.150000000000000e+00	6.813655057637716e-01
3.150000000000000e+00	6.487643095812415e-01
3.150000000000000e+00	6.375838082043142e-01
3.150000000000000e+00	6.584712178511165e-01
3.150000000000000e+00	6.754662456175767e-01
3.150000000000000e+00	6.861617849857621e-01
3.150000000000000e+00	6.501075737750349e-01
3.150000000000000e+00	6.609799762866029e-01
3.150000000000000e+00	6.166558279715106e-01
3.150000000000000e+00	6.061607421703045e-01
3.150000000000000e+00	6.846837075476927e-01
3.150000000000000e+00	6.470230823808887e-01
3.150000000000000e+00	6.126343661553525e-01
3.150000000000000e+00	6.179331523045316e-01
3.150000000000000e+00	6.212033895723559e-01
3.150000000000000e+00	6.839657799337797e-01
3.150000000000000e+00	6.648014952695434e-01
3.150000000000000e+00	6.476386729318429e-01
3.150000000000000e+00	6.594748820114347e-01
3.150000000000000e+00	6.720141565582602e-01
3.150000000000000e+00	6.416876945113787e-01
3.150000000000000e+00	6.170579714722821e-01
3.150000000000000e+00	6.479238776699350e-01
3.150000000000000e+00	6.115405647211301e-01
3.150000000000000e+00	6.350736223689937e-01
3.150000000000000e+00	6.697598769442225e-01
3.150000000000000e+00	6.390198685985747e-01
3.150000000000000e+00	6.526814248495402e-01
3.150000000000000e+00	6.584601654865161e-01
3.150000000000000e+00	6.330779981040243e-01
3.150000000000000e+00	6.379377241965508e-01
3.150000000000000e+00	6.264071566380498e-01
3.150000000000000e+00	6.528894468637390e-01
3.150000000000000e+00	6.621450008837008e-01
3.150000000000000e+00	6.574913807774561e-01
3.150000000000000e+00	6.205241293307160e-01
3.150000000000000e+00	6.045659979649483e-01
3.150000000000000e+00	6.533067717382295e-01
3.150000000000000e+00	5.922873522159556e-01
3.150000000000000e+00	6.269973430636816e-01
3.150000000000000e+00	6.372492590571304e-01
3.150000000000000e+00	6.657717468387180e-01
3.150000000000000e+00	6.508838995248605e-01
3.150000000000000e+00	6.239302350292559e-01
3.150000000000000e+00	6.357205024058707e-01
3.150000000000000e+00	6.589907025381835e-01
3.150000000000000e+00	6.725390221526166e-01
3.150000000000000e+00	6.816820265205125e-01
3.150000000000000e+00	6.347324047765901e-01
3.150000000000000e+00	6.809410380953457e-01
3.150000000000000e+00	7.073774847198000e-01
3.150000000000000e+00	7.154952302682670e-01
3.150000000000000e+00	7.136198249984417e-01
3.150000000000000e+00	6.076094756260124e-01
3.150000000000000e+00	5.809665604563846e-01
3.150000000000000e+00	6.367299412729188e-01
3.150000000000000e+00	6.150500241338090e-01
3.150000000000000e+00	6.284478818164155e-01
3.150000000000000e+00	6.667352707488451e-01
3.150000000000000e+00	6.309296954217776e-01
3.150000000000000e+00	6.125426144178608e-01
3.150000000000000e+00	6.930664003005139e-01
3.150000000000000e+00	6.356904008555955e-01
3.150000000000000e+00	6.186315462350362e-01
3.150000000000000e+00	6.786473534987393e-01
3.150000000000000e+00	6.287313415260998e-01
3.150000000000000e+00	6.646428159708888e-01
3.150000000000000e+00	6.345346044679031e-01
3.150000000000000e+00	6.746352766449069e-01
3.150000000000000e+00	6.139312225273275e-01
3.150000000000000e+00	6.459609185401169e-01
3.150000000000000e+00	6.641205831533182e-01
3.150000000000000e+00	6.565684908805671e-01
3.150000000000000e+00	6.187980883576618e-01
3.150000000000000e+00	6.502963415024579e-01
3.150000000000000e+00	6.484211576823758e-01
3.150000000000000e+00	6.510660310988501e-01
3.150000000000000e+00	6.416404951193710e-01
3.150000000000000e+00	6.116367674309615e-01
3.150000000000000e+00	6.057068873251610e-01
3.150000000000000e+00	6.319113806993196e-01
3.150000000000000e+00	6.349013714646141e-01
3.150000000000000e+00	6.089939545678611e-01
3.150000000000000e+00	6.024427752567846e-01
3.150000000000000e+00	6.063525650586181e-01
3.150000000000000e+00	6.949797254887337e-01
3.150000000000000e+00	5.890608620926913e-01
3.150000000000000e+00	6.257683841391942e-01
3.150000000000000e+00	6.677984246800591e-01
3.150000000000000e+00	6.555962661219688e-01
3.150000000000000e+00	6.196869626761536e-01
3.150000000000000e+00	6.402692020009997e-01
3.150000000000000e+00	6.724132405108619e-01
3.150000000000000e+00	6.490257163448523e-01
3.150000000000000e+00	6.596378811707799e-01
3.150000000000000e+00	6.467302892328274e-01
3.150000000000000e+00	6.324382151440614e-01
3.150000000000000e+00	6.642147966727678e-01
3.150000000000000e+00	6.646009880803265e-01
3.150000000000000e+00	6.395006695604285e-01
3.150000000000000e+00	5.954627809654193e-01
3.150000000000000e+00	6.499201969203194e-01
3.150000000000000e+00	6.652950969944131e-01
3.150000000000000e+00	6.075866969469408e-01
3.150000000000000e+00	6.774539783623843e-01
3.150000000000000e+00	5.798377632762710e-01
3.150000000000000e+00	6.369341421654842e-01
3.150000000000000e+00	7.112635651002327e-01
3.150000000000000e+00	6.590047985029555e-01
3.150000000000000e+00	6.506515976997636e-01
3.150000000000000e+00	6.543573579389417e-01
3.150000000000000e+00	6.207807707975085e-01
3.150000000000000e+00	5.861097609151124e-01
3.150000000000000e+00	6.472940814479325e-01
3.150000000000000e+00	6.457373896379229e-01
3.150000000000000e+00	6.728200450308569e-01
3.150000000000000e+00	6.252426486427600e-01
3.150000000000000e+00	6.375785903155821e-01
3.150000000000000e+00	6.548220308218774e-01
3.150000000000000e+00	6.147275341624462e-01
3.150000000000000e+00	6.114383822229633e-01
3.150000000000000e+00	6.640378106332804e-01
3.150000000000000e+00	6.642067410871101e-01
3.150000000000000e+00	6.146755087793718e-01
3.150000000000000e+00	5.998075088451935e-01
3.150000000000000e+00	6.189571476255019e-01
3.150000000000000e+00	6.392773057916163e-01
3.150000000000000e+00	6.197189204922781e-01
3.150000000000000e+00	6.121397978632021e-01
3.150000000000000e+00	6.439232099990935e-01
3.150000000000000e+00	6.837637272305950e-01
3.150000000000000e+00	6.798242573072610e-01
3.150000000000000e+00	6.517532406616150e-01
3.150000000000000e+00	6.696552529330612e-01
3.150000000000000e+00	6.600667738254207e-01
3.150000000000000e+00	6.487174015839592e-01
3.150000000000000e+00	6.487404580023836e-01
3.150000000000000e+00	6.142052910818943e-01
3.150000000000000e+00	6.819012414518827e-01
3.150000000000000e+00	6.349157012148426e-01
3.150000000000000e+00	6.476409556541145e-01
3.150000000000000e+00	6.492691778704403e-01
3.150000000000000e+00	6.554678174070233e-01
3.150000000000000e+00	6.131655165832316e-01
3.150000000000000e+00	6.691188124756731e-01
3.150000000000000e+00	6.663265916263795e-01
3.150000000000000e+00	6.327316838714786e-01
3.150000000000000e+00	5.745545794110284e-01
3.150000000000000e+00	6.386038410520088e-01
3.150000000000000e+00	6.785622424717114e-01
3.150000000000000e+00	6.444271652219820e-01
3.150000000000000e+00	6.406773674117840e-01
3.150000000000000e+00	5.897178146845132e-01
3.150000000000000e+00	6.299469101418631e-01
3.150000000000000e+00	6.786680460182709e-01
3.150000000000000e+00	6.555481860582694e-01
3.150000000000000e+00	6.364047022676792e-01
3.150000000000000e+00	6.987973560648972e-01
3.150000000000000e+00	6.427069236821411e-01
3.150000000000000e+00	6.497162325899771e-01
3.150000000000000e+00	6.501364850156659e-01
3.150000000000000e+00	6.343648610705612e-01
3.150000000000000e+00	6.595442819347549e-01
3.150000000000000e+00	6.080695480793940e-01
3.150000000000000e+00	6.422501961769704e-01
3.150000000000000e+00	6.156494404437811e-01
3.150000000000000e+00	6.492238631439309e-01
3.150000000000000e+00	6.455444127850313e-01
3.150000000000000e+00	6.621056823477586e-01
3.150000000000000e+00	6.315550349793028e-01
3.150000000000000e+00	6.282186421106482e-01
3.150000000000000e+00	6.082401632901728e-01
3.150000000000000e+00	6.464856302501172e-01
3.150000000000000e+00	6.190646205157758e-01
3.150000000000000e+00	6.079898742569738e-01
3.150000000000000e+00	6.574513751310899e-01
3.150000000000000e+00	6.425031445667732e-01
3.150000000000000e+00	6.201065738415895e-01
3.150000000000000e+00	6.233333313810251e-01
3.150000000000000e+00	5.962488388643017e-01
3.150000000000000e+00	6.559425885649189e-01
3.150000000000000e+00	6.659340952841172e-01
3.150000000000000e+00	6.595649279906730e-01
3.150000000000000e+00	6.988227618860993e-01
3.150000000000000e+00	6.465899127808601e-01
3.150000000000000e+00	6.302324941489973e-01
3.150000000000000e+00	6.641319331072291e-01
3.150000000000000e+00	6.593130331150061e-01
3.150000000000000e+00	5.947519326086894e-01
3.150000000000000e+00	6.094087614663758e-01
3.150000000000000e+00	6.646486438427447e-01
3.150000000000000e+00	6.446577356099736e-01
3.150000000000000e+00	6.555454777925406e-01
3.150000000000000e+00	6.431264367833091e-01
3.150000000000000e+00	6.636717410884206e-01
3.150000000000000e+00	6.616220876128667e-01
3.150000000000000e+00	6.488151878815337e-01
3.150000000000000e+00	6.501805480330901e-01
3.150000000000000e+00	6.393351819452813e-01
3.150000000000000e+00	6.560976234991531e-01
3.150000000000000e+00	6.439319376690709e-01
3.150000000000000e+00	6.967274293858216e-01
3.150000000000000e+00	6.234902874145408e-01
3.150000000000000e+00	6.249615802248681e-01
3.150000000000000e+00	6.027135023208683e-01
3.150000000000000e+00	5.925756362590295e-01
3.150000000000000e+00	6.379652647608861e-01
3.150000000000000e+00	6.093939053451548e-01
3.150000000000000e+00	6.450186169014944e-01
3.150000000000000e+00	6.200700836751366e-01
3.150000000000000e+00	6.685587324475163e-01
3.150000000000000e+00	5.976640243882539e-01
3.150000000000000e+00	6.684392227911304e-01
3.150000000000000e+00	6.723643794303328e-01
3.150000000000000e+00	6.367751599108257e-01
3.150000000000000e+00	6.647191097212476e-01
3.150000000000000e+00	7.091487514792273e-01
3.150000000000000e+00	6.867969454782263e-01
3.150000000000000e+00	6.426861927930904e-01
3.150000000000000e+00	6.460034290988890e-01
3.150000000000000e+00	6.215192769638946e-01
3.150000000000000e+00	6.699900723700433e-01
3.150000000000000e+00	6.821761790977914e-01
3.150000000000000e+00	6.071076227322989e-01
3.150000000000000e+00	6.619292527321120e-01
3.150000000000000e+00	6.358831632133138e-01
3.150000000000000e+00	6.381005739177796e-01
3.150000000000000e+00	6.469694055139209e-01
3.150000000000000e+00	6.665940117691019e-01
3.150000000000000e+00	6.387961411036803e-01
3.150000000000000e+00	6.036438249882565e-01
3.150000000000000e+00	6.405548584210586e-01
3.150000000000000e+00	6.409162952092695e-01
3.150000000000000e+00	6.562251764903319e-01
3.150000000000000e+00	6.369611040166485e-01
3.150000000000000e+00	6.680611775414956e-01
3.150000000000000e+00	6.396685654776418e-01
3.150000000000000e+00	6.544983086241332e-01
3.150000000000000e+00	6.943337796809806e-01
3.150000000000000e+00	6.344364801778095e-01
3.150000000000000e+00	6.217969385041394e-01
3.150000000000000e+00	5.989831230414525e-01
3.150000000000000e+00	7.045705255876132e-01
3.150000000000000e+00	6.424898577320387e-01
3.150000000000000e+00	6.411854721753515e-01
3.150000000000000e+00	5.881831337501006e-01
3.150000000000000e+00	6.109190915287009e-01
3.150000000000000e+00	6.450513879288533e-01
3.150000000000000e+00	6.682765394240687e-01
3.150000000000000e+00	6.338808180595862e-01
3.150000000000000e+00	6.119066574248077e-01
3.150000000000000e+00	6.313160713328450e-01
3.150000000000000e+00	6.286639927960129e-01
3.150000000000000e+00	6.146129673332006e-01
3.150000000000000e+00	6.210470701560517e-01
3.150000000000000e+00	6.664101024414023e-01
3.150000000000000e+00	6.330503018580818e-01
3.150000000000000e+00	6.048524818752101e-01
3.150000000000000e+00	6.536991384314471e-01
3.150000000000000e+00	6.797123705202930e-01
3.150000000000000e+00	6.417132750935615e-01
3.150000000000000e+00	6.181953244831990e-01
3.150000000000000e+00	6.310563970323899e-01
3.150000000000000e+00	6.502973561653287e-01
3.150000000000000e+00	6.583940050701659e-01
3.150000000000000e+00	6.352949023812697e-01
3.150000000000000e+00	6.445917001617024e-01
3.150000000000000e+00	6.081022661807454e-01
3.150000000000000e+00	6.283265859845412e-01
3.150000000000000e+00	6.456115016713889e-01
3.150000000000000e+00	6.192971127046482e-01
3.150000000000000e+00	6.670104498979854e-01
3.150000000000000e+00	6.338126437825125e-01
3.150000000000000e+00	6.611722341142758e-01
3.150000000000000e+00	6.129820063341848e-01
3.150000000000000e+00	6.160128730892438e-01
3.150000000000000e+00	6.839981875841142e-01
3.150000000000000e+00	6.632962071050046e-01
3.150000000000000e+00	6.606528813196226e-01
3.150000000000000e+00	6.500324759643054e-01
3.150000000000000e+00	6.107646841186370e-01
3.150000000000000e+00	6.188463250862165e-01
3.150000000000000e+00	6.405256434851058e-01
3.150000000000000e+00	6.835152287974483e-01
3.150000000000000e+00	6.429453821393415e-01
3.150000000000000e+00	6.239135948972653e-01
3.150000000000000e+00	6.347313085541760e-01
3.150000000000000e+00	6.037726110770189e-01
3.150000000000000e+00	6.732437689150580e-01
3.150000000000000e+00	6.784469103842796e-01
3.150000000000000e+00	6.481861649977607e-01
3.150000000000000e+00	6.283852666720933e-01
3.150000000000000e+00	6.416145255381118e-01
3.150000000000000e+00	6.451532442144441e-01
3.150000000000000e+00	7.048157088520643e-01
3.150000000000000e+00	6.410415436653624e-01
3.150000000000000e+00	6.568662965382382e-01
3.150000000000000e+00	6.754164313442538e-01
3.150000000000000e+00	6.500391608460314e-01
3.150000000000000e+00	6.413619161555605e-01
3.150000000000000e+00	6.676329333456231e-01
3.150000000000000e+00	6.508973468329246e-01
3.150000000000000e+00	5.864845873075154e-01
3.150000000000000e+00	6.479955896592396e-01
3.150000000000000e+00	6.301418937821740e-01
3.150000000000000e+00	6.440244057748594e-01
3.150000000000000e+00	6.040626135258070e-01
3.150000000000000e+00	6.240491268366792e-01
3.150000000000000e+00	7.148804555580941e-01
3.150000000000000e+00	6.312085304615450e-01
3.150000000000000e+00	6.325846261634934e-01
3.150000000000000e+00	6.281966628635650e-01
3.150000000000000e+00	7.076418241956847e-01
3.150000000000000e+00	6.970474780354289e-01
3.150000000000000e+00	6.054706929115677e-01
3.150000000000000e+00	6.155311170410971e-01
3.150000000000000e+00	6.659345806904010e-01
3.150000000000000e+00	6.195742317572787e-01
3.150000000000000e+00	6.586900529434274e-01
3.150000000000000e+00	6.168125796854672e-01
3.150000000000000e+00	6.794104958876290e-01
3.150000000000000e+00	6.810127062914496e-01
3.150000000000000e+00	6.358939812130998e-01
3.150000000000000e+00	6.683371629646881e-01
3.150000000000000e+00	6.621202170118057e-01
3.150000000000000e+00	6.487627895769487e-01
3.150000000000000e+00	6.397200534607115e-01
3.150000000000000e+00	6.541653074212110e-01
3.150000000000000e+00	6.274104984273103e-01
3.150000000000000e+00	5.939335118971468e-01
3.150000000000000e+00	6.218933724282908e-01
3.150000000000000e+00	6.756575587650127e-01
3.150000000000000e+00	7.079563555622220e-01
3.150000000000000e+00	6.420520949277970e-01
3.150000000000000e+00	6.468804955288674e-01
3.150000000000000e+00	6.224777752745102e-01
3.150000000000000e+00	6.588101446115933e-01
3.150000000000000e+00	6.486842824609497e-01
3.150000000000000e+00	6.001637709290950e-01
3.150000000000000e+00	6.150219362591975e-01
3.150000000000000e+00	6.341757718176506e-01
3.150000000000000e+00	6.658897531753053e-01
3.150000000000000e+00	6.635516242395176e-01
3.150000000000000e+00	6.880621234380511e-01
3.150000000000000e+00	6.176734184246081e-01
3.150000000000000e+00	6.563742339922386e-01
3.150000000000000e+00	6.095827213972936e-01
3.150000000000000e+00	6.439338035797504e-01
3.150000000000000e+00	6.498918569164197e-01
3.150000000000000e+00	6.305306309527227e-01
3.150000000000000e+00	6.288996485206603e-01
3.150000000000000e+00	6.298933874170513e-01
3.150000000000000e+00	6.090663996249134e-01
3.150000000000000e+00	6.626700052511780e-01
3.150000000000000e+00	6.383008712828895e-01
3.150000000000000e+00	6.469430561572554e-01
3.150000000000000e+00	6.219761703373792e-01
3.150000000000000e+00	6.259117755252475e-01
3.150000000000000e+00	6.144349271332041e-01
3.150000000000000e+00	6.295064878204917e-01
3.150000000000000e+00	6.384094232806000e-01
3.150000000000000e+00	6.572138464107137e-01
3.150000000000000e+00	6.523185882078524e-01
3.150000000000000e+00	6.447152729324478e-01
3.150000000000000e+00	6.332917606960855e-01
3.150000000000000e+00	6.828773236925494e-01
3.150000000000000e+00	6.961214983017617e-01
3.150000000000000e+00	6.536583588050074e-01
3.150000000000000e+00	6.929844885986650e-01
3.150000000000000e+00	6.105330882504253e-01
3.150000000000000e+00	6.279452841535191e-01
3.150000000000000e+00	6.482033819706661e-01
3.150000000000000e+00	6.552870221753960e-01
3.150000000000000e+00	6.387371529443489e-01
3.150000000000000e+00	6.680292844112445e-01
3.150000000000000e+00	6.518465430568968e-01
3.150000000000000e+00	6.294935165828082e-01
3.150000000000000e+00	6.249458461003881e-01
3.150000000000000e+00	6.634446908498163e-01
3.150000000000000e+00	6.808167063183332e-01
3.150000000000000e+00	6.497297977544682e-01
3.150000000000000e+00	6.712211863857647e-01
3.150000000000000e+00	6.623084170377439e-01
3.150000000000000e+00	6.419070608042866e-01
3.150000000000000e+00	6.518599717380256e-01
3.150000000000000e+00	6.502594119575600e-01
3.150000000000000e+00	6.556272259726835e-01
3.150000000000000e+00	6.652609329244200e-01
3.150000000000000e+00	6.578479171807331e-01
3.150000000000000e+00	6.578025643006509e-01
3.150000000000000e+00	6.481473153643028e-01
3.150000000000000e+00	6.494671728785406e-01
3.150000000000000e+00	6.620008598959587e-01
3.150000000000000e+00	6.133667899481154e-01
3.150000000000000e+00	6.798476593017105e-01
3.150000000000000e+00	6.201413615243878e-01
3.150000000000000e+00	6.097181663807948e-01
3.150000000000000e+00	6.475579912463943e-01
3.150000000000000e+00	6.124177073090978e-01
3.150000000000000e+00	6.642448993708840e-01
3.150000000000000e+00	6.693726330503158e-01
3.150000000000000e+00	6.520197170840170e-01
3.150000000000000e+00	6.507808061098167e-01
3.150000000000000e+00	6.258173819519589e-01
3.150000000000000e+00	6.326295062987597e-01
3.150000000000000e+00	6.412700342280715e-01
3.150000000000000e+00	6.545996871243774e-01
3.150000000000000e+00	6.591828049691444e-01
3.150000000000000e+00	6.031517564356877e-01
3.150000000000000e+00	6.837919461419861e-01
3.150000000000000e+00	6.499628482138063e-01
3.150000000000000e+00	6.006066047491778e-01
3.150000000000000e+00	6.343152349138955e-01
3.150000000000000e+00	6.619243714208608e-01
3.150000000000000e+00	6.864053270854121e-01
3.150000000000000e+00	6.531719084549565e-01
3.150000000000000e+00	6.620687051689580e-01
3.150000000000000e+00	6.391875830113362e-01
3.150000000000000e+00	6.940300852791752e-01
3.150000000000000e+00	6.590710363499137e-01
3.150000000000000e+00	6.526202706661970e-01
3.150000000000000e+00	6.715996355764684e-01
3.150000000000000e+00	6.345392458622612e-01
3.150000000000000e+00	6.351369296929561e-01
3.150000000000000e+00	6.831819100479888e-01
3.150000000000000e+00	6.856346436118622e-01
3.150000000000000e+00	6.955767722194793e-01
3.150000000000000e+00	6.348287815113823e-01
3.150000000000000e+00	6.473654313843396e-01
3.150000000000000e+00	6.141992355735181e-01
3.150000000000000e+00	6.207013555625553e-01
3.150000000000000e+00	6.694500096821576e-01
3.150000000000000e+00	6.457659348538453e-01
3.150000000000000e+00	6.595874736785206e-01
3.150000000000000e+00	6.469241891977284e-01
3.150000000000000e+00	6.137361878721754e-01
3.150000000000000e+00	6.464485890416170e-01
3.150000000000000e+00	6.420801992947446e-01
3.150000000000000e+00	6.791371146455841e-01
3.150000000000000e+00	6.904877980766080e-01
3.150000000000000e+00	6.530138547512988e-01
3.150000000000000e+00	6.472614248440185e-01
3.150000000000000e+00	6.317206770535637e-01
3.150000000000000e+00	6.338104880411469e-01
3.150000000000000e+00	6.825039322514734e-01
3.150000000000000e+00	6.466649461654543e-01
3.150000000000000e+00	6.272453406339823e-01
3.150000000000000e+00	6.489156001610006e-01
3.150000000000000e+00	6.631630859077218e-01
3.150000000000000e+00	6.351616736104001e-01
3.150000000000000e+00	6.437107038939632e-01
3.150000000000000e+00	6.381091333853089e-01
3.150000000000000e+00	6.163656145493163e-01
3.150000000000000e+00	6.254630436595428e-01
3.150000000000000e+00	5.988024436797409e-01
3.150000000000000e+00	6.409690282804957e-01
3.150000000000000e+00	6.531316572531364e-01
3.150000000000000e+00	6.652832667791242e-01
3.150000000000000e+00	6.752826794383825e-01
3.150000000000000e+00	6.514741287958956e-01
3.150000000000000e+00	6.080027628316841e-01
3.150000000000000e+00	6.541926106849475e-01
3.150000000000000e+00	6.543332246653251e-01
3.150000000000000e+00	6.614828923220731e-01
3.150000000000000e+00	6.148851161830607e-01
3.150000000000000e+00	6.474710993201547e-01
3.150000000000000e+00	6.631769091922737e-01
3.150000000000000e+00	6.630068279085986e-01
3.150000000000000e+00	6.274966484807326e-01
3.150000000000000e+00	6.329082914226299e-01
3.150000000000000e+00	6.569461273315260e-01
3.150000000000000e+00	6.332777713254291e-01
3.150000000000000e+00	6.081617123393683e-01
3.150000000000000e+00	6.327228638826761e-01
3.150000000000000e+00	7.012266544903732e-01
3.150000000000000e+00	6.820153811295991e-01
3.150000000000000e+00	6.481352343499041e-01
3.150000000000000e+00	6.190884081381636e-01
3.150000000000000e+00	6.516598267615574e-01
3.150000000000000e+00	5.903313957920564e-01
3.150000000000000e+00	6.083786103426169e-01
3.150000000000000e+00	6.299299341238750e-01
3.150000000000000e+00	6.909541391357513e-01
3.150000000000000e+00	6.391192448895342e-01
3.150000000000000e+00	6.243945396661281e-01
3.150000000000000e+00	6.622950682975549e-01
3.150000000000000e+00	6.554262489524322e-01
3.150000000000000e+00	7.022406795093095e-01
3.150000000000000e+00	6.395563135995962e-01
3.150000000000000e+00	6.493583953976854e-01
3.150000000000000e+00	6.566255933558423e-01
3.150000000000000e+00	6.644567693610182e-01
3.150000000000000e+00	6.779292016791300e-01
3.150000000000000e+00	6.848990798025363e-01
3.150000000000000e+00	6.458003409814704e-01
3.150000000000000e+00	6.128230021201402e-01
3.150000000000000e+00	5.907338766280450e-01
3.150000000000000e+00	6.586645965591070e-01
3.150000000000000e+00	7.153682305018774e-01
3.150000000000000e+00	6.068924650283737e-01
3.150000000000000e+00	6.790412482377000e-01
3.150000000000000e+00	6.449884449932789e-01
3.150000000000000e+00	6.783427963201729e-01
3.150000000000000e+00	6.926298410309097e-01
3.150000000000000e+00	6.444494383041148e-01
3.150000000000000e+00	6.254161204655245e-01
3.150000000000000e+00	6.434891946219244e-01
3.150000000000000e+00	6.486775423990513e-01
3.150000000000000e+00	6.234125654980556e-01
3.150000000000000e+00	5.994488127523080e-01
3.150000000000000e+00	5.832877807266442e-01
3.150000000000000e+00	6.118347243935395e-01
3.150000000000000e+00	6.565902476611637e-01
3.150000000000000e+00	6.734441326710339e-01
3.150000000000000e+00	6.342992185532642e-01
3.150000000000000e+00	5.799959584371246e-01
3.150000000000000e+00	6.673934979573172e-01
3.150000000000000e+00	6.364854977044028e-01
3.150000000000000e+00	6.016858607127790e-01
3.150000000000000e+00	6.699031671436581e-01
3.150000000000000e+00	6.388912345306116e-01
3.150000000000000e+00	6.389498999483454e-01
3.150000000000000e+00	6.418267167777308e-01
3.150000000000000e+00	6.576039106314993e-01
3.150000000000000e+00	6.805959104064006e-01
3.150000000000000e+00	6.296111440214807e-01
3.150000000000000e+00	6.531103729481206e-01
3.150000000000000e+00	6.004836939665618e-01
3.150000000000000e+00	6.271267984235404e-01
3.150000000000000e+00	6.524443204474314e-01
3.150000000000000e+00	6.678015354293253e-01
3.150000000000000e+00	6.540080357611959e-01
3.150000000000000e+00	6.733240790499473e-01
3.150000000000000e+00	6.699032243335910e-01
3.150000000000000e+00	6.644246710684563e-01
3.150000000000000e+00	6.111944692639170e-01
3.150000000000000e+00	6.163148413507814e-01
3.150000000000000e+00	6.476017707392937e-01
3.150000000000000e+00	6.422253110443858e-01
3.150000000000000e+00	6.564640730271929e-01
3.150000000000000e+00	6.913425319095103e-01
3.150000000000000e+00	6.816159553227363e-01
3.150000000000000e+00	6.266021362166054e-01
3.150000000000000e+00	6.738836277590279e-01
3.150000000000000e+00	6.573872709624534e-01
3.150000000000000e+00	6.446330387824146e-01
3.150000000000000e+00	6.525897850423620e-01
3.150000000000000e+00	6.551769883820229e-01
3.150000000000000e+00	6.602088728221912e-01
3.150000000000000e+00	6.219040432458401e-01
3.150000000000000e+00	6.615030598733790e-01
3.150000000000000e+00	6.433806535538545e-01
3.150000000000000e+00	6.052166974685353e-01
3.150000000000000e+00	6.466724584858536e-01
3.150000000000000e+00	6.324697392383304e-01
3.150000000000000e+00	6.733786463712569e-01
3.150000000000000e+00	6.413538154740865e-01
3.150000000000000e+00	6.533989486164882e-01
3.150000000000000e+00	6.688347374964762e-01
3.150000000000000e+00	6.706327932571590e-01
3.150000000000000e+00	6.345087773153315e-01
3.150000000000000e+00	6.204586761396387e-01
3.150000000000000e+00	6.239456416851275e-01
3.150000000000000e+00	6.592929809306137e-01
3.150000000000000e+00	6.350134006818438e-01
3.150000000000000e+00	6.052979968233553e-01
3.150000000000000e+00	6.536272025888994e-01
3.150000000000000e+00	6.306162878345837e-01
3.150000000000000e+00	6.423593028468385e-01
3.150000000000000e+00	6.786112786524281e-01
3.150000000000000e+00	6.391873195333436e-01
3.150000000000000e+00	6.619492831300261e-01
3.150000000000000e+00	6.690812568882613e-01
3.150000000000000e+00	6.414442309132726e-01
3.150000000000000e+00	6.647461517081215e-01
3.150000000000000e+00	6.520777752333455e-01
3.150000000000000e+00	6.408649247470095e-01
3.150000000000000e+00	6.287917640759709e-01
3.150000000000000e+00	6.048915330300338e-01
3.150000000000000e+00	6.313626048362229e-01
3.150000000000000e+00	6.108431722149937e-01
3.150000000000000e+00	6.416436076978241e-01
3.150000000000000e+00	6.981796849281399e-01
3.150000000000000e+00	7.051818033971342e-01
3.150000000000000e+00	6.570298998590675e-01
3.150000000000000e+00	6.428779009712492e-01
3.150000000000000e+00	6.331451961932526e-01
3.150000000000000e+00	6.208619831713535e-01
3.150000000000000e+00	6.493483631634346e-01
3.150000000000000e+00	6.427945384926401e-01
3.150000000000000e+00	6.473535248509348e-01
3.150000000000000e+00	6.027971724430602e-01
3.150000000000000e+00	6.262464677872065e-01
3.150000000000000e+00	6.045235624924123e-01
3.150000000000000e+00	6.362682336270472e-01
3.150000000000000e+00	6.810952678580040e-01
3.150000000000000e+00	5.715601321436544e-01
3.150000000000000e+00	6.642774474239581e-01
3.150000000000000e+00	6.475159105701574e-01
3.150000000000000e+00	6.543316308153054e-01
3.150000000000000e+00	6.448718911067756e-01
3.150000000000000e+00	6.714886744704948e-01
3.150000000000000e+00	6.593913056427142e-01
3.150000000000000e+00	6.395025409447129e-01
3.150000000000000e+00	6.618772704335684e-01
3.150000000000000e+00	6.399289333537890e-01
3.150000000000000e+00	6.132354263303808e-01
3.150000000000000e+00	6.601848113007776e-01
3.150000000000000e+00	6.359376667818958e-01
3.150000000000000e+00	6.729531768615551e-01
3.150000000000000e+00	6.468369567459443e-01
3.150000000000000e+00	6.587387134296180e-01
3.150000000000000e+00	6.446618996796967e-01
3.150000000000000e+00	6.798782166711931e-01
3.150000000000000e+00	6.333100535267017e-01
3.150000000000000e+00	6.260314516884817e-01
3.150000000000000e+00	6.181365343361033e-01
3.150000000000000e+00	5.927817352687219e-01
3.150000000000000e+00	6.229165990899822e-01
3.150000000000000e+00	6.292415296886523e-01
3.150000000000000e+00	6.073047519118313e-01
3.150000000000000e+00	6.267439415193103e-01
3.150000000000000e+00	6.612482327095398e-01
3.150000000000000e+00	6.494605636505374e-01
3.150000000000000e+00	6.561466540629810e-01
3.150000000000000e+00	6.684187013434730e-01
3.150000000000000e+00	6.368248225411506e-01
3.150000000000000e+00	6.155298145667043e-01
3.150000000000000e+00	6.688707220852502e-01
3.150000000000000e+00	6.440045965330461e-01
3.150000000000000e+00	6.587353887060137e-01
3.150000000000000e+00	6.164994463003589e-01
3.150000000000000e+00	7.348255053244088e-01
3.150000000000000e+00	6.838200020794359e-01
3.150000000000000e+00	6.689884848044162e-01
3.150000000000000e+00	6.886086570076442e-01
3.150000000000000e+00	6.551743744945852e-01
3.150000000000000e+00	5.968025470637303e-01
3.150000000000000e+00	6.762374670140329e-01
3.150000000000000e+00	6.672840121315285e-01
3.150000000000000e+00	6.400761204100766e-01
3.150000000000000e+00	6.178790779409092e-01
3.150000000000000e+00	6.537420098898573e-01
3.150000000000000e+00	6.257845901497836e-01
3.150000000000000e+00	6.120885986082195e-01
3.150000000000000e+00	6.384116932176241e-01
3.150000000000000e+00	6.265575245996614e-01
3.150000000000000e+00	6.296689204843592e-01
3.150000000000000e+00	6.595392528287263e-01
3.150000000000000e+00	6.363830634316955e-01
3.150000000000000e+00	6.540139214254799e-01
3.150000000000000e+00	6.321304426418357e-01
3.150000000000000e+00	5.943540541729245e-01
3.150000000000000e+00	6.751385131950660e-01
3.150000000000000e+00	6.840552724959711e-01
3.150000000000000e+00	6.625741460004969e-01
3.150000000000000e+00	6.533492547422501e-01
3.150000000000000e+00	6.624914188349856e-01
3.150000000000000e+00	6.608624049815754e-01
3.150000000000000e+00	6.622426772008616e-01
3.150000000000000e+00	6.716007408492919e-01
3.150000000000000e+00	6.518535506793725e-01
3.150000000000000e+00	6.031452190655847e-01
3.150000000000000e+00	6.306747600304683e-01
3.150000000000000e+00	6.269546205811343e-01
3.150000000000000e+00	6.440988666248620e-01
3.150000000000000e+00	6.976207881961349e-01
3.150000000000000e+00	6.613591366627013e-01
3.150000000000000e+00	6.585802465865317e-01
3.150000000000000e+00	6.564028641665195e-01
3.150000000000000e+00	6.882318491320967e-01
3.150000000000000e+00	6.613064405003071e-01
3.150000000000000e+00	6.699634165041810e-01
3.150000000000000e+00	6.583637502435992e-01
3.150000000000000e+00	6.706994581782983e-01
3.150000000000000e+00	6.125978345040354e-01
3.150000000000000e+00	6.563275094545242e-01
3.150000000000000e+00	6.141237513777312e-01
3.150000000000000e+00	6.643994460547006e-01
3.150000000000000e+00	6.231389188062354e-01
3.150000000000000e+00	6.429623523045277e-01
3.150000000000000e+00	6.564518039498883e-01
3.150000000000000e+00	5.763016007654664e-01
3.150000000000000e+00	6.172337200171200e-01
3.150000000000000e+00	6.133672536266331e-01
3.150000000000000e+00	6.687300191048625e-01
3.150000000000000e+00	6.492365484192408e-01
3.150000000000000e+00	6.306229131153291e-01
3.150000000000000e+00	7.132851934684283e-01
3.150000000000000e+00	6.435712233910540e-01
3.150000000000000e+00	6.414543489615973e-01
3.150000000000000e+00	6.540357791971751e-01
3.150000000000000e+00	6.377981875322878e-01
3.150000000000000e+00	6.048255411130712e-01
3.150000000000000e+00	6.023560575927037e-01
3.150000000000000e+00	6.221789489011613e-01
3.150000000000000e+00	6.027595190587521e-01
3.150000000000000e+00	6.624177049309143e-01
3.150000000000000e+00	6.692749447078148e-01
3.150000000000000e+00	6.737267853861285e-01
3.150000000000000e+00	6.844338999312924e-01
3.150000000000000e+00	6.404497252967796e-01
3.150000000000000e+00	6.352647728774817e-01
3.150000000000000e+00	6.299316592603714e-01
3.150000000000000e+00	6.086496448466623e-01
3.150000000000000e+00	5.974636955441593e-01
3.150000000000000e+00	6.188035692149337e-01
3.150000000000000e+00	6.567581694202042e-01
3.150000000000000e+00	6.187485776657330e-01
3.150000000000000e+00	6.160154746385672e-01
3.150000000000000e+00	6.221324439332955e-01
3.150000000000000e+00	6.153575757798683e-01
3.150000000000000e+00	6.404600511477133e-01
3.150000000000000e+00	6.656013077066262e-01
3.150000000000000e+00	6.649727651415073e-01
3.150000000000000e+00	6.279444424472318e-01
3.150000000000000e+00	6.541724444009865e-01
3.150000000000000e+00	6.365518413861151e-01
3.150000000000000e+00	6.506206695295604e-01
3.150000000000000e+00	6.576990097173843e-01
3.150000000000000e+00	6.348181630931323e-01
3.150000000000000e+00	6.472374403949257e-01
3.150000000000000e+00	6.490768176374737e-01
3.150000000000000e+00	6.053702962043368e-01
3.150000000000000e+00	6.484599858375362e-01
3.150000000000000e+00	6.475026596117814e-01
3.150000000000000e+00	6.538417642316681e-01
3.150000000000000e+00	6.646954530342192e-01
3.150000000000000e+00	6.520998417843673e-01
3.150000000000000e+00	6.634767109730814e-01
3.150000000000000e+00	6.122154801280132e-01
3.150000000000000e+00	5.938279958563244e-01
3.150000000000000e+00	6.109196791441845e-01
3.150000000000000e+00	6.400801992780123e-01
3.150000000000000e+00	6.427439274904722e-01
3.150000000000000e+00	6.396353265768089e-01
3.150000000000000e+00	6.684514954184569e-01
3.150000000000000e+00	6.710607488647944e-01
3.150000000000000e+00	6.593976371105039e-01
3.150000000000000e+00	6.770541109954008e-01
3.150000000000000e+00	5.839745978384103e-01
3.150000000000000e+00	5.568669462763579e-01
3.150000000000000e+00	6.305046533783553e-01
3.150000000000000e+00	6.654660263784139e-01
3.150000000000000e+00	6.272984824164246e-01
3.150000000000000e+00	6.209835719406658e-01
3.150000000000000e+00	6.077170333076192e-01
3.150000000000000e+00	6.378636651933968e-01
3.150000000000000e+00	5.943475254849564e-01
3.150000000000000e+00	6.395507629186359e-01
3.150000000000000e+00	6.587869326499887e-01
3.150000000000000e+00	6.697809242249599e-01
3.150000000000000e+00	6.150201316102595e-01
3.150000000000000e+00	6.170435389164245e-01
3.150000000000000e+00	6.803819939947365e-01
3.150000000000000e+00	6.868374432187040e-01
3.150000000000000e+00	6.509088013838156e-01
3.150000000000000e+00	7.037798297342631e-01
3.150000000000000e+00	6.351295761062523e-01
3.150000000000000e+00	6.668553146007054e-01
3.150000000000000e+00	6.473409019395208e-01
3.150000000000000e+00	6.506638597332386e-01
3.150000000000000e+00	6.706608663346216e-01
3.150000000000000e+00	6.679735030188131e-01
3.150000000000000e+00	6.557448803407177e-01
3.150000000000000e+00	6.509076534575378e-01
3.150000000000000e+00	6.479319786495679e-01
3.150000000000000e+00	6.538311920995659e-01
3.150000000000000e+00	6.370110831467539e-01
3.150000000000000e+00	6.298896527980303e-01
3.150000000000000e+00	6.604571307827749e-01
3.150000000000000e+00	6.655248483286326e-01
3.150000000000000e+00	6.594629033400804e-01
3.150000000000000e+00	6.197421217041125e-01
3.150000000000000e+00	5.715953462239193e-01
3.150000000000000e+00	6.689534490799622e-01
3.150000000000000e+00	6.569864117956016e-01
3.150000000000000e+00	6.181970277395112e-01
3.150000000000000e+00	6.626703355221070e-01
3.150000000000000e+00	6.025871281853904e-01
3.150000000000000e+00	6.339082135119573e-01
3.150000000000000e+00	6.427936288748225e-01
3.150000000000000e+00	6.709721147371622e-01
3.150000000000000e+00	6.982689728631739e-01
3.150000000000000e+00	6.649009649557025e-01
3.150000000000000e+00	6.405447876661693e-01
3.150000000000000e+00	6.464513838268874e-01
3.150000000000000e+00	6.207547190017405e-01
3.150000000000000e+00	6.435397518563823e-01
3.150000000000000e+00	6.559859173091458e-01
3.150000000000000e+00	5.911706678403572e-01
3.150000000000000e+00	6.410476107042256e-01
3.150000000000000e+00	6.366784866549360e-01
3.150000000000000e+00	5.659201417795957e-01
3.150000000000000e+00	6.687638394178512e-01
3.150000000000000e+00	6.719937118734229e-01
3.150000000000000e+00	6.764169363160656e-01
3.150000000000000e+00	6.371598035183070e-01
3.150000000000000e+00	6.253960778484603e-01
3.150000000000000e+00	5.916091548209509e-01
3.150000000000000e+00	6.187650133134560e-01
3.150000000000000e+00	6.746275577614280e-01
3.150000000000000e+00	6.099607485590109e-01
3.150000000000000e+00	6.180135786219711e-01
3.150000000000000e+00	6.994373924585575e-01
3.150000000000000e+00	6.607715106398718e-01
3.150000000000000e+00	6.612509182438738e-01
3.150000000000000e+00	6.698887086086106e-01
3.150000000000000e+00	6.206906980802805e-01
3.150000000000000e+00	6.268235438316536e-01
3.150000000000000e+00	6.547972782982996e-01
3.150000000000000e+00	6.710288100746140e-01
3.150000000000000e+00	6.700053302362875e-01
3.150000000000000e+00	6.659093161449900e-01
3.150000000000000e+00	7.163716296610685e-01
3.150000000000000e+00	5.971228207151247e-01
3.150000000000000e+00	6.567479440643874e-01
3.150000000000000e+00	6.018115567649921e-01
3.150000000000000e+00	6.378956782159171e-01
3.150000000000000e+00	6.214812474802411e-01
3.150000000000000e+00	6.152997809872072e-01
3.150000000000000e+00	6.537669755475092e-01
3.150000000000000e+00	7.015237926290948e-01
3.150000000000000e+00	6.186652135761673e-01
3.150000000000000e+00	6.181941500871676e-01
3.150000000000000e+00	6.317842834823274e-01
3.150000000000000e+00	6.330541442977893e-01
3.150000000000000e+00	6.110220059370395e-01
3.150000000000000e+00	6.548726776024738e-01
3.150000000000000e+00	6.516990290037162e-01
3.150000000000000e+00	6.115794880618932e-01
3.150000000000000e+00	6.526816679189896e-01
3.150000000000000e+00	6.208381747109477e-01
3.150000000000000e+00	6.531389878638733e-01
3.150000000000000e+00	6.242780739285783e-01
3.150000000000000e+00	6.064417168907295e-01
3.150000000000000e+00	6.419728291557402e-01
3.150000000000000e+00	6.326833536140367e-01
3.150000000000000e+00	6.535985273194911e-01
3.150000000000000e+00	6.699641081365013e-01
3.150000000000000e+00	6.339281973179829e-01
3.150000000000000e+00	6.606126405333419e-01
