1.250000000000000e+00	2.445460762315908e-01
1.250000000000000e+00	1.607840414658864e-01
1.250000000000000e+00	2.349364569414565e-01
1.250000000000000e+00	2.811494092119994e-01
1.250000000000000e+00	2.776622285824553e-01
1.250000000000000e+00	2.651913102299346e-01
1.250000000000000e+00	2.803334125210094e-01
1.250000000000000e+00	2.352345963387462e-01
1.250000000000000e+00	2.481520860955893e-01
1.250000000000000e+00	2.709714475324799e-01
1.250000000000000e+00	2.706309698224423e-01
1.250000000000000e+00	2.598511878389318e-01
1.250000000000000e+00	2.467755802622451e-01
1.250000000000000e+00	2.293867635675963e-01
1.250000000000000e+00	2.702770844310058e-01
1.250000000000000e+00	2.004947977882809e-01
1.250000000000000e+00	2.762088706391964e-01
1.250000000000000e+00	2.978497106142128e-01
1.250000000000000e+00	3.092427305731750e-01
1.250000000000000e+00	2.284856123833353e-01
1.250000000000000e+00	2.928592371819531e-01
1.250000000000000e+00	2.829753280817506e-01
1.250000000000000e+00	2.441623582367269e-01
1.250000000000000e+00	2.535671656570860e-01
1.250000000000000e+00	2.272599485134756e-01
1.250000000000000e+00	2.571936070386027e-01
1.250000000000000e+00	2.850561008197659e-01
1.250000000000000e+00	2.880178983932380e-01
1.250000000000000e+00	2.337620975388008e-01
1.250000000000000e+00	2.807753600388959e-01
1.250000000000000e+00	3.074999230260271e-01
1.250000000000000e+00	2.770575178893174e-01
1.250000000000000e+00	2.718723591150092e-01
1.250000000000000e+00	2.838419666773330e-01
1.250000000000000e+00	2.348468782720474e-01
1.250000000000000e+00	2.226981992814298e-01
1.250000000000000e+00	2.751558913989548e-01
1.250000000000000e+00	2.116455911869375e-01
1.250000000000000e+00	2.804897963746477e-01
1.250000000000000e+00	2.855270725100957e-01
1.250000000000000e+00	3.000382899592131e-01
1.250000000000000e+00	2.524501915447994e-01
1.250000000000000e+00	2.661400953470713e-01
1.250000000000000e+00	2.034328642979952e-01
1.250000000000000e+00	2.369499053223950e-01
1.250000000000000e+00	2.296574018798374e-01
1.250000000000000e+00	1.856739590931136e-01
1.250000000000000e+00	2.351257131671595e-01
1.250000000000000e+00	2.876177671759867e-01
1.250000000000000e+00	2.111439043574027e-01
1.250000000000000e+00	2.671176074987878e-01
1.250000000000000e+00	3.013404029302214e-01
1.250000000000000e+00	2.810577085578216e-01
1.250000000000000e+00	2.232255851899196e-01
1.250000000000000e+00	2.350070015609305e-01
1.250000000000000e+00	2.359706300261874e-01
1.250000000000000e+00	2.093498555733293e-01
1.250000000000000e+00	3.019907923661078e-01
1.250000000000000e+00	2.441380549170079e-01
1.250000000000000e+00	2.907589071772518e-01
1.250000000000000e+00	2.308434982316972e-01
1.250000000000000e+00	2.288924761762065e-01
1.250000000000000e+00	2.952579601471805e-01
1.250000000000000e+00	2.965338048653448e-01
1.250000000000000e+00	2.434981295759966e-01
1.250000000000000e+00	2.317531986362553e-01
1.250000000000000e+00	3.008166630792136e-01
1.250000000000000e+00	2.159199266911000e-01
1.250000000000000e+00	2.237702009358336e-01
1.250000000000000e+00	2.227115389659130e-01
1.250000000000000e+00	2.384266065593260e-01
1.250000000000000e+00	3.172873496937562e-01
1.250000000000000e+00	2.791602180236817e-01
1.250000000000000e+00	3.443561206175005e-01
1.250000000000000e+00	2.703167832126067e-01
1.250000000000000e+00	2.648235174589887e-01
1.250000000000000e+00	2.741609089463475e-01
1.250000000000000e+00	2.442234884490959e-01
1.250000000000000e+00	2.922701671017015e-01
1.250000000000000e+00	2.445137750616321e-01
1.250000000000000e+00	2.024040050011750e-01
1.250000000000000e+00	2.613339958355134e-01
1.250000000000000e+00	2.332868301361744e-01
1.250000000000000e+00	2.193213654514960e-01
1.250000000000000e+00	2.573058127242224e-01
1.250000000000000e+00	3.273550605010037e-01
1.250000000000000e+00	2.222601975768184e-01
1.250000000000000e+00	2.308304582227871e-01
1.250000000000000e+00	2.461108911909211e-01
1.250000000000000e+00	3.039162406688040e-01
1.250000000000000e+00	2.482382648689991e-01
1.250000000000000e+00	3.215161569193567e-01
1.250000000000000e+00	2.356549223244998e-01
1.250000000000000e+00	2.110352753693713e-01
1.250000000000000e+00	2.020771142939281e-01
1.250000000000000e+00	2.672364203006651e-01
1.250000000000000e+00	2.407264901742006e-01
1.250000000000000e+00	2.538865910793645e-01
1.250000000000000e+00	2.634429054605004e-01
1.250000000000000e+00	3.028764953833145e-01
1.250000000000000e+00	3.192404251350676e-01
1.250000000000000e+00	2.834360218759919e-01
1.250000000000000e+00	2.739644615661043e-01
1.250000000000000e+00	2.516309749806596e-01
1.250000000000000e+00	2.167314665754614e-01
1.250000000000000e+00	2.484440846820847e-01
1.250000000000000e+00	3.237596604944949e-01
1.250000000000000e+00	2.721670445990536e-01
1.250000000000000e+00	2.811404400678221e-01
1.250000000000000e+00	2.212503680743448e-01
1.250000000000000e+00	2.773777369529568e-01
1.250000000000000e+00	2.151919360033086e-01
1.250000000000000e+00	2.280885625734484e-01
1.250000000000000e+00	3.083366149809927e-01
1.250000000000000e+00	1.809020651157053e-01
1.250000000000000e+00	1.957558934095782e-01
1.250000000000000e+00	2.158292477274945e-01
1.250000000000000e+00	1.993041601536263e-01
1.250000000000000e+00	2.701360310739805e-01
1.250000000000000e+00	2.937819013454469e-01
1.250000000000000e+00	1.854646122893711e-01
1.250000000000000e+00	2.177764730632011e-01
1.250000000000000e+00	3.101506103457681e-01
1.250000000000000e+00	2.472328928500326e-01
1.250000000000000e+00	2.659244548416453e-01
1.250000000000000e+00	2.312484173286941e-01
1.250000000000000e+00	2.735404129033203e-01
1.250000000000000e+00	2.113037978184102e-01
1.250000000000000e+00	2.420724349380539e-01
1.250000000000000e+00	2.552084616295327e-01
1.250000000000000e+00	2.798612921899652e-01
1.250000000000000e+00	3.150071055176087e-01
1.250000000000000e+00	2.355676248610243e-01
1.250000000000000e+00	2.094892606481758e-01
1.250000000000000e+00	3.070415740949815e-01
1.250000000000000e+00	2.456938255833665e-01
1.250000000000000e+00	2.299647792675681e-01
1.250000000000000e+00	1.870302817358624e-01
1.250000000000000e+00	2.686575531607970e-01
1.250000000000000e+00	1.909700112609387e-01
1.250000000000000e+00	2.118985776331936e-01
1.250000000000000e+00	1.960174766708723e-01
1.250000000000000e+00	2.458699413555006e-01
1.250000000000000e+00	2.570600707609289e-01
1.250000000000000e+00	2.930914477767168e-01
1.250000000000000e+00	3.084209968900162e-01
1.250000000000000e+00	3.087345967180280e-01
1.250000000000000e+00	2.899029449041015e-01
1.250000000000000e+00	2.609124004396063e-01
1.250000000000000e+00	2.527186216106872e-01
1.250000000000000e+00	3.085374111003252e-01
1.250000000000000e+00	2.768717220542529e-01
1.250000000000000e+00	2.092627764894161e-01
1.250000000000000e+00	2.711842734640030e-01
1.250000000000000e+00	2.808044605566845e-01
1.250000000000000e+00	2.527113472938515e-01
1.250000000000000e+00	3.047594070430593e-01
1.250000000000000e+00	2.774734371395456e-01
1.250000000000000e+00	2.533627538292417e-01
1.250000000000000e+00	2.682354183267907e-01
1.250000000000000e+00	2.100522124027027e-01
1.250000000000000e+00	2.682600784655486e-01
1.250000000000000e+00	2.543221136636888e-01
1.250000000000000e+00	2.359304928770223e-01
1.250000000000000e+00	2.420392596523789e-01
1.250000000000000e+00	2.262245358325719e-01
1.250000000000000e+00	2.160822348442006e-01
1.250000000000000e+00	2.425751898250625e-01
1.250000000000000e+00	2.778932844958599e-01
1.250000000000000e+00	2.150142219500979e-01
1.250000000000000e+00	3.010572513651612e-01
1.250000000000000e+00	2.099837775337370e-01
1.250000000000000e+00	2.981499747174451e-01
1.250000000000000e+00	2.687905930600257e-01
1.250000000000000e+00	2.462700080212925e-01
1.250000000000000e+00	2.529417031983675e-01
1.250000000000000e+00	2.856676470569804e-01
1.250000000000000e+00	2.916715865126737e-01
1.250000000000000e+00	2.408033519755107e-01
1.250000000000000e+00	2.020430037098102e-01
1.250000000000000e+00	2.710096005063177e-01
1.250000000000000e+00	2.461534162552884e-01
1.250000000000000e+00	2.304136727972975e-01
1.250000000000000e+00	2.207183660624480e-01
1.250000000000000e+00	2.529693917789183e-01
1.250000000000000e+00	2.723646901286992e-01
1.250000000000000e+00	2.401472231754145e-01
1.250000000000000e+00	3.275758726977427e-01
1.250000000000000e+00	3.085653238190750e-01
1.250000000000000e+00	2.747767449454181e-01
1.250000000000000e+00	2.783751699536010e-01
1.250000000000000e+00	2.348923936671663e-01
1.250000000000000e+00	2.949162129619914e-01
1.250000000000000e+00	2.509556220964309e-01
1.250000000000000e+00	2.847392839439108e-01
1.250000000000000e+00	2.476813771917379e-01
1.250000000000000e+00	2.914755576502343e-01
1.250000000000000e+00	2.974669902153445e-01
1.250000000000000e+00	2.239414430323723e-01
1.250000000000000e+00	2.738796692343223e-01
1.250000000000000e+00	2.778707515282174e-01
1.250000000000000e+00	2.876563235303902e-01
1.250000000000000e+00	2.760839774718269e-01
1.250000000000000e+00	2.387843797296603e-01
1.250000000000000e+00	2.647653755305188e-01
1.250000000000000e+00	2.673077168731079e-01
1.250000000000000e+00	2.531287436064423e-01
1.250000000000000e+00	3.041706543353764e-01
1.250000000000000e+00	2.538127988793556e-01
1.250000000000000e+00	2.068949234076662e-01
1.250000000000000e+00	2.431889517240614e-01
1.250000000000000e+00	2.346230932348480e-01
1.250000000000000e+00	2.756737031772175e-01
1.250000000000000e+00	3.236826779660976e-01
1.250000000000000e+00	2.244280707420339e-01
1.250000000000000e+00	1.925779815446412e-01
1.250000000000000e+00	1.853729417770979e-01
1.250000000000000e+00	2.763670497706414e-01
1.250000000000000e+00	1.690218503381251e-01
1.250000000000000e+00	2.382316136116173e-01
1.250000000000000e+00	2.511655665171427e-01
1.250000000000000e+00	3.010672437579259e-01
1.250000000000000e+00	3.236410680188467e-01
1.250000000000000e+00	2.509651354488940e-01
1.250000000000000e+00	2.391153856846600e-01
1.250000000000000e+00	2.444923494402022e-01
1.250000000000000e+00	2.398322432292060e-01
1.250000000000000e+00	2.354371511594580e-01
1.250000000000000e+00	2.230178067095529e-01
1.250000000000000e+00	2.370403695393158e-01
1.250000000000000e+00	2.683708412984447e-01
1.250000000000000e+00	2.684751424038910e-01
1.250000000000000e+00	2.342965398652024e-01
1.250000000000000e+00	1.889826377675888e-01
1.250000000000000e+00	2.287930237426257e-01
1.250000000000000e+00	2.682387486756739e-01
1.250000000000000e+00	2.656769353737521e-01
1.250000000000000e+00	2.339953352318724e-01
1.250000000000000e+00	2.875370940561872e-01
1.250000000000000e+00	3.130424519403271e-01
1.250000000000000e+00	2.043038624073306e-01
1.250000000000000e+00	2.797855155320950e-01
1.250000000000000e+00	2.804844175298889e-01
1.250000000000000e+00	2.367786736658035e-01
1.250000000000000e+00	2.832044074735212e-01
1.250000000000000e+00	1.923986397371603e-01
1.250000000000000e+00	2.619624137803296e-01
1.250000000000000e+00	2.565162719634335e-01
1.250000000000000e+00	2.767493130080110e-01
1.250000000000000e+00	2.019024583063394e-01
1.250000000000000e+00	2.889505638326315e-01
1.250000000000000e+00	3.037035129540956e-01
1.250000000000000e+00	2.952598344380364e-01
1.250000000000000e+00	2.312567765400549e-01
1.250000000000000e+00	2.098991784416666e-01
1.250000000000000e+00	3.478977694828673e-01
1.250000000000000e+00	2.083756580420232e-01
1.250000000000000e+00	3.280570752544572e-01
1.250000000000000e+00	2.624044092027172e-01
1.250000000000000e+00	2.523199514668008e-01
1.250000000000000e+00	2.305716163085184e-01
1.250000000000000e+00	2.576020392955275e-01
1.250000000000000e+00	2.498611626455236e-01
1.250000000000000e+00	1.648024173716218e-01
1.250000000000000e+00	2.891988039186567e-01
1.250000000000000e+00	2.771584912787566e-01
1.250000000000000e+00	2.696164799712613e-01
1.250000000000000e+00	2.291668411636764e-01
1.250000000000000e+00	2.475637494085516e-01
1.250000000000000e+00	2.105531926970252e-01
1.250000000000000e+00	2.726795679473373e-01
1.250000000000000e+00	2.484069918799848e-01
1.250000000000000e+00	2.803813889445825e-01
1.250000000000000e+00	3.015382668524184e-01
1.250000000000000e+00	2.667145868313207e-01
1.250000000000000e+00	2.867948011619160e-01
1.250000000000000e+00	2.499327445507322e-01
1.250000000000000e+00	2.612474990934281e-01
1.250000000000000e+00	2.193328991333772e-01
1.250000000000000e+00	2.331680385257445e-01
1.250000000000000e+00	1.809550114845956e-01
1.250000000000000e+00	2.576976375049846e-01
1.250000000000000e+00	2.482649327157394e-01
1.250000000000000e+00	2.378076073913098e-01
1.250000000000000e+00	2.246331629385839e-01
1.250000000000000e+00	2.641054993890964e-01
1.250000000000000e+00	2.382345335318516e-01
1.250000000000000e+00	3.120231810100782e-01
1.250000000000000e+00	2.292005895292128e-01
1.250000000000000e+00	2.266445513138878e-01
1.250000000000000e+00	3.095296157096258e-01
1.250000000000000e+00	2.180933002562979e-01
1.250000000000000e+00	2.449538279053215e-01
1.250000000000000e+00	2.609660724332802e-01
1.250000000000000e+00	2.349869073144239e-01
1.250000000000000e+00	1.799225198246087e-01
1.250000000000000e+00	1.825874417670438e-01
1.250000000000000e+00	2.032804201087714e-01
1.250000000000000e+00	2.516339671114058e-01
1.250000000000000e+00	3.034803927786116e-01
1.250000000000000e+00	3.576465705514423e-01
1.250000000000000e+00	2.235208543606726e-01
1.250000000000000e+00	2.668241222107802e-01
1.250000000000000e+00	2.685170856893364e-01
1.250000000000000e+00	2.207924754706420e-01
1.250000000000000e+00	2.153877554826390e-01
1.250000000000000e+00	2.556401648932061e-01
1.250000000000000e+00	2.630005128799915e-01
1.250000000000000e+00	2.900438628673665e-01
1.250000000000000e+00	2.926711088083494e-01
1.250000000000000e+00	2.488123319042907e-01
1.250000000000000e+00	2.070927146188471e-01
1.250000000000000e+00	2.345829249091750e-01
1.250000000000000e+00	1.995608575908919e-01
1.250000000000000e+00	2.676558856408937e-01
1.250000000000000e+00	2.265605641909741e-01
1.250000000000000e+00	2.454605945929675e-01
1.250000000000000e+00	2.871902504191335e-01
1.250000000000000e+00	2.667241202026293e-01
1.250000000000000e+00	2.330096648200680e-01
1.250000000000000e+00	2.432523965032601e-01
1.250000000000000e+00	2.894009872321999e-01
1.250000000000000e+00	3.023403641339235e-01
1.250000000000000e+00	2.539882926898117e-01
1.250000000000000e+00	2.531166283716748e-01
1.250000000000000e+00	2.353063571889830e-01
1.250000000000000e+00	2.400391386622649e-01
1.250000000000000e+00	2.573400416748547e-01
1.250000000000000e+00	3.016437387112744e-01
1.250000000000000e+00	2.627455650407319e-01
1.250000000000000e+00	2.691755506538603e-01
1.250000000000000e+00	2.828004154132347e-01
1.250000000000000e+00	2.127968641623388e-01
1.250000000000000e+00	2.402502683757216e-01
1.250000000000000e+00	2.556375988520765e-01
1.250000000000000e+00	2.902919558728337e-01
1.250000000000000e+00	2.134378220109650e-01
1.250000000000000e+00	2.660571609245360e-01
1.250000000000000e+00	3.401072313635679e-01
1.250000000000000e+00	3.437873142719847e-01
1.250000000000000e+00	3.193779225982892e-01
1.250000000000000e+00	2.768521290538933e-01
1.250000000000000e+00	2.771422950994010e-01
1.250000000000000e+00	1.806852709725062e-01
1.250000000000000e+00	2.169835077775540e-01
1.250000000000000e+00	2.125955437402870e-01
1.250000000000000e+00	2.272214078487534e-01
1.250000000000000e+00	2.614739016582555e-01
1.250000000000000e+00	1.893761584612667e-01
1.250000000000000e+00	2.766213138927002e-01
1.250000000000000e+00	2.230608806588018e-01
1.250000000000000e+00	1.989425791414914e-01
1.250000000000000e+00	2.198163595445404e-01
1.250000000000000e+00	2.094587527898339e-01
1.250000000000000e+00	2.522218405228912e-01
1.250000000000000e+00	2.461534123664905e-01
1.250000000000000e+00	2.316876285802593e-01
1.250000000000000e+00	2.134609832697572e-01
1.250000000000000e+00	2.609344753802724e-01
1.250000000000000e+00	1.874077958123195e-01
1.250000000000000e+00	2.657284485613691e-01
1.250000000000000e+00	2.424756919467392e-01
1.250000000000000e+00	2.277107717027526e-01
1.250000000000000e+00	2.713877969960372e-01
1.250000000000000e+00	2.628222588562756e-01
1.250000000000000e+00	2.625038874349067e-01
1.250000000000000e+00	3.215543150861162e-01
1.250000000000000e+00	2.366081515909873e-01
1.250000000000000e+00	3.174294742461527e-01
1.250000000000000e+00	2.737889472274725e-01
1.250000000000000e+00	2.472652697261309e-01
1.250000000000000e+00	2.686776636945721e-01
1.250000000000000e+00	2.751988959108342e-01
1.250000000000000e+00	2.452921982798312e-01
1.250000000000000e+00	2.598100986106693e-01
1.250000000000000e+00	2.540285332613309e-01
1.250000000000000e+00	2.136159727641223e-01
1.250000000000000e+00	2.904550350046623e-01
1.250000000000000e+00	3.162318153358341e-01
1.250000000000000e+00	2.591048869766459e-01
1.250000000000000e+00	2.447397551149348e-01
1.250000000000000e+00	2.532083104008233e-01
1.250000000000000e+00	2.620898861308483e-01
1.250000000000000e+00	1.846537474941408e-01
1.250000000000000e+00	2.435157645843330e-01
1.250000000000000e+00	1.941407394552296e-01
1.250000000000000e+00	2.361327007021775e-01
1.250000000000000e+00	2.295208222390813e-01
1.250000000000000e+00	2.738265943806643e-01
1.250000000000000e+00	2.376102425596278e-01
1.250000000000000e+00	2.637500537974936e-01
1.250000000000000e+00	3.161437441725788e-01
1.250000000000000e+00	2.538987370039303e-01
1.250000000000000e+00	2.213205191394885e-01
1.250000000000000e+00	2.777562582102820e-01
1.250000000000000e+00	2.801834829485959e-01
1.250000000000000e+00	2.636986251858727e-01
1.250000000000000e+00	2.733177879362151e-01
1.250000000000000e+00	1.954054335809393e-01
1.250000000000000e+00	2.512799147090216e-01
1.250000000000000e+00	2.803907066617171e-01
1.250000000000000e+00	2.354054610266196e-01
1.250000000000000e+00	2.237436723466514e-01
1.250000000000000e+00	2.251604892138505e-01
1.250000000000000e+00	2.849911542909910e-01
1.250000000000000e+00	2.507132642564169e-01
1.250000000000000e+00	1.547416005129696e-01
1.250000000000000e+00	1.860538273228536e-01
1.250000000000000e+00	2.903584771375510e-01
1.250000000000000e+00	2.820219983937832e-01
1.250000000000000e+00	2.711959985096705e-01
1.250000000000000e+00	2.761598510969304e-01
1.250000000000000e+00	2.353897561091259e-01
1.250000000000000e+00	2.936312348878711e-01
1.250000000000000e+00	2.409282641175780e-01
1.250000000000000e+00	2.684536299282799e-01
1.250000000000000e+00	2.401601289051903e-01
1.250000000000000e+00	2.459795827476561e-01
1.250000000000000e+00	2.644990418028930e-01
1.250000000000000e+00	1.961153880750979e-01
1.250000000000000e+00	2.556920415856528e-01
1.250000000000000e+00	2.443225922437263e-01
1.250000000000000e+00	2.917210980824741e-01
1.250000000000000e+00	3.123433718003399e-01
1.250000000000000e+00	2.287808995953575e-01
1.250000000000000e+00	1.807324260760388e-01
1.250000000000000e+00	2.516486675788833e-01
1.250000000000000e+00	2.323947607048758e-01
1.250000000000000e+00	2.777597401601738e-01
1.250000000000000e+00	2.579814339316337e-01
1.250000000000000e+00	2.195042527195286e-01
1.250000000000000e+00	2.531968168403083e-01
1.250000000000000e+00	2.904465706436401e-01
1.250000000000000e+00	2.589043108256288e-01
1.250000000000000e+00	2.555289561137947e-01
1.250000000000000e+00	2.147585539012343e-01
1.250000000000000e+00	2.602948316308710e-01
1.250000000000000e+00	2.243455949071127e-01
1.250000000000000e+00	2.397197963713693e-01
1.250000000000000e+00	2.748941957793590e-01
1.250000000000000e+00	2.983362952060728e-01
1.250000000000000e+00	2.721978928304407e-01
1.250000000000000e+00	2.747085118636649e-01
1.250000000000000e+00	2.029214968163387e-01
1.250000000000000e+00	2.719229451768276e-01
1.250000000000000e+00	2.812040801347501e-01
1.250000000000000e+00	2.517771995375457e-01
1.250000000000000e+00	2.620480463424774e-01
1.250000000000000e+00	2.751383315118591e-01
1.250000000000000e+00	2.545278861246119e-01
1.250000000000000e+00	2.505873471299506e-01
1.250000000000000e+00	2.926000259062725e-01
1.250000000000000e+00	2.214371320194784e-01
1.250000000000000e+00	2.523061478232112e-01
1.250000000000000e+00	2.597640876387808e-01
1.250000000000000e+00	2.461277403512822e-01
1.250000000000000e+00	3.091878790740598e-01
1.250000000000000e+00	2.301648080775942e-01
1.250000000000000e+00	2.494685105959232e-01
1.250000000000000e+00	2.369293144233974e-01
1.250000000000000e+00	2.424430476175779e-01
1.250000000000000e+00	2.709841985421486e-01
1.250000000000000e+00	2.414416085897823e-01
1.250000000000000e+00	2.892203630978145e-01
1.250000000000000e+00	2.259716327779903e-01
1.250000000000000e+00	2.806051475871038e-01
1.250000000000000e+00	2.851572698254855e-01
1.250000000000000e+00	2.826522693716417e-01
1.250000000000000e+00	1.878292117821729e-01
1.250000000000000e+00	2.526313450133961e-01
1.250000000000000e+00	2.156703190718644e-01
1.250000000000000e+00	2.096395458047510e-01
1.250000000000000e+00	2.731083577856810e-01
1.250000000000000e+00	2.451833750847185e-01
1.250000000000000e+00	2.398307299012998e-01
1.250000000000000e+00	1.991430662246069e-01
1.250000000000000e+00	2.475411829820322e-01
1.250000000000000e+00	2.672022148335319e-01
1.250000000000000e+00	2.271706788205998e-01
1.250000000000000e+00	1.868260491415466e-01
1.250000000000000e+00	2.948274910021331e-01
1.250000000000000e+00	2.777039734879945e-01
1.250000000000000e+00	2.522766902043079e-01
1.250000000000000e+00	1.926335402674491e-01
1.250000000000000e+00	2.576281958858527e-01
1.250000000000000e+00	3.261900988205902e-01
1.250000000000000e+00	3.248536096901997e-01
1.250000000000000e+00	3.302444132078324e-01
1.250000000000000e+00	2.910247082989374e-01
1.250000000000000e+00	2.444656503552375e-01
1.250000000000000e+00	2.542057673026660e-01
1.250000000000000e+00	2.039486096573073e-01
1.250000000000000e+00	2.535735600473586e-01
1.250000000000000e+00	1.910373756327999e-01
1.250000000000000e+00	2.598613316097266e-01
1.250000000000000e+00	2.573075609026410e-01
1.250000000000000e+00	1.980652347062354e-01
1.250000000000000e+00	2.269461176660080e-01
1.250000000000000e+00	2.290244804238099e-01
1.250000000000000e+00	3.183757269377867e-01
1.250000000000000e+00	2.558619980111470e-01
1.250000000000000e+00	2.096445132723086e-01
1.250000000000000e+00	2.189441982851453e-01
1.250000000000000e+00	2.866243456057553e-01
1.250000000000000e+00	2.208937575913338e-01
1.250000000000000e+00	2.785944040750593e-01
1.250000000000000e+00	2.470499646427331e-01
1.250000000000000e+00	3.075322745012427e-01
1.250000000000000e+00	2.072269890373199e-01
1.250000000000000e+00	2.138506719238920e-01
1.250000000000000e+00	2.871788486618288e-01
1.250000000000000e+00	3.414202413493050e-01
1.250000000000000e+00	3.064952331485507e-01
1.250000000000000e+00	2.548103305836198e-01
1.250000000000000e+00	2.583077553876719e-01
1.250000000000000e+00	2.680437377463695e-01
1.250000000000000e+00	2.925970977057610e-01
1.250000000000000e+00	2.800189230848610e-01
1.250000000000000e+00	2.542238280324593e-01
1.250000000000000e+00	2.824033697134989e-01
1.250000000000000e+00	2.634402796739417e-01
1.250000000000000e+00	1.997278569420770e-01
1.250000000000000e+00	2.773444553999878e-01
1.250000000000000e+00	1.988128388471156e-01
1.250000000000000e+00	2.635900361196715e-01
1.250000000000000e+00	2.324152716941549e-01
1.250000000000000e+00	2.360622774395638e-01
1.250000000000000e+00	1.955703247550820e-01
1.250000000000000e+00	2.213314078439039e-01
1.250000000000000e+00	2.912145961789008e-01
1.250000000000000e+00	2.561780961500629e-01
1.250000000000000e+00	2.612886111807061e-01
1.250000000000000e+00	2.781503606678071e-01
1.250000000000000e+00	2.794986911880374e-01
1.250000000000000e+00	2.666151827528666e-01
1.250000000000000e+00	2.517335853462974e-01
1.250000000000000e+00	2.033360223731859e-01
1.250000000000000e+00	3.463313716083993e-01
1.250000000000000e+00	2.472346923748958e-01
1.250000000000000e+00	2.171792413734875e-01
1.250000000000000e+00	2.344376883402859e-01
1.250000000000000e+00	2.912104480428248e-01
1.250000000000000e+00	2.470070906580471e-01
1.250000000000000e+00	2.354209103715408e-01
1.250000000000000e+00	1.905120122338302e-01
1.250000000000000e+00	2.280063799522518e-01
1.250000000000000e+00	2.498272329238703e-01
1.250000000000000e+00	2.413043979185442e-01
1.250000000000000e+00	1.882286708778456e-01
1.250000000000000e+00	2.777123160706517e-01
1.250000000000000e+00	2.528114059062185e-01
1.250000000000000e+00	2.857661106987784e-01
1.250000000000000e+00	2.461790210765462e-01
1.250000000000000e+00	3.151499794524942e-01
1.250000000000000e+00	2.273911462963993e-01
1.250000000000000e+00	2.689784023006986e-01
1.250000000000000e+00	2.514902851010516e-01
1.250000000000000e+00	2.239908220411240e-01
1.250000000000000e+00	2.671579121957453e-01
1.250000000000000e+00	2.826989442915298e-01
1.250000000000000e+00	2.751552017424028e-01
1.250000000000000e+00	1.842876430034183e-01
1.250000000000000e+00	2.577638008232951e-01
1.250000000000000e+00	2.410623840803678e-01
1.250000000000000e+00	2.346256383682144e-01
1.250000000000000e+00	2.739788662759239e-01
1.250000000000000e+00	2.647572375443100e-01
1.250000000000000e+00	2.448884431712731e-01
1.250000000000000e+00	2.883115447051097e-01
1.250000000000000e+00	2.947869234101303e-01
1.250000000000000e+00	2.443549845636732e-01
1.250000000000000e+00	2.864490854113340e-01
1.250000000000000e+00	2.859739993838886e-01
1.250000000000000e+00	2.627404090794926e-01
1.250000000000000e+00	2.835405697179804e-01
1.250000000000000e+00	2.976436904796830e-01
1.250000000000000e+00	2.545275894425065e-01
1.250000000000000e+00	2.026316706667539e-01
1.250000000000000e+00	2.193570872484986e-01
1.250000000000000e+00	2.779235825141669e-01
1.250000000000000e+00	2.693442542269810e-01
1.250000000000000e+00	3.073952502189837e-01
1.250000000000000e+00	2.441943811866308e-01
1.250000000000000e+00	2.226898776176754e-01
1.250000000000000e+00	2.359854969823369e-01
1.250000000000000e+00	2.107278018832555e-01
1.250000000000000e+00	1.975370685645703e-01
1.250000000000000e+00	3.194115420921967e-01
1.250000000000000e+00	2.040154709981774e-01
1.250000000000000e+00	2.963413492798327e-01
1.250000000000000e+00	2.662265437326135e-01
1.250000000000000e+00	3.115858480391352e-01
1.250000000000000e+00	2.389997389231066e-01
1.250000000000000e+00	3.011205936308591e-01
1.250000000000000e+00	2.061118256817486e-01
1.250000000000000e+00	2.804148024402326e-01
1.250000000000000e+00	3.185875690401857e-01
1.250000000000000e+00	2.931108729588884e-01
1.250000000000000e+00	2.589608521559490e-01
1.250000000000000e+00	2.700442129235905e-01
1.250000000000000e+00	2.967318396165803e-01
1.250000000000000e+00	3.121311138225299e-01
1.250000000000000e+00	2.409219651386968e-01
1.250000000000000e+00	2.943708674672244e-01
1.250000000000000e+00	2.412264910545900e-01
1.250000000000000e+00	1.592231353481396e-01
1.250000000000000e+00	2.648848186744142e-01
1.250000000000000e+00	3.067284136289998e-01
1.250000000000000e+00	2.280691117050118e-01
1.250000000000000e+00	2.881950244014899e-01
1.250000000000000e+00	2.849389665946258e-01
1.250000000000000e+00	2.807290744108757e-01
1.250000000000000e+00	2.460015210397538e-01
1.250000000000000e+00	2.043028540405789e-01
1.250000000000000e+00	3.022003025735959e-01
1.250000000000000e+00	2.711403102872580e-01
1.250000000000000e+00	2.850784018670842e-01
1.250000000000000e+00	2.512294133692480e-01
1.250000000000000e+00	1.996397366084698e-01
1.250000000000000e+00	2.874490309950302e-01
1.250000000000000e+00	2.278927776702667e-01
1.250000000000000e+00	3.023628779320383e-01
1.250000000000000e+00	2.361526874381804e-01
1.250000000000000e+00	2.248432712234754e-01
1.250000000000000e+00	3.078457572247435e-01
1.250000000000000e+00	2.194078761648661e-01
1.250000000000000e+00	2.263275327364376e-01
1.250000000000000e+00	2.961167871054587e-01
1.250000000000000e+00	2.363794054600817e-01
1.250000000000000e+00	2.668898690291976e-01
1.250000000000000e+00	2.318272084784819e-01
1.250000000000000e+00	2.707162810080723e-01
1.250000000000000e+00	2.337973621717372e-01
1.250000000000000e+00	2.936380779639542e-01
1.250000000000000e+00	3.062150688589492e-01
1.250000000000000e+00	2.470822787158394e-01
1.250000000000000e+00	2.228457533137674e-01
1.250000000000000e+00	2.808346440426003e-01
1.250000000000000e+00	2.601956437600965e-01
1.250000000000000e+00	2.337882375590224e-01
1.250000000000000e+00	2.318173659522041e-01
1.250000000000000e+00	2.518035434973529e-01
1.250000000000000e+00	2.334502714752614e-01
1.250000000000000e+00	2.497913874726169e-01
1.250000000000000e+00	2.080663010279798e-01
1.250000000000000e+00	3.091034396427647e-01
1.250000000000000e+00	3.225068512443626e-01
1.250000000000000e+00	2.908907119363223e-01
1.250000000000000e+00	2.302628972257487e-01
1.250000000000000e+00	2.411891104903910e-01
1.250000000000000e+00	2.492114434013115e-01
1.250000000000000e+00	2.311720084577761e-01
1.250000000000000e+00	2.864914455931449e-01
1.250000000000000e+00	2.941969662253021e-01
1.250000000000000e+00	2.903623000711206e-01
1.250000000000000e+00	2.232739787296271e-01
1.250000000000000e+00	2.406242849678588e-01
1.250000000000000e+00	2.364801968665255e-01
1.250000000000000e+00	2.292916545394387e-01
1.250000000000000e+00	1.973458310204710e-01
1.250000000000000e+00	2.181993005251867e-01
1.250000000000000e+00	2.666786425102946e-01
1.250000000000000e+00	3.249609634196007e-01
1.250000000000000e+00	2.634519818060073e-01
1.250000000000000e+00	2.797205141778940e-01
1.250000000000000e+00	3.509496730869294e-01
1.250000000000000e+00	2.698907610586821e-01
1.250000000000000e+00	2.964070447925325e-01
1.250000000000000e+00	2.067281423270100e-01
1.250000000000000e+00	2.598383572125604e-01
1.250000000000000e+00	2.636619370866191e-01
1.250000000000000e+00	2.449101144477597e-01
1.250000000000000e+00	2.471066952578884e-01
1.250000000000000e+00	2.982439098398136e-01
1.250000000000000e+00	2.557080337611774e-01
1.250000000000000e+00	2.418893154096450e-01
1.250000000000000e+00	2.506257537005780e-01
1.250000000000000e+00	2.217678338220767e-01
1.250000000000000e+00	2.523976160343661e-01
1.250000000000000e+00	1.937344554600855e-01
1.250000000000000e+00	1.726538602558245e-01
1.250000000000000e+00	3.034650222921320e-01
1.250000000000000e+00	3.031295041228905e-01
1.250000000000000e+00	1.988019114199291e-01
1.250000000000000e+00	2.704952861002152e-01
1.250000000000000e+00	2.252008657778635e-01
1.250000000000000e+00	2.293247492308013e-01
1.250000000000000e+00	2.281921010370780e-01
1.250000000000000e+00	2.756832652499799e-01
1.250000000000000e+00	1.962097014156194e-01
1.250000000000000e+00	3.068405143378329e-01
1.250000000000000e+00	2.526964579391813e-01
1.250000000000000e+00	2.980766987730483e-01
1.250000000000000e+00	2.745634070179870e-01
1.250000000000000e+00	2.417741362904550e-01
1.250000000000000e+00	2.391980774117472e-01
1.250000000000000e+00	2.752253325610747e-01
1.250000000000000e+00	2.486133798438917e-01
1.250000000000000e+00	2.572952581909946e-01
1.250000000000000e+00	2.867006938382227e-01
1.250000000000000e+00	1.809092639080992e-01
1.250000000000000e+00	2.515510973459588e-01
1.250000000000000e+00	2.576896692052116e-01
1.250000000000000e+00	2.489294412311017e-01
1.250000000000000e+00	2.474617488500590e-01
1.250000000000000e+00	2.785415201618393e-01
1.250000000000000e+00	2.514376247146129e-01
1.250000000000000e+00	3.037982490761976e-01
1.250000000000000e+00	2.784747299411393e-01
1.250000000000000e+00	1.778319229426399e-01
1.250000000000000e+00	2.791992981547113e-01
1.250000000000000e+00	2.990471254892619e-01
1.250000000000000e+00	2.785328824112396e-01
1.250000000000000e+00	2.229621240582994e-01
1.250000000000000e+00	2.400811654222230e-01
1.250000000000000e+00	3.047199224329969e-01
1.250000000000000e+00	4.029613566673584e-01
1.250000000000000e+00	3.134921386178533e-01
1.250000000000000e+00	2.740385544527587e-01
1.250000000000000e+00	2.661960796971961e-01
1.250000000000000e+00	2.107184632541773e-01
1.250000000000000e+00	1.934182052942903e-01
1.250000000000000e+00	2.266207183365346e-01
1.250000000000000e+00	2.953828516836869e-01
1.250000000000000e+00	2.042573753462225e-01
1.250000000000000e+00	2.303560545628068e-01
1.250000000000000e+00	2.332140275343934e-01
1.250000000000000e+00	2.819397764877956e-01
1.250000000000000e+00	2.784944379734010e-01
1.250000000000000e+00	2.336546823070523e-01
1.250000000000000e+00	2.360388656836279e-01
1.250000000000000e+00	2.365881878334240e-01
1.250000000000000e+00	2.134487741356924e-01
1.250000000000000e+00	2.285358855442335e-01
1.250000000000000e+00	3.369377225115792e-01
1.250000000000000e+00	2.364043180295303e-01
1.250000000000000e+00	2.250998455331265e-01
1.250000000000000e+00	2.174818984682942e-01
1.250000000000000e+00	2.144842190357007e-01
1.250000000000000e+00	2.531378691283755e-01
1.250000000000000e+00	2.033173887726663e-01
1.250000000000000e+00	3.157267705029165e-01
1.250000000000000e+00	2.377272336923152e-01
1.250000000000000e+00	2.080625812468561e-01
1.250000000000000e+00	2.209155523559284e-01
1.250000000000000e+00	2.508373299469575e-01
1.250000000000000e+00	2.593377274316401e-01
1.250000000000000e+00	2.278747074195085e-01
1.250000000000000e+00	2.796370078789523e-01
1.250000000000000e+00	2.191599830846419e-01
1.250000000000000e+00	2.201542132464681e-01
1.250000000000000e+00	2.716158877844811e-01
1.250000000000000e+00	2.487375081492676e-01
1.250000000000000e+00	3.396382650497910e-01
1.250000000000000e+00	2.176972563518828e-01
1.250000000000000e+00	2.522440850246548e-01
1.250000000000000e+00	2.250458541506793e-01
1.250000000000000e+00	2.807841814083268e-01
1.250000000000000e+00	2.522488635751619e-01
1.250000000000000e+00	2.798683308414931e-01
1.250000000000000e+00	2.308916490313078e-01
1.250000000000000e+00	2.668851467423000e-01
1.250000000000000e+00	3.191369880594765e-01
1.250000000000000e+00	2.069933369993357e-01
1.250000000000000e+00	2.131601192971622e-01
1.250000000000000e+00	2.329092199113782e-01
1.250000000000000e+00	2.667540790662749e-01
1.250000000000000e+00	2.133838158380137e-01
1.250000000000000e+00	2.074085719935585e-01
1.250000000000000e+00	2.061711710252953e-01
1.250000000000000e+00	2.773174715854110e-01
1.250000000000000e+00	2.816669960141238e-01
1.250000000000000e+00	2.648298306745213e-01
1.250000000000000e+00	2.268225727072536e-01
1.250000000000000e+00	2.431849557004618e-01
1.250000000000000e+00	2.524057889640950e-01
1.250000000000000e+00	2.066809326676568e-01
1.250000000000000e+00	2.305161055055642e-01
1.250000000000000e+00	2.727465575871447e-01
1.250000000000000e+00	2.991371352376348e-01
1.250000000000000e+00	2.973006253843179e-01
1.250000000000000e+00	2.232299071004896e-01
1.250000000000000e+00	2.264474616468025e-01
1.250000000000000e+00	2.533409278304961e-01
1.250000000000000e+00	2.983493659034749e-01
1.250000000000000e+00	2.450191890592170e-01
1.250000000000000e+00	2.586406615720314e-01
1.250000000000000e+00	2.773738773098980e-01
1.250000000000000e+00	2.405082007900776e-01
1.250000000000000e+00	2.508536192895338e-01
1.250000000000000e+00	2.984840270626223e-01
1.250000000000000e+00	2.086667787666964e-01
1.250000000000000e+00	2.525694311248650e-01
1.250000000000000e+00	2.489805588146305e-01
1.250000000000000e+00	2.864208668700877e-01
1.250000000000000e+00	2.175328917258632e-01
1.250000000000000e+00	2.890063148491117e-01
1.250000000000000e+00	2.745815347131523e-01
1.250000000000000e+00	2.480599111543125e-01
1.250000000000000e+00	2.486724427517516e-01
1.250000000000000e+00	2.382416060065618e-01
1.250000000000000e+00	2.488193923575369e-01
1.250000000000000e+00	2.607858086165818e-01
1.250000000000000e+00	2.751609922016793e-01
1.250000000000000e+00	2.682983580463045e-01
1.250000000000000e+00	2.323330923440643e-01
1.250000000000000e+00	2.364032268267511e-01
1.250000000000000e+00	3.217959506050860e-01
1.250000000000000e+00	2.539854477100852e-01
1.250000000000000e+00	2.305995107469647e-01
1.250000000000000e+00	2.311467916024278e-01
1.250000000000000e+00	2.672738003733852e-01
1.250000000000000e+00	2.887759469658953e-01
1.250000000000000e+00	2.823479080751582e-01
1.250000000000000e+00	2.471537712150862e-01
1.250000000000000e+00	3.432315564621898e-01
1.250000000000000e+00	2.101042073479686e-01
1.250000000000000e+00	2.681125755688532e-01
1.250000000000000e+00	2.156546257379991e-01
1.250000000000000e+00	2.641547758039076e-01
1.250000000000000e+00	2.292832904442098e-01
1.250000000000000e+00	2.428597091982968e-01
1.250000000000000e+00	2.109092181947505e-01
1.250000000000000e+00	2.773658770766352e-01
1.250000000000000e+00	2.311129662551392e-01
1.250000000000000e+00	2.530746843589153e-01
1.250000000000000e+00	2.128469799493998e-01
1.250000000000000e+00	2.841608113472049e-01
1.250000000000000e+00	2.461659474404888e-01
1.250000000000000e+00	2.377067232896705e-01
1.250000000000000e+00	2.545918698505353e-01
1.250000000000000e+00	2.601295009784030e-01
1.250000000000000e+00	2.645953933874258e-01
1.250000000000000e+00	3.207246979216799e-01
1.250000000000000e+00	2.894113213472612e-01
1.250000000000000e+00	2.524567580175847e-01
1.250000000000000e+00	2.742786148403591e-01
1.250000000000000e+00	1.948704295386064e-01
1.250000000000000e+00	2.569207764151339e-01
1.250000000000000e+00	2.683844357848299e-01
1.250000000000000e+00	1.993431316874859e-01
1.250000000000000e+00	2.439381318492221e-01
1.250000000000000e+00	2.374402012581627e-01
1.250000000000000e+00	2.321565199262773e-01
1.250000000000000e+00	3.232851604381964e-01
1.250000000000000e+00	2.701726223294287e-01
1.250000000000000e+00	2.803551394078000e-01
1.250000000000000e+00	1.767116571871937e-01
1.250000000000000e+00	1.988711007916369e-01
1.250000000000000e+00	2.744249181677615e-01
1.250000000000000e+00	2.479858743569615e-01
1.250000000000000e+00	2.410963060084063e-01
1.250000000000000e+00	2.493156541098653e-01
1.250000000000000e+00	2.717623615451707e-01
1.250000000000000e+00	2.928572439500209e-01
1.250000000000000e+00	2.710842700225763e-01
1.250000000000000e+00	2.893929409175137e-01
1.250000000000000e+00	2.829434970014969e-01
1.250000000000000e+00	2.279045848935290e-01
1.250000000000000e+00	2.451803332023206e-01
1.250000000000000e+00	3.648557416198238e-01
1.250000000000000e+00	2.226452786700635e-01
1.250000000000000e+00	2.652919585281060e-01
1.250000000000000e+00	2.755679106148707e-01
1.250000000000000e+00	3.746835869561344e-01
1.250000000000000e+00	2.767003541862019e-01
1.250000000000000e+00	2.872966054430748e-01
1.250000000000000e+00	2.686179070577887e-01
1.250000000000000e+00	1.980723939169815e-01
1.250000000000000e+00	2.998715983855464e-01
1.250000000000000e+00	2.555883084107328e-01
1.250000000000000e+00	2.483262734722675e-01
1.250000000000000e+00	2.484612334429486e-01
1.250000000000000e+00	2.550984564235798e-01
1.250000000000000e+00	2.887637800769190e-01
1.250000000000000e+00	2.462768139529930e-01
1.250000000000000e+00	1.587102174046230e-01
1.250000000000000e+00	2.289207241127320e-01
1.250000000000000e+00	2.706438625972939e-01
1.250000000000000e+00	2.506848126535612e-01
1.250000000000000e+00	2.262909178719336e-01
1.250000000000000e+00	2.336472481735914e-01
1.250000000000000e+00	2.149169919620495e-01
1.250000000000000e+00	2.640635138183022e-01
1.250000000000000e+00	2.569841236368685e-01
1.250000000000000e+00	2.725644705859176e-01
1.250000000000000e+00	2.304554988784489e-01
1.250000000000000e+00	2.369947359161913e-01
1.250000000000000e+00	2.549642089125318e-01
1.250000000000000e+00	2.257967975151249e-01
1.250000000000000e+00	2.680456193215990e-01
1.250000000000000e+00	2.799343022428448e-01
1.250000000000000e+00	2.824194804324147e-01
1.250000000000000e+00	2.256402401958933e-01
1.250000000000000e+00	3.036097775822779e-01
1.250000000000000e+00	2.647764638474792e-01
1.250000000000000e+00	2.144501842979815e-01
1.250000000000000e+00	1.705428223789239e-01
1.250000000000000e+00	2.248477005469612e-01
1.250000000000000e+00	2.412336063634368e-01
1.250000000000000e+00	2.690417288498085e-01
1.250000000000000e+00	2.626726148869212e-01
1.250000000000000e+00	2.277205450017062e-01
1.250000000000000e+00	2.292298651826108e-01
1.250000000000000e+00	2.637488151641865e-01
1.250000000000000e+00	2.260064956794026e-01
1.250000000000000e+00	1.988210321778877e-01
1.250000000000000e+00	2.508957795077164e-01
1.250000000000000e+00	2.332001292092268e-01
1.250000000000000e+00	2.755136179204122e-01
1.250000000000000e+00	2.354890273800797e-01
1.250000000000000e+00	2.690968413533366e-01
1.250000000000000e+00	2.013402764734985e-01
1.250000000000000e+00	1.260225873344327e-01
1.250000000000000e+00	3.243505098247568e-01
1.250000000000000e+00	2.778903988502116e-01
1.250000000000000e+00	2.538027914208642e-01
1.250000000000000e+00	2.274247771635584e-01
1.250000000000000e+00	3.279878234710817e-01
1.250000000000000e+00	2.567188811645671e-01
1.250000000000000e+00	2.441673551076083e-01
1.250000000000000e+00	2.418661978832592e-01
1.250000000000000e+00	2.737904242181539e-01
1.250000000000000e+00	2.710997106623360e-01
1.250000000000000e+00	2.834440814701929e-01
1.250000000000000e+00	2.980978565584573e-01
1.250000000000000e+00	2.423322093419216e-01
1.250000000000000e+00	3.090185027422639e-01
1.250000000000000e+00	2.209852231273990e-01
1.250000000000000e+00	2.353911804423912e-01
1.250000000000000e+00	2.591339058140467e-01
1.250000000000000e+00	2.695089671024695e-01
1.250000000000000e+00	2.425112695033481e-01
1.250000000000000e+00	3.059478755901119e-01
1.250000000000000e+00	2.924458596698065e-01
1.250000000000000e+00	2.562656046745694e-01
1.250000000000000e+00	2.175271610966788e-01
1.250000000000000e+00	2.345164206138110e-01
1.250000000000000e+00	2.347500882120381e-01
1.250000000000000e+00	2.735434244964732e-01
1.250000000000000e+00	2.299561602753481e-01
1.250000000000000e+00	3.545882735310027e-01
1.250000000000000e+00	2.495872042542424e-01
1.250000000000000e+00	2.581441201872781e-01
1.250000000000000e+00	2.417550093698961e-01
1.250000000000000e+00	2.126644157382116e-01
1.250000000000000e+00	3.024179730777195e-01
1.250000000000000e+00	2.744826949854655e-01
1.250000000000000e+00	2.587043519494353e-01
1.250000000000000e+00	2.346641610291684e-01
1.250000000000000e+00	2.331252392267089e-01
1.250000000000000e+00	2.328841810728502e-01
1.250000000000000e+00	3.029726946046619e-01
1.250000000000000e+00	2.579348452111790e-01
1.250000000000000e+00	2.758677530543456e-01
1.250000000000000e+00	2.832160607286080e-01
1.250000000000000e+00	2.710298454690795e-01
1.250000000000000e+00	2.031086947593453e-01
1.250000000000000e+00	2.435136887600905e-01
1.250000000000000e+00	2.364574103768441e-01
1.250000000000000e+00	2.143888078706191e-01
1.250000000000000e+00	2.553962296832727e-01
1.250000000000000e+00	2.650002654637663e-01
1.250000000000000e+00	2.094539697898505e-01
1.250000000000000e+00	2.010701641418656e-01
1.250000000000000e+00	3.188844699741328e-01
1.250000000000000e+00	2.509767068739143e-01
1.250000000000000e+00	2.774273660772332e-01
1.250000000000000e+00	1.864295152231067e-01
1.250000000000000e+00	2.745929336613000e-01
1.250000000000000e+00	2.202172484886069e-01
1.250000000000000e+00	2.386934837167692e-01
1.250000000000000e+00	2.446823746456940e-01
1.250000000000000e+00	2.489509693486655e-01
1.250000000000000e+00	1.675611284511166e-01
1.250000000000000e+00	2.729244358683108e-01
1.250000000000000e+00	2.486280022808137e-01
1.250000000000000e+00	2.440329424743039e-01
1.250000000000000e+00	2.921960126902516e-01
1.250000000000000e+00	2.748910513945527e-01
1.250000000000000e+00	2.967109363962626e-01
1.250000000000000e+00	2.610362934035812e-01
1.250000000000000e+00	2.998373530655292e-01
1.250000000000000e+00	3.113439660984593e-01
1.250000000000000e+00	2.974222193223234e-01
1.250000000000000e+00	2.115784750055433e-01
1.250000000000000e+00	3.300719300528675e-01
1.250000000000000e+00	3.475205605631545e-01
1.250000000000000e+00	3.208193988030218e-01
1.250000000000000e+00	2.739942794912503e-01
1.250000000000000e+00	2.317277380618183e-01
1.250000000000000e+00	2.979357445049414e-01
1.250000000000000e+00	2.317207044544937e-01
1.250000000000000e+00	2.508210215901797e-01
1.250000000000000e+00	2.133686835540554e-01
1.250000000000000e+00	2.697025808475343e-01
1.250000000000000e+00	2.627294108951539e-01
1.250000000000000e+00	2.528004424650083e-01
1.250000000000000e+00	2.331947917080796e-01
1.250000000000000e+00	3.036164113629443e-01
