1.400000000000000e+00	2.334213929763340e-01
1.400000000000000e+00	2.240740068085380e-01
1.400000000000000e+00	2.852648409672616e-01
1.400000000000000e+00	2.540626730552142e-01
1.400000000000000e+00	2.647696367455165e-01
1.400000000000000e+00	2.489029696228622e-01
1.400000000000000e+00	2.440628078419332e-01
1.400000000000000e+00	2.559685046866604e-01
1.400000000000000e+00	2.636247063592519e-01
1.400000000000000e+00	2.527075660431690e-01
1.400000000000000e+00	2.539980981794900e-01
1.400000000000000e+00	2.397049667207839e-01
1.400000000000000e+00	2.620117053310775e-01
1.400000000000000e+00	2.081510865461196e-01
1.400000000000000e+00	2.525632734129087e-01
1.400000000000000e+00	2.662597794192952e-01
1.400000000000000e+00	2.907412945917998e-01
1.400000000000000e+00	2.840806123823174e-01
1.400000000000000e+00	3.033891497616080e-01
1.400000000000000e+00	2.593325493281880e-01
1.400000000000000e+00	2.633823644848192e-01
1.400000000000000e+00	2.833020737046414e-01
1.400000000000000e+00	3.335112116956427e-01
1.400000000000000e+00	2.763837225331803e-01
1.400000000000000e+00	2.657337382809837e-01
1.400000000000000e+00	2.921804888000737e-01
1.400000000000000e+00	2.744660340509594e-01
1.400000000000000e+00	2.783916109441474e-01
1.400000000000000e+00	3.244425822392600e-01
1.400000000000000e+00	3.103672560790816e-01
1.400000000000000e+00	2.920589917826915e-01
1.400000000000000e+00	2.830838552394057e-01
1.400000000000000e+00	2.697358526341513e-01
1.400000000000000e+00	2.665783854335254e-01
1.400000000000000e+00	2.685595498397413e-01
1.400000000000000e+00	2.459574901883023e-01
1.400000000000000e+00	2.768349725708504e-01
1.400000000000000e+00	2.715512650613600e-01
1.400000000000000e+00	2.101639921214064e-01
1.400000000000000e+00	2.213913147531232e-01
1.400000000000000e+00	2.841166601662563e-01
1.400000000000000e+00	2.277431199183591e-01
1.400000000000000e+00	2.269667048537888e-01
1.400000000000000e+00	2.300002639935036e-01
1.400000000000000e+00	2.426212920691728e-01
1.400000000000000e+00	2.423184348526415e-01
1.400000000000000e+00	2.691683623086798e-01
1.400000000000000e+00	2.538660233426771e-01
1.400000000000000e+00	2.550407517414786e-01
1.400000000000000e+00	2.694743469820350e-01
1.400000000000000e+00	2.275379990367087e-01
1.400000000000000e+00	2.559565157126133e-01
1.400000000000000e+00	2.677603516640392e-01
1.400000000000000e+00	2.238899854128860e-01
1.400000000000000e+00	2.722926583984844e-01
1.400000000000000e+00	2.676882260865104e-01
1.400000000000000e+00	2.136746682740795e-01
1.400000000000000e+00	2.466470827999886e-01
1.400000000000000e+00	2.473385427815925e-01
1.400000000000000e+00	2.710355444207634e-01
1.400000000000000e+00	2.533339974098882e-01
1.400000000000000e+00	2.712063857938654e-01
1.400000000000000e+00	2.284849740345421e-01
1.400000000000000e+00	2.637517885803197e-01
1.400000000000000e+00	2.598718445155146e-01
1.400000000000000e+00	2.814099041089597e-01
1.400000000000000e+00	2.367709532124333e-01
1.400000000000000e+00	2.569071496150040e-01
1.400000000000000e+00	2.725651878162854e-01
1.400000000000000e+00	2.568923093680447e-01
1.400000000000000e+00	2.321444572174059e-01
1.400000000000000e+00	2.447160335474112e-01
1.400000000000000e+00	2.654350385481507e-01
1.400000000000000e+00	2.314805194000989e-01
1.400000000000000e+00	2.550291544194473e-01
1.400000000000000e+00	2.905307642733144e-01
1.400000000000000e+00	2.397135049408496e-01
1.400000000000000e+00	2.565803163355071e-01
1.400000000000000e+00	2.578830630758274e-01
1.400000000000000e+00	2.022350641152926e-01
1.400000000000000e+00	2.735368426159700e-01
1.400000000000000e+00	2.657098327582975e-01
1.400000000000000e+00	2.535966672070393e-01
1.400000000000000e+00	2.644546350039198e-01
1.400000000000000e+00	2.553498696035930e-01
1.400000000000000e+00	2.865520352431386e-01
1.400000000000000e+00	2.674110114471895e-01
1.400000000000000e+00	2.791229414998422e-01
1.400000000000000e+00	2.918587776301531e-01
1.400000000000000e+00	2.199923928062305e-01
1.400000000000000e+00	3.278811789675195e-01
1.400000000000000e+00	2.559007664790592e-01
1.400000000000000e+00	2.793221715971241e-01
1.400000000000000e+00	2.235584573434448e-01
1.400000000000000e+00	2.625248786735058e-01
1.400000000000000e+00	2.599716666346565e-01
1.400000000000000e+00	2.459924850921996e-01
1.400000000000000e+00	2.656795835497852e-01
1.400000000000000e+00	2.661680895705435e-01
1.400000000000000e+00	2.649203342367309e-01
1.400000000000000e+00	2.880114588296392e-01
1.400000000000000e+00	2.473670222464718e-01
1.400000000000000e+00	2.139347954306731e-01
1.400000000000000e+00	2.900971117021376e-01
1.400000000000000e+00	2.875842346876704e-01
1.400000000000000e+00	2.900886209969716e-01
1.400000000000000e+00	2.805670735040090e-01
1.400000000000000e+00	2.302473825624553e-01
1.400000000000000e+00	2.232424314951773e-01
1.400000000000000e+00	2.327873274257359e-01
1.400000000000000e+00	2.883710095193051e-01
1.400000000000000e+00	2.332469287212890e-01
1.400000000000000e+00	3.055608362466006e-01
1.400000000000000e+00	2.743532454609963e-01
1.400000000000000e+00	2.397528153634011e-01
1.400000000000000e+00	2.517068215855702e-01
1.400000000000000e+00	2.589029709801691e-01
1.400000000000000e+00	2.850913292476592e-01
1.400000000000000e+00	2.885029539235379e-01
1.400000000000000e+00	2.449750951463033e-01
1.400000000000000e+00	2.498757414868916e-01
1.400000000000000e+00	3.034230640006035e-01
1.400000000000000e+00	2.251454499282624e-01
1.400000000000000e+00	2.771953030850270e-01
1.400000000000000e+00	2.971167898694487e-01
1.400000000000000e+00	3.048732681788014e-01
1.400000000000000e+00	2.831026090220754e-01
1.400000000000000e+00	2.883136101289718e-01
1.400000000000000e+00	2.836194782946210e-01
1.400000000000000e+00	2.498803312218873e-01
1.400000000000000e+00	2.955548369824073e-01
1.400000000000000e+00	2.534779526893987e-01
1.400000000000000e+00	2.511229642424261e-01
1.400000000000000e+00	2.080486813361507e-01
1.400000000000000e+00	2.469108320165663e-01
1.400000000000000e+00	2.530380545977952e-01
1.400000000000000e+00	3.032812082023009e-01
1.400000000000000e+00	2.674858165348780e-01
1.400000000000000e+00	2.373325895844463e-01
1.400000000000000e+00	2.097784176290028e-01
1.400000000000000e+00	2.623482478923908e-01
1.400000000000000e+00	2.448588873492893e-01
1.400000000000000e+00	2.524134472148283e-01
1.400000000000000e+00	2.757432799711586e-01
1.400000000000000e+00	2.840005536129068e-01
1.400000000000000e+00	2.548428692239573e-01
1.400000000000000e+00	2.835852815170055e-01
1.400000000000000e+00	2.707162892121606e-01
1.400000000000000e+00	2.482170527740812e-01
1.400000000000000e+00	2.462356831575000e-01
1.400000000000000e+00	2.222441280106737e-01
1.400000000000000e+00	2.857715547358604e-01
1.400000000000000e+00	2.706277011770163e-01
1.400000000000000e+00	2.591256063494211e-01
1.400000000000000e+00	2.686090065566800e-01
1.400000000000000e+00	2.212677832155961e-01
1.400000000000000e+00	2.564772590033919e-01
1.400000000000000e+00	2.671605434600592e-01
1.400000000000000e+00	2.403072014676604e-01
1.400000000000000e+00	2.669591248416123e-01
1.400000000000000e+00	2.692444126368372e-01
1.400000000000000e+00	2.128064711868116e-01
1.400000000000000e+00	2.128864224135765e-01
1.400000000000000e+00	2.838064572227211e-01
1.400000000000000e+00	3.187854480676272e-01
1.400000000000000e+00	2.782343369723387e-01
1.400000000000000e+00	2.414995158617720e-01
1.400000000000000e+00	2.544558444722627e-01
1.400000000000000e+00	2.163991970948426e-01
1.400000000000000e+00	2.696267259573769e-01
1.400000000000000e+00	2.586506731499228e-01
1.400000000000000e+00	2.945112659116862e-01
1.400000000000000e+00	2.476693826629759e-01
1.400000000000000e+00	2.462603357199390e-01
1.400000000000000e+00	2.132335245829075e-01
1.400000000000000e+00	2.873845656195962e-01
1.400000000000000e+00	3.049559450917647e-01
1.400000000000000e+00	2.539426228950231e-01
1.400000000000000e+00	2.728651083107745e-01
1.400000000000000e+00	2.446819347214139e-01
1.400000000000000e+00	2.619310812538519e-01
1.400000000000000e+00	2.318779377799149e-01
1.400000000000000e+00	2.525424464975801e-01
1.400000000000000e+00	2.353620616517213e-01
1.400000000000000e+00	2.495656212426181e-01
1.400000000000000e+00	2.345450070867317e-01
1.400000000000000e+00	2.512304850002515e-01
1.400000000000000e+00	2.426869770133756e-01
1.400000000000000e+00	2.824346365994097e-01
1.400000000000000e+00	2.713139854894610e-01
1.400000000000000e+00	2.550585316644194e-01
1.400000000000000e+00	2.500905076822967e-01
1.400000000000000e+00	2.444126155679249e-01
1.400000000000000e+00	2.343037071516095e-01
1.400000000000000e+00	2.204279907471422e-01
1.400000000000000e+00	2.848402598004854e-01
1.400000000000000e+00	2.760454529267227e-01
1.400000000000000e+00	2.703206172388801e-01
1.400000000000000e+00	2.184084584099753e-01
1.400000000000000e+00	2.796333503282239e-01
1.400000000000000e+00	3.092583831704653e-01
1.400000000000000e+00	2.840475158096557e-01
1.400000000000000e+00	2.895548523352132e-01
1.400000000000000e+00	3.122121373617278e-01
1.400000000000000e+00	2.857143071095063e-01
1.400000000000000e+00	2.373102774673400e-01
1.400000000000000e+00	2.864289196734968e-01
1.400000000000000e+00	2.404305374187226e-01
1.400000000000000e+00	2.817464426771193e-01
1.400000000000000e+00	2.696371358177052e-01
1.400000000000000e+00	2.700433526148998e-01
1.400000000000000e+00	2.173868566045083e-01
1.400000000000000e+00	2.591648407818967e-01
1.400000000000000e+00	2.535179897637019e-01
1.400000000000000e+00	2.501455078508724e-01
1.400000000000000e+00	2.482397354058708e-01
1.400000000000000e+00	2.830040764044027e-01
1.400000000000000e+00	2.772623787626745e-01
1.400000000000000e+00	2.738708521365931e-01
1.400000000000000e+00	2.859940831825228e-01
1.400000000000000e+00	3.007805794719443e-01
1.400000000000000e+00	2.799880354364124e-01
1.400000000000000e+00	2.396852406881246e-01
1.400000000000000e+00	3.104068492530368e-01
1.400000000000000e+00	2.999101199696992e-01
1.400000000000000e+00	2.755984067486762e-01
1.400000000000000e+00	2.429630096264956e-01
1.400000000000000e+00	2.495472634317144e-01
1.400000000000000e+00	2.242734194568208e-01
1.400000000000000e+00	2.483511009511166e-01
1.400000000000000e+00	2.374132322001377e-01
1.400000000000000e+00	2.799755331723331e-01
1.400000000000000e+00	3.028819417556169e-01
1.400000000000000e+00	2.661380393185984e-01
1.400000000000000e+00	2.417190828260161e-01
1.400000000000000e+00	1.927406281838862e-01
1.400000000000000e+00	2.799162371940460e-01
1.400000000000000e+00	2.925824875736610e-01
1.400000000000000e+00	2.717882482999336e-01
1.400000000000000e+00	2.306955305027632e-01
1.400000000000000e+00	1.931400691999914e-01
1.400000000000000e+00	2.391297946874789e-01
1.400000000000000e+00	2.093538214458669e-01
1.400000000000000e+00	2.676456872599713e-01
1.400000000000000e+00	2.708960041156402e-01
1.400000000000000e+00	2.653884747303288e-01
1.400000000000000e+00	2.464713385594552e-01
1.400000000000000e+00	2.396916815234717e-01
1.400000000000000e+00	2.804511200660391e-01
1.400000000000000e+00	2.364448576596695e-01
1.400000000000000e+00	2.399915168134544e-01
1.400000000000000e+00	2.804691039951359e-01
1.400000000000000e+00	2.796943978698431e-01
1.400000000000000e+00	2.239389830708799e-01
1.400000000000000e+00	2.617968804007418e-01
1.400000000000000e+00	2.722580998512793e-01
1.400000000000000e+00	2.383620049697427e-01
1.400000000000000e+00	2.296473626240852e-01
1.400000000000000e+00	2.503449304809217e-01
1.400000000000000e+00	2.284174505613225e-01
1.400000000000000e+00	2.718851228706464e-01
1.400000000000000e+00	2.713115838694545e-01
1.400000000000000e+00	2.429489790073197e-01
1.400000000000000e+00	2.485983903489954e-01
1.400000000000000e+00	2.518617222395214e-01
1.400000000000000e+00	2.736097890989384e-01
1.400000000000000e+00	2.544196897634398e-01
1.400000000000000e+00	2.638568652787272e-01
1.400000000000000e+00	2.141552147472400e-01
1.400000000000000e+00	2.251252824363118e-01
1.400000000000000e+00	3.166867999067071e-01
1.400000000000000e+00	2.705580598987531e-01
1.400000000000000e+00	2.843245303238870e-01
1.400000000000000e+00	2.343439681169715e-01
1.400000000000000e+00	2.794202343445139e-01
1.400000000000000e+00	2.434252905984542e-01
1.400000000000000e+00	2.875100009957898e-01
1.400000000000000e+00	2.647523688585416e-01
1.400000000000000e+00	2.430088729577663e-01
1.400000000000000e+00	2.712985335928961e-01
1.400000000000000e+00	2.631677190200750e-01
1.400000000000000e+00	2.736998157782755e-01
1.400000000000000e+00	2.429799976653487e-01
1.400000000000000e+00	2.541538863482958e-01
1.400000000000000e+00	3.158060075564380e-01
1.400000000000000e+00	2.944755192567863e-01
1.400000000000000e+00	2.799657870646433e-01
1.400000000000000e+00	2.753646638284480e-01
1.400000000000000e+00	2.724685432998589e-01
1.400000000000000e+00	2.232622549775788e-01
1.400000000000000e+00	2.497143925324668e-01
1.400000000000000e+00	2.561255812001767e-01
1.400000000000000e+00	2.972451113167545e-01
1.400000000000000e+00	2.881385726253147e-01
1.400000000000000e+00	2.785430140342627e-01
1.400000000000000e+00	2.663190295027598e-01
1.400000000000000e+00	2.714495463632688e-01
1.400000000000000e+00	2.662472572928490e-01
1.400000000000000e+00	2.423573520772840e-01
1.400000000000000e+00	2.492436250421700e-01
1.400000000000000e+00	2.797092182852235e-01
1.400000000000000e+00	2.472205509241429e-01
1.400000000000000e+00	2.787886676975452e-01
1.400000000000000e+00	2.843240275057492e-01
1.400000000000000e+00	2.554118472960181e-01
1.400000000000000e+00	2.705394514609024e-01
1.400000000000000e+00	2.770991704167722e-01
1.400000000000000e+00	2.487985990582125e-01
1.400000000000000e+00	2.292657268991183e-01
1.400000000000000e+00	1.850949464131794e-01
1.400000000000000e+00	2.336378601540763e-01
1.400000000000000e+00	2.396687875395234e-01
1.400000000000000e+00	3.001063195511667e-01
1.400000000000000e+00	2.568758612394639e-01
1.400000000000000e+00	2.736682951087092e-01
1.400000000000000e+00	2.808378925535646e-01
1.400000000000000e+00	2.684915602623034e-01
1.400000000000000e+00	2.504730662404136e-01
1.400000000000000e+00	2.835527192485398e-01
1.400000000000000e+00	2.804573430351420e-01
1.400000000000000e+00	2.215029099676010e-01
1.400000000000000e+00	3.025232719840666e-01
1.400000000000000e+00	2.858383717801711e-01
1.400000000000000e+00	2.899433510548813e-01
1.400000000000000e+00	2.417271420865233e-01
1.400000000000000e+00	2.699692717735667e-01
1.400000000000000e+00	2.440551665300586e-01
1.400000000000000e+00	2.751781823408901e-01
1.400000000000000e+00	3.035367087358748e-01
1.400000000000000e+00	3.038209050210205e-01
1.400000000000000e+00	2.276167926170481e-01
1.400000000000000e+00	2.072999677600760e-01
1.400000000000000e+00	2.431091618312497e-01
1.400000000000000e+00	2.407067012571651e-01
1.400000000000000e+00	2.496929832884635e-01
1.400000000000000e+00	2.618694814766737e-01
1.400000000000000e+00	2.466919262155359e-01
1.400000000000000e+00	2.839487612201110e-01
1.400000000000000e+00	2.305209992820234e-01
1.400000000000000e+00	2.459066541022328e-01
1.400000000000000e+00	2.568783912720380e-01
1.400000000000000e+00	2.950876600432528e-01
1.400000000000000e+00	2.561477409486292e-01
1.400000000000000e+00	2.996064535690873e-01
1.400000000000000e+00	2.770687563879390e-01
1.400000000000000e+00	2.533307130047981e-01
1.400000000000000e+00	2.573817949787161e-01
1.400000000000000e+00	3.121274053472625e-01
1.400000000000000e+00	3.045787439775151e-01
1.400000000000000e+00	2.772812440651767e-01
1.400000000000000e+00	2.256688831493455e-01
1.400000000000000e+00	2.300360651838303e-01
1.400000000000000e+00	2.685998575795219e-01
1.400000000000000e+00	2.820079201492644e-01
1.400000000000000e+00	2.705418230639121e-01
1.400000000000000e+00	3.030904907355481e-01
1.400000000000000e+00	2.495943190200763e-01
1.400000000000000e+00	2.914641134386032e-01
1.400000000000000e+00	2.772542127055323e-01
1.400000000000000e+00	2.590982084672247e-01
1.400000000000000e+00	2.445590156581562e-01
1.400000000000000e+00	2.705496262785533e-01
1.400000000000000e+00	2.783108028588411e-01
1.400000000000000e+00	2.617737332295524e-01
1.400000000000000e+00	2.791098573066875e-01
1.400000000000000e+00	2.867856023502453e-01
1.400000000000000e+00	2.046301484478621e-01
1.400000000000000e+00	2.277465757535528e-01
1.400000000000000e+00	2.413551471633570e-01
1.400000000000000e+00	2.859653032287288e-01
1.400000000000000e+00	2.535359867099469e-01
1.400000000000000e+00	2.450213109268060e-01
1.400000000000000e+00	2.759780005808827e-01
1.400000000000000e+00	2.842479318989816e-01
1.400000000000000e+00	2.705464004556410e-01
1.400000000000000e+00	2.475576741275428e-01
1.400000000000000e+00	2.704673416612942e-01
1.400000000000000e+00	2.124173501486391e-01
1.400000000000000e+00	2.241546963898572e-01
1.400000000000000e+00	2.295270829830511e-01
1.400000000000000e+00	2.823009865516091e-01
1.400000000000000e+00	2.295620721180650e-01
1.400000000000000e+00	2.522506562265787e-01
1.400000000000000e+00	2.909426132288661e-01
1.400000000000000e+00	2.276880108185342e-01
1.400000000000000e+00	2.502554176468063e-01
1.400000000000000e+00	2.388818875972114e-01
1.400000000000000e+00	2.240976024697204e-01
1.400000000000000e+00	2.310632470040041e-01
1.400000000000000e+00	2.810508006819903e-01
1.400000000000000e+00	2.469767197189466e-01
1.400000000000000e+00	2.692354663268851e-01
1.400000000000000e+00	2.745768779076439e-01
1.400000000000000e+00	2.562101724667486e-01
1.400000000000000e+00	2.797179906982744e-01
1.400000000000000e+00	2.713541375087357e-01
1.400000000000000e+00	2.189027205645077e-01
1.400000000000000e+00	2.541901778753640e-01
1.400000000000000e+00	2.658765350150681e-01
1.400000000000000e+00	2.540031747348582e-01
1.400000000000000e+00	3.172941027655317e-01
1.400000000000000e+00	2.786607833514888e-01
1.400000000000000e+00	2.749473357430089e-01
1.400000000000000e+00	2.483098948812160e-01
1.400000000000000e+00	2.478954424940990e-01
1.400000000000000e+00	2.675888720223492e-01
1.400000000000000e+00	2.651326226951513e-01
1.400000000000000e+00	2.520871503167994e-01
1.400000000000000e+00	2.703198460452233e-01
1.400000000000000e+00	2.151272954716092e-01
1.400000000000000e+00	2.507110848268606e-01
1.400000000000000e+00	2.793748566367080e-01
1.400000000000000e+00	2.769182259483952e-01
1.400000000000000e+00	2.870689224815632e-01
1.400000000000000e+00	2.636972311037066e-01
1.400000000000000e+00	2.546300167102580e-01
1.400000000000000e+00	2.987341089901550e-01
1.400000000000000e+00	2.430080873476458e-01
1.400000000000000e+00	2.239649516142258e-01
1.400000000000000e+00	2.634441108257241e-01
1.400000000000000e+00	2.548053650119083e-01
1.400000000000000e+00	2.718181382614201e-01
1.400000000000000e+00	2.851503569387103e-01
1.400000000000000e+00	2.931679335464662e-01
1.400000000000000e+00	2.901825884822220e-01
1.400000000000000e+00	2.830509228176590e-01
1.400000000000000e+00	2.139631549671409e-01
1.400000000000000e+00	2.472195242257559e-01
1.400000000000000e+00	2.576392342197776e-01
1.400000000000000e+00	2.515632629802920e-01
1.400000000000000e+00	2.231858936502908e-01
1.400000000000000e+00	2.316676289781487e-01
1.400000000000000e+00	2.581354950218556e-01
1.400000000000000e+00	3.129055430843858e-01
1.400000000000000e+00	2.577257966590544e-01
1.400000000000000e+00	2.755152011174981e-01
1.400000000000000e+00	2.519881918256962e-01
1.400000000000000e+00	2.156738036697947e-01
1.400000000000000e+00	2.314853573928438e-01
1.400000000000000e+00	2.373670318089497e-01
1.400000000000000e+00	2.347805975225404e-01
1.400000000000000e+00	2.392683280753208e-01
1.400000000000000e+00	2.441502405195845e-01
1.400000000000000e+00	2.347084421228659e-01
1.400000000000000e+00	2.338993113277960e-01
1.400000000000000e+00	2.259818737045274e-01
1.400000000000000e+00	2.907512994606735e-01
1.400000000000000e+00	2.744743465790097e-01
1.400000000000000e+00	2.183880797562925e-01
1.400000000000000e+00	2.629398685034259e-01
1.400000000000000e+00	2.978057121284353e-01
1.400000000000000e+00	2.238418608854444e-01
1.400000000000000e+00	2.957599496834086e-01
1.400000000000000e+00	2.534445901644340e-01
1.400000000000000e+00	2.208805899610002e-01
1.400000000000000e+00	2.450482828931838e-01
1.400000000000000e+00	2.853098501089424e-01
1.400000000000000e+00	3.006339938179463e-01
1.400000000000000e+00	2.649974710032039e-01
1.400000000000000e+00	2.448259314057055e-01
1.400000000000000e+00	2.711380939261280e-01
1.400000000000000e+00	2.709648454429981e-01
1.400000000000000e+00	2.953061041332734e-01
1.400000000000000e+00	2.904099008225084e-01
1.400000000000000e+00	2.713400507142981e-01
1.400000000000000e+00	2.823938169030756e-01
1.400000000000000e+00	2.660417772478498e-01
1.400000000000000e+00	2.823353007058007e-01
1.400000000000000e+00	2.704783269822628e-01
1.400000000000000e+00	2.926037649779030e-01
1.400000000000000e+00	2.511682970138857e-01
1.400000000000000e+00	2.730399576403813e-01
1.400000000000000e+00	2.614051221907830e-01
1.400000000000000e+00	2.481788169416748e-01
1.400000000000000e+00	2.263874448632829e-01
1.400000000000000e+00	2.692806236579136e-01
1.400000000000000e+00	2.464677637327697e-01
1.400000000000000e+00	2.887723225118467e-01
1.400000000000000e+00	2.717255225023310e-01
1.400000000000000e+00	2.485555928082510e-01
1.400000000000000e+00	2.576566837897253e-01
1.400000000000000e+00	2.809872713670811e-01
1.400000000000000e+00	2.242265164885303e-01
1.400000000000000e+00	2.675742618792769e-01
1.400000000000000e+00	2.664186513899918e-01
1.400000000000000e+00	2.746483217181975e-01
1.400000000000000e+00	2.985689330999437e-01
1.400000000000000e+00	2.468684468409885e-01
1.400000000000000e+00	2.392909770231806e-01
1.400000000000000e+00	2.489961249008187e-01
1.400000000000000e+00	2.389812142056265e-01
1.400000000000000e+00	2.552916934534203e-01
1.400000000000000e+00	2.501225353215026e-01
1.400000000000000e+00	2.330590851631537e-01
1.400000000000000e+00	3.094131709563835e-01
1.400000000000000e+00	2.530699398586235e-01
1.400000000000000e+00	2.347381692597873e-01
1.400000000000000e+00	3.137175147267917e-01
1.400000000000000e+00	2.416982641836485e-01
1.400000000000000e+00	3.034838864983279e-01
1.400000000000000e+00	2.639907537200511e-01
1.400000000000000e+00	2.658925399435962e-01
1.400000000000000e+00	2.349973005301280e-01
1.400000000000000e+00	2.652900038488620e-01
1.400000000000000e+00	2.504004761116476e-01
1.400000000000000e+00	2.750104931443332e-01
1.400000000000000e+00	2.322755168150737e-01
1.400000000000000e+00	3.078599143961804e-01
1.400000000000000e+00	2.631114542282910e-01
1.400000000000000e+00	2.730511031838214e-01
1.400000000000000e+00	2.519095523252166e-01
1.400000000000000e+00	2.324604693418886e-01
1.400000000000000e+00	2.474293979840706e-01
1.400000000000000e+00	2.705324504864089e-01
1.400000000000000e+00	2.736214779680398e-01
1.400000000000000e+00	2.311049263696582e-01
1.400000000000000e+00	2.774449738182433e-01
1.400000000000000e+00	2.655281285945535e-01
1.400000000000000e+00	2.961949565357646e-01
1.400000000000000e+00	2.894296376757088e-01
1.400000000000000e+00	2.279481068205394e-01
1.400000000000000e+00	2.502070031367568e-01
1.400000000000000e+00	2.560427170781360e-01
1.400000000000000e+00	2.189764101893268e-01
1.400000000000000e+00	2.442833869221985e-01
1.400000000000000e+00	2.677954482210010e-01
1.400000000000000e+00	2.038693738065195e-01
1.400000000000000e+00	2.703372577471188e-01
1.400000000000000e+00	2.851701953876497e-01
1.400000000000000e+00	2.426178178868899e-01
1.400000000000000e+00	2.652591285494342e-01
1.400000000000000e+00	2.577871882050590e-01
1.400000000000000e+00	2.950892163609505e-01
1.400000000000000e+00	2.301461615727614e-01
1.400000000000000e+00	2.272241525341077e-01
1.400000000000000e+00	2.472252534208324e-01
1.400000000000000e+00	2.924364663516004e-01
1.400000000000000e+00	2.363885307076528e-01
1.400000000000000e+00	2.116960439512474e-01
1.400000000000000e+00	2.423457180143671e-01
1.400000000000000e+00	2.719782321888979e-01
1.400000000000000e+00	2.901642885894902e-01
1.400000000000000e+00	2.763498114334274e-01
1.400000000000000e+00	2.779502982047292e-01
1.400000000000000e+00	2.416957234808756e-01
1.400000000000000e+00	2.663032894329881e-01
1.400000000000000e+00	2.666784314647653e-01
1.400000000000000e+00	2.705456571116235e-01
1.400000000000000e+00	2.818402871534971e-01
1.400000000000000e+00	2.738960965954472e-01
1.400000000000000e+00	2.705968671887355e-01
1.400000000000000e+00	2.049701515645531e-01
1.400000000000000e+00	2.849721497033373e-01
1.400000000000000e+00	2.647229419665668e-01
1.400000000000000e+00	2.311727295342209e-01
1.400000000000000e+00	3.005420396294898e-01
1.400000000000000e+00	2.527695219440734e-01
1.400000000000000e+00	2.631793545390363e-01
1.400000000000000e+00	1.859948070053511e-01
1.400000000000000e+00	2.392818440397255e-01
1.400000000000000e+00	2.255853794885845e-01
1.400000000000000e+00	2.975851478856973e-01
1.400000000000000e+00	2.625274891142845e-01
1.400000000000000e+00	2.461805345278895e-01
1.400000000000000e+00	2.718194738498252e-01
1.400000000000000e+00	2.562255277282425e-01
1.400000000000000e+00	2.586657903235945e-01
1.400000000000000e+00	2.587995993084733e-01
1.400000000000000e+00	2.685678410614926e-01
1.400000000000000e+00	2.259103071244587e-01
1.400000000000000e+00	1.891583356077525e-01
1.400000000000000e+00	2.740024109008315e-01
1.400000000000000e+00	2.947916464202622e-01
1.400000000000000e+00	2.650125244170572e-01
1.400000000000000e+00	2.427507788671230e-01
1.400000000000000e+00	2.089434206516192e-01
1.400000000000000e+00	2.581370082855729e-01
1.400000000000000e+00	2.655249775931168e-01
1.400000000000000e+00	2.192600669578012e-01
1.400000000000000e+00	2.780944928124293e-01
1.400000000000000e+00	2.510936594518272e-01
1.400000000000000e+00	2.392334913350487e-01
1.400000000000000e+00	2.402599823578717e-01
1.400000000000000e+00	2.833290426180603e-01
1.400000000000000e+00	2.725313673984495e-01
1.400000000000000e+00	2.372751781391895e-01
1.400000000000000e+00	3.030184043686143e-01
1.400000000000000e+00	2.792287904714810e-01
1.400000000000000e+00	2.639196164515785e-01
1.400000000000000e+00	2.656620515589052e-01
1.400000000000000e+00	2.871839381382553e-01
1.400000000000000e+00	3.083267145836231e-01
1.400000000000000e+00	3.005846836418993e-01
1.400000000000000e+00	2.734279984053072e-01
1.400000000000000e+00	3.018267854730912e-01
1.400000000000000e+00	3.205928615087550e-01
1.400000000000000e+00	2.753474685513632e-01
1.400000000000000e+00	2.765858927625467e-01
1.400000000000000e+00	2.171209379902094e-01
1.400000000000000e+00	2.087765556222741e-01
1.400000000000000e+00	2.349368800272516e-01
1.400000000000000e+00	2.752314255452257e-01
1.400000000000000e+00	2.574582982697289e-01
1.400000000000000e+00	2.482124491052441e-01
1.400000000000000e+00	2.644277506393198e-01
1.400000000000000e+00	2.631238469914262e-01
1.400000000000000e+00	3.017760172023749e-01
1.400000000000000e+00	2.444883756749601e-01
1.400000000000000e+00	2.229674700846129e-01
1.400000000000000e+00	1.938579425959434e-01
1.400000000000000e+00	2.613441889928648e-01
1.400000000000000e+00	2.586495714541110e-01
1.400000000000000e+00	2.632614957369673e-01
1.400000000000000e+00	2.459531448284851e-01
1.400000000000000e+00	2.414373303722512e-01
1.400000000000000e+00	2.454088869109771e-01
1.400000000000000e+00	2.717361410657220e-01
1.400000000000000e+00	2.510375879544629e-01
1.400000000000000e+00	2.561737278243130e-01
1.400000000000000e+00	2.094090141691310e-01
1.400000000000000e+00	2.591704858215605e-01
1.400000000000000e+00	2.693248239495571e-01
1.400000000000000e+00	3.089732176793480e-01
1.400000000000000e+00	2.621729324275203e-01
1.400000000000000e+00	2.354311807032783e-01
1.400000000000000e+00	2.625926351403679e-01
1.400000000000000e+00	2.089200779164601e-01
1.400000000000000e+00	2.486121475072269e-01
1.400000000000000e+00	3.039723015735734e-01
1.400000000000000e+00	2.641817197883880e-01
1.400000000000000e+00	2.951054060508210e-01
1.400000000000000e+00	2.460432519085928e-01
1.400000000000000e+00	2.464182344345361e-01
1.400000000000000e+00	2.546983126751607e-01
1.400000000000000e+00	2.206463502743610e-01
1.400000000000000e+00	2.656920844078668e-01
1.400000000000000e+00	2.276944500039885e-01
1.400000000000000e+00	2.487662527403276e-01
1.400000000000000e+00	2.688343268251804e-01
1.400000000000000e+00	2.662767011451789e-01
1.400000000000000e+00	2.384492313409996e-01
1.400000000000000e+00	2.145259873184765e-01
1.400000000000000e+00	2.528396406664627e-01
1.400000000000000e+00	2.723629036926631e-01
1.400000000000000e+00	2.046663175720728e-01
1.400000000000000e+00	2.623192906344305e-01
1.400000000000000e+00	2.538602953615993e-01
1.400000000000000e+00	2.291733563731564e-01
1.400000000000000e+00	2.432699447202776e-01
1.400000000000000e+00	2.856570187379828e-01
1.400000000000000e+00	2.600300302487515e-01
1.400000000000000e+00	2.857266284699015e-01
1.400000000000000e+00	2.559192298223240e-01
1.400000000000000e+00	2.195660376657222e-01
1.400000000000000e+00	2.557991937830473e-01
1.400000000000000e+00	2.827258599150237e-01
1.400000000000000e+00	3.063670978908649e-01
1.400000000000000e+00	2.324246718343940e-01
1.400000000000000e+00	2.216864484648449e-01
1.400000000000000e+00	2.364826640581230e-01
1.400000000000000e+00	2.834654853256107e-01
1.400000000000000e+00	2.705577173110345e-01
1.400000000000000e+00	2.583535933980475e-01
1.400000000000000e+00	2.337861995884495e-01
1.400000000000000e+00	2.611118400274971e-01
1.400000000000000e+00	2.389453183163393e-01
1.400000000000000e+00	2.879102341348108e-01
1.400000000000000e+00	2.512721528687273e-01
1.400000000000000e+00	2.393875108404133e-01
1.400000000000000e+00	2.541278572942572e-01
1.400000000000000e+00	2.748478870601049e-01
1.400000000000000e+00	2.093729653922073e-01
1.400000000000000e+00	2.608945285618258e-01
1.400000000000000e+00	2.616091842445618e-01
1.400000000000000e+00	2.562643978513927e-01
1.400000000000000e+00	2.995735906232465e-01
1.400000000000000e+00	2.608312925770242e-01
1.400000000000000e+00	2.432506134022449e-01
1.400000000000000e+00	3.008469725826602e-01
1.400000000000000e+00	2.403512377325825e-01
1.400000000000000e+00	2.632538341391439e-01
1.400000000000000e+00	2.780146395540132e-01
1.400000000000000e+00	2.967881220917010e-01
1.400000000000000e+00	2.714213045511578e-01
1.400000000000000e+00	2.893286268627003e-01
1.400000000000000e+00	2.708728093948420e-01
1.400000000000000e+00	2.887089764190720e-01
1.400000000000000e+00	2.472275015181565e-01
1.400000000000000e+00	2.842284303568668e-01
1.400000000000000e+00	2.387287333671713e-01
1.400000000000000e+00	2.250908360489992e-01
1.400000000000000e+00	2.723877649970594e-01
1.400000000000000e+00	2.518757032177218e-01
1.400000000000000e+00	2.629279595618401e-01
1.400000000000000e+00	2.511929290432797e-01
1.400000000000000e+00	2.505150290854893e-01
1.400000000000000e+00	2.880907947972645e-01
1.400000000000000e+00	2.684888190961945e-01
1.400000000000000e+00	3.044505289522228e-01
1.400000000000000e+00	2.654252250700750e-01
1.400000000000000e+00	2.282414063745545e-01
1.400000000000000e+00	2.509813488781246e-01
1.400000000000000e+00	2.463303036005386e-01
1.400000000000000e+00	2.397238575293762e-01
1.400000000000000e+00	2.286581743640441e-01
1.400000000000000e+00	2.538810808696985e-01
1.400000000000000e+00	2.971940539347113e-01
1.400000000000000e+00	2.280664100709430e-01
1.400000000000000e+00	2.628996672095240e-01
1.400000000000000e+00	2.440708943790535e-01
1.400000000000000e+00	2.920925908009400e-01
1.400000000000000e+00	2.565153168220730e-01
1.400000000000000e+00	2.583130495234824e-01
1.400000000000000e+00	2.522632202814334e-01
1.400000000000000e+00	2.540516243574730e-01
1.400000000000000e+00	2.727195447754607e-01
1.400000000000000e+00	2.431684919809286e-01
1.400000000000000e+00	2.526128012283476e-01
1.400000000000000e+00	2.487238844677978e-01
1.400000000000000e+00	2.641765476949603e-01
1.400000000000000e+00	2.378894966253989e-01
1.400000000000000e+00	2.430088013967334e-01
1.400000000000000e+00	2.746517164359024e-01
1.400000000000000e+00	2.482029988675791e-01
1.400000000000000e+00	2.351808186639731e-01
1.400000000000000e+00	2.665268570553514e-01
1.400000000000000e+00	2.445073842263271e-01
1.400000000000000e+00	2.394849284668757e-01
1.400000000000000e+00	2.524336486969430e-01
1.400000000000000e+00	2.444986241601467e-01
1.400000000000000e+00	2.750517423801396e-01
1.400000000000000e+00	3.128572734465828e-01
1.400000000000000e+00	2.935914394037610e-01
1.400000000000000e+00	2.452317470600733e-01
1.400000000000000e+00	2.627773271450577e-01
1.400000000000000e+00	2.786687495208047e-01
1.400000000000000e+00	2.767148216553466e-01
1.400000000000000e+00	2.202728247240980e-01
1.400000000000000e+00	2.796673713079794e-01
1.400000000000000e+00	2.747862279501289e-01
1.400000000000000e+00	2.883021892984430e-01
1.400000000000000e+00	2.527379478790069e-01
1.400000000000000e+00	2.455711147903649e-01
1.400000000000000e+00	2.271309694712728e-01
1.400000000000000e+00	2.721889184502961e-01
1.400000000000000e+00	2.559416203016525e-01
1.400000000000000e+00	2.228104185365175e-01
1.400000000000000e+00	2.552809239618111e-01
1.400000000000000e+00	2.906542949091811e-01
1.400000000000000e+00	2.640432133307998e-01
1.400000000000000e+00	2.398689848505441e-01
1.400000000000000e+00	2.913300855288861e-01
1.400000000000000e+00	2.988187177681011e-01
1.400000000000000e+00	2.552785405537031e-01
1.400000000000000e+00	2.864220206828744e-01
1.400000000000000e+00	2.500765135241263e-01
1.400000000000000e+00	2.318413178245088e-01
1.400000000000000e+00	2.703452287591127e-01
1.400000000000000e+00	2.542425766870816e-01
1.400000000000000e+00	2.586721926844707e-01
1.400000000000000e+00	2.173297997719626e-01
1.400000000000000e+00	2.618782976920486e-01
1.400000000000000e+00	2.147000341149921e-01
1.400000000000000e+00	2.399213437941386e-01
1.400000000000000e+00	2.626548478885175e-01
1.400000000000000e+00	2.781697670600233e-01
1.400000000000000e+00	2.504055890252813e-01
1.400000000000000e+00	2.736049496358077e-01
1.400000000000000e+00	2.726198314689895e-01
1.400000000000000e+00	2.641218613139324e-01
1.400000000000000e+00	2.537485567394620e-01
1.400000000000000e+00	2.723676801089073e-01
1.400000000000000e+00	2.890798276755234e-01
1.400000000000000e+00	2.982245338145191e-01
1.400000000000000e+00	2.495923336954777e-01
1.400000000000000e+00	2.777239643214880e-01
1.400000000000000e+00	2.993447925437833e-01
1.400000000000000e+00	2.889702340874009e-01
1.400000000000000e+00	2.598876167729526e-01
1.400000000000000e+00	2.598073232322042e-01
1.400000000000000e+00	2.584335934516115e-01
1.400000000000000e+00	2.837551781717317e-01
1.400000000000000e+00	2.307516387057003e-01
1.400000000000000e+00	2.854572850084057e-01
1.400000000000000e+00	2.179183523923695e-01
1.400000000000000e+00	2.897554399307979e-01
1.400000000000000e+00	2.258018087039534e-01
1.400000000000000e+00	2.749041711170934e-01
1.400000000000000e+00	2.557286921082696e-01
1.400000000000000e+00	2.199208423735241e-01
1.400000000000000e+00	2.260306804790663e-01
1.400000000000000e+00	2.670357172605081e-01
1.400000000000000e+00	2.346039531121879e-01
1.400000000000000e+00	2.097077048360743e-01
1.400000000000000e+00	2.318885750580534e-01
1.400000000000000e+00	2.445930774487884e-01
1.400000000000000e+00	2.343918215486962e-01
1.400000000000000e+00	2.834608698928852e-01
1.400000000000000e+00	2.621633718660238e-01
1.400000000000000e+00	2.557411705706244e-01
1.400000000000000e+00	2.162555952223510e-01
1.400000000000000e+00	2.816637615984867e-01
1.400000000000000e+00	2.648476192963493e-01
1.400000000000000e+00	2.538393591325919e-01
1.400000000000000e+00	2.570803251308356e-01
1.400000000000000e+00	2.251148445187359e-01
1.400000000000000e+00	2.960740548654163e-01
1.400000000000000e+00	2.503419736433073e-01
1.400000000000000e+00	2.263707341341680e-01
1.400000000000000e+00	2.540970674698880e-01
1.400000000000000e+00	2.806836833816691e-01
1.400000000000000e+00	2.494033657946895e-01
1.400000000000000e+00	2.973248857005141e-01
1.400000000000000e+00	2.309926104472053e-01
1.400000000000000e+00	2.464983573451070e-01
1.400000000000000e+00	2.609491629807820e-01
1.400000000000000e+00	2.936995010069119e-01
1.400000000000000e+00	2.737961454074637e-01
1.400000000000000e+00	2.389572689243782e-01
1.400000000000000e+00	3.084970285025911e-01
1.400000000000000e+00	2.508729628785111e-01
1.400000000000000e+00	2.897037695177316e-01
1.400000000000000e+00	2.542754963491496e-01
1.400000000000000e+00	2.546603518768185e-01
1.400000000000000e+00	2.260100344553329e-01
1.400000000000000e+00	2.660226925344761e-01
1.400000000000000e+00	2.442410622200589e-01
1.400000000000000e+00	2.826941346795382e-01
1.400000000000000e+00	2.502791188166639e-01
1.400000000000000e+00	2.772420615810982e-01
1.400000000000000e+00	3.073657833279858e-01
1.400000000000000e+00	2.552812676507745e-01
1.400000000000000e+00	2.585872396852908e-01
1.400000000000000e+00	2.337772998196386e-01
1.400000000000000e+00	2.276541833301000e-01
1.400000000000000e+00	2.643710754366836e-01
1.400000000000000e+00	2.748502715791474e-01
1.400000000000000e+00	2.790761314624114e-01
1.400000000000000e+00	2.992944585420378e-01
1.400000000000000e+00	2.673393220897450e-01
1.400000000000000e+00	2.848052319177022e-01
1.400000000000000e+00	2.056392334540652e-01
1.400000000000000e+00	2.379009481255769e-01
1.400000000000000e+00	2.594213323597311e-01
1.400000000000000e+00	2.646540045249635e-01
1.400000000000000e+00	2.504664330597469e-01
1.400000000000000e+00	2.556994285415826e-01
1.400000000000000e+00	2.548917299369567e-01
1.400000000000000e+00	2.865871228356919e-01
1.400000000000000e+00	2.245950785289051e-01
1.400000000000000e+00	2.639345242202932e-01
1.400000000000000e+00	2.417635068302361e-01
1.400000000000000e+00	2.547567137899759e-01
1.400000000000000e+00	2.415576449341431e-01
1.400000000000000e+00	2.275583078440390e-01
1.400000000000000e+00	2.247198613323426e-01
1.400000000000000e+00	2.733312983114339e-01
1.400000000000000e+00	2.351534594788233e-01
1.400000000000000e+00	2.720479665757471e-01
1.400000000000000e+00	2.365124611508872e-01
1.400000000000000e+00	2.270345667619030e-01
1.400000000000000e+00	2.752622734520538e-01
1.400000000000000e+00	2.304044082970496e-01
1.400000000000000e+00	2.376925607669045e-01
1.400000000000000e+00	2.356502362385396e-01
1.400000000000000e+00	2.330615862596052e-01
1.400000000000000e+00	2.396598956859973e-01
1.400000000000000e+00	2.478079196844167e-01
1.400000000000000e+00	2.334969635411670e-01
1.400000000000000e+00	2.743826647816622e-01
1.400000000000000e+00	2.587251646432807e-01
1.400000000000000e+00	2.573535440067972e-01
1.400000000000000e+00	2.598901182175837e-01
1.400000000000000e+00	2.925189642905552e-01
1.400000000000000e+00	2.619932707734282e-01
1.400000000000000e+00	2.484490298174555e-01
1.400000000000000e+00	2.602817443313922e-01
1.400000000000000e+00	2.704390699639953e-01
1.400000000000000e+00	2.778506046172216e-01
1.400000000000000e+00	2.283097481185375e-01
1.400000000000000e+00	2.526901722106563e-01
1.400000000000000e+00	2.171253560944224e-01
1.400000000000000e+00	2.286972685892869e-01
1.400000000000000e+00	2.676008024733190e-01
1.400000000000000e+00	2.344014451443701e-01
1.400000000000000e+00	2.364548162720324e-01
1.400000000000000e+00	2.578624843953939e-01
1.400000000000000e+00	2.635719571991401e-01
1.400000000000000e+00	2.305968934464554e-01
1.400000000000000e+00	2.671858911438870e-01
1.400000000000000e+00	2.430450837998779e-01
1.400000000000000e+00	2.276051976631381e-01
1.400000000000000e+00	2.403006683784858e-01
1.400000000000000e+00	3.036779911646764e-01
1.400000000000000e+00	2.683097170727006e-01
1.400000000000000e+00	2.477171440332236e-01
1.400000000000000e+00	2.571263470264157e-01
1.400000000000000e+00	1.937306631022376e-01
1.400000000000000e+00	2.334770091448124e-01
1.400000000000000e+00	2.400904683624985e-01
1.400000000000000e+00	2.570579405001343e-01
1.400000000000000e+00	2.959540358820567e-01
1.400000000000000e+00	3.241076360542856e-01
1.400000000000000e+00	2.630315840941724e-01
1.400000000000000e+00	2.241238164916979e-01
1.400000000000000e+00	2.420912728836760e-01
1.400000000000000e+00	2.875734636678145e-01
1.400000000000000e+00	2.321983795224609e-01
1.400000000000000e+00	2.186785051044383e-01
1.400000000000000e+00	2.631340240661044e-01
1.400000000000000e+00	2.921708532362355e-01
1.400000000000000e+00	2.752507090890657e-01
1.400000000000000e+00	2.559605690995294e-01
1.400000000000000e+00	2.600727081302290e-01
1.400000000000000e+00	2.550823569040374e-01
1.400000000000000e+00	2.826705691319831e-01
1.400000000000000e+00	2.531551982229538e-01
1.400000000000000e+00	2.393345830037965e-01
1.400000000000000e+00	2.764227199213753e-01
1.400000000000000e+00	2.256326339991472e-01
1.400000000000000e+00	2.483551189856036e-01
1.400000000000000e+00	2.502172754519272e-01
1.400000000000000e+00	2.727384858788987e-01
1.400000000000000e+00	2.580934270493391e-01
1.400000000000000e+00	2.796000775850322e-01
1.400000000000000e+00	2.707164648404693e-01
1.400000000000000e+00	3.010731436463198e-01
1.400000000000000e+00	2.997761713375388e-01
1.400000000000000e+00	2.749421274840996e-01
1.400000000000000e+00	2.713547594950604e-01
1.400000000000000e+00	2.672224935658291e-01
1.400000000000000e+00	2.677595485064391e-01
1.400000000000000e+00	2.508127544022403e-01
1.400000000000000e+00	2.453562957957098e-01
1.400000000000000e+00	2.689871340741756e-01
1.400000000000000e+00	2.397458906702141e-01
1.400000000000000e+00	2.263468595870071e-01
1.400000000000000e+00	2.327773973946589e-01
1.400000000000000e+00	2.324351551419411e-01
1.400000000000000e+00	2.388444371862612e-01
1.400000000000000e+00	2.612117604281791e-01
1.400000000000000e+00	2.777468933802815e-01
1.400000000000000e+00	2.237758849143593e-01
1.400000000000000e+00	2.915163997334085e-01
1.400000000000000e+00	2.916115233344469e-01
1.400000000000000e+00	2.652710668507467e-01
1.400000000000000e+00	2.669095312539453e-01
1.400000000000000e+00	2.475626031915760e-01
1.400000000000000e+00	2.691383153314340e-01
1.400000000000000e+00	2.637040526129665e-01
1.400000000000000e+00	2.922378023604033e-01
1.400000000000000e+00	2.714387970408343e-01
1.400000000000000e+00	1.836805069256527e-01
1.400000000000000e+00	2.480456925547840e-01
1.400000000000000e+00	2.335784270240531e-01
1.400000000000000e+00	2.584642423560898e-01
1.400000000000000e+00	2.830025188906104e-01
1.400000000000000e+00	2.740776620049299e-01
1.400000000000000e+00	2.611095710531529e-01
1.400000000000000e+00	2.269453126655809e-01
1.400000000000000e+00	2.334269893528892e-01
1.400000000000000e+00	2.752431993626268e-01
1.400000000000000e+00	2.818413981414487e-01
1.400000000000000e+00	2.755521743187010e-01
1.400000000000000e+00	2.952188585145568e-01
1.400000000000000e+00	3.067865689985468e-01
1.400000000000000e+00	2.032291199480741e-01
1.400000000000000e+00	2.254673112512036e-01
1.400000000000000e+00	2.674892219317301e-01
1.400000000000000e+00	2.884951233209849e-01
1.400000000000000e+00	2.501483074611025e-01
1.400000000000000e+00	2.372992514438988e-01
1.400000000000000e+00	2.791928835061218e-01
1.400000000000000e+00	2.471335994774141e-01
1.400000000000000e+00	3.047198000826090e-01
1.400000000000000e+00	2.413317812298027e-01
1.400000000000000e+00	2.482714837375734e-01
1.400000000000000e+00	2.412775833128041e-01
1.400000000000000e+00	2.487834846566322e-01
1.400000000000000e+00	2.340334957820287e-01
1.400000000000000e+00	2.679567148990350e-01
1.400000000000000e+00	2.960105900302829e-01
1.400000000000000e+00	2.616645732714326e-01
1.400000000000000e+00	2.223119292621883e-01
1.400000000000000e+00	2.302972406534131e-01
1.400000000000000e+00	2.724793666610875e-01
1.400000000000000e+00	2.503234929804616e-01
1.400000000000000e+00	2.838819160535387e-01
1.400000000000000e+00	2.824278154050757e-01
1.400000000000000e+00	2.522013994011745e-01
1.400000000000000e+00	2.927652240835376e-01
1.400000000000000e+00	2.562078081310863e-01
1.400000000000000e+00	2.411317478253699e-01
1.400000000000000e+00	2.483287781000411e-01
1.400000000000000e+00	2.684643641527602e-01
1.400000000000000e+00	2.458921691166021e-01
1.400000000000000e+00	2.449849688156290e-01
1.400000000000000e+00	2.692729031931681e-01
1.400000000000000e+00	2.660553013892084e-01
1.400000000000000e+00	2.640512072636060e-01
