1.400000000000000e+00	9.671926786485788e+00
1.400000000000000e+00	9.833137892361933e+00
1.400000000000000e+00	9.799690435466502e+00
1.400000000000000e+00	9.719827914840074e+00
1.400000000000000e+00	9.588524819299527e+00
1.400000000000000e+00	9.780888056696762e+00
1.400000000000000e+00	9.602930654890777e+00
1.400000000000000e+00	9.763524974012961e+00
1.400000000000000e+00	9.689580838201682e+00
1.400000000000000e+00	9.836473845017091e+00
1.400000000000000e+00	9.688858571692132e+00
1.400000000000000e+00	9.714629610275958e+00
1.400000000000000e+00	9.644735501650581e+00
1.400000000000000e+00	9.769604241650537e+00
1.400000000000000e+00	9.571136768847751e+00
1.400000000000000e+00	9.508322763735174e+00
1.400000000000000e+00	9.674848071369874e+00
1.400000000000000e+00	9.834809946842132e+00
1.400000000000000e+00	9.698622505762057e+00
1.400000000000000e+00	9.533711265070055e+00
1.400000000000000e+00	9.589893696023049e+00
1.400000000000000e+00	9.709764390911861e+00
1.400000000000000e+00	9.553886472803818e+00
1.400000000000000e+00	9.545337904850697e+00
1.400000000000000e+00	9.650203133650120e+00
1.400000000000000e+00	9.685594641346604e+00
1.400000000000000e+00	9.657904271942996e+00
1.400000000000000e+00	9.649798680957611e+00
1.400000000000000e+00	9.864484341903415e+00
1.400000000000000e+00	9.655123711012335e+00
1.400000000000000e+00	9.702018300478548e+00
1.400000000000000e+00	9.666903221489488e+00
1.400000000000000e+00	9.650171908798633e+00
1.400000000000000e+00	9.577454106459852e+00
1.400000000000000e+00	9.809248028107582e+00
1.400000000000000e+00	9.551661564103149e+00
1.400000000000000e+00	9.549280309914474e+00
1.400000000000000e+00	9.631725332100338e+00
1.400000000000000e+00	9.546356831987419e+00
1.400000000000000e+00	9.698570771644468e+00
1.400000000000000e+00	9.740138413264766e+00
1.400000000000000e+00	9.630978667510671e+00
1.400000000000000e+00	9.556272536258145e+00
1.400000000000000e+00	9.545771215791463e+00
1.400000000000000e+00	9.671129346010527e+00
1.400000000000000e+00	9.565300743858964e+00
1.400000000000000e+00	9.635411973482432e+00
1.400000000000000e+00	9.494108427625434e+00
1.400000000000000e+00	9.693127738661961e+00
1.400000000000000e+00	9.705612014864450e+00
1.400000000000000e+00	9.713761568802283e+00
1.400000000000000e+00	9.455302371375241e+00
1.400000000000000e+00	9.605036661278572e+00
1.400000000000000e+00	9.647450159793284e+00
1.400000000000000e+00	9.464135180352338e+00
1.400000000000000e+00	9.521253151623341e+00
1.400000000000000e+00	9.596991961656023e+00
1.400000000000000e+00	9.600132045237956e+00
1.400000000000000e+00	9.736413659279632e+00
1.400000000000000e+00	9.454552458823080e+00
1.400000000000000e+00	9.699145767766147e+00
1.400000000000000e+00	9.733344797497713e+00
1.400000000000000e+00	9.593658973763851e+00
1.400000000000000e+00	9.615771853423237e+00
1.400000000000000e+00	9.575319350623836e+00
1.400000000000000e+00	9.649805428979578e+00
1.400000000000000e+00	9.613951005532249e+00
1.400000000000000e+00	9.560032558478690e+00
1.400000000000000e+00	9.693340754809388e+00
1.400000000000000e+00	9.748204604767807e+00
1.400000000000000e+00	9.575695899485897e+00
1.400000000000000e+00	9.783480734586346e+00
1.400000000000000e+00	9.607596238593819e+00
1.400000000000000e+00	9.691793924645358e+00
1.400000000000000e+00	9.435747162755520e+00
1.400000000000000e+00	9.641564483026961e+00
1.400000000000000e+00	9.727249995019736e+00
1.400000000000000e+00	9.659023494945821e+00
1.400000000000000e+00	9.656128415753248e+00
1.400000000000000e+00	9.754604564475791e+00
1.400000000000000e+00	9.635910147647589e+00
1.400000000000000e+00	9.618933353110666e+00
1.400000000000000e+00	9.737731234495008e+00
1.400000000000000e+00	9.657777674342849e+00
1.400000000000000e+00	9.732376751777162e+00
1.400000000000000e+00	9.788494730439863e+00
1.400000000000000e+00	9.554644002802803e+00
1.400000000000000e+00	9.862123947313428e+00
1.400000000000000e+00	9.496436461328440e+00
1.400000000000000e+00	9.710723983615663e+00
1.400000000000000e+00	9.710931884722896e+00
1.400000000000000e+00	9.655669698863257e+00
1.400000000000000e+00	9.715418538854076e+00
1.400000000000000e+00	9.560642938072458e+00
1.400000000000000e+00	9.438308601753528e+00
1.400000000000000e+00	9.587157125411860e+00
1.400000000000000e+00	9.796280138544802e+00
1.400000000000000e+00	9.844021396496736e+00
1.400000000000000e+00	9.434514524317450e+00
1.400000000000000e+00	9.499095732865168e+00
1.400000000000000e+00	9.762620059835253e+00
1.400000000000000e+00	9.644948592246848e+00
1.400000000000000e+00	9.722096043335878e+00
1.400000000000000e+00	9.683288965489844e+00
1.400000000000000e+00	9.680609463969356e+00
1.400000000000000e+00	9.577394282979430e+00
1.400000000000000e+00	9.569714086314530e+00
1.400000000000000e+00	9.628295792434670e+00
1.400000000000000e+00	9.567759366245244e+00
1.400000000000000e+00	9.646872802939916e+00
1.400000000000000e+00	9.613915713879370e+00
1.400000000000000e+00	9.635589413105166e+00
1.400000000000000e+00	9.654680350198804e+00
1.400000000000000e+00	9.725606029703236e+00
1.400000000000000e+00	9.528893207084502e+00
1.400000000000000e+00	9.661120679641421e+00
1.400000000000000e+00	9.535129519502027e+00
1.400000000000000e+00	9.579785441851783e+00
1.400000000000000e+00	9.534596297592575e+00
1.400000000000000e+00	9.683939587398912e+00
1.400000000000000e+00	9.396787956548334e+00
1.400000000000000e+00	9.517365814439934e+00
1.400000000000000e+00	9.765626399593936e+00
1.400000000000000e+00	9.607165583873989e+00
1.400000000000000e+00	9.710928545646421e+00
1.400000000000000e+00	9.570206224214891e+00
1.400000000000000e+00	9.615164025821921e+00
1.400000000000000e+00	9.631116125521636e+00
1.400000000000000e+00	9.787219868328190e+00
1.400000000000000e+00	9.635196331262454e+00
1.400000000000000e+00	9.654999650570121e+00
1.400000000000000e+00	9.732367689519926e+00
1.400000000000000e+00	9.837454090067949e+00
1.400000000000000e+00	9.568100102848327e+00
1.400000000000000e+00	9.565418798304282e+00
1.400000000000000e+00	9.643855978747528e+00
1.400000000000000e+00	9.629847181389810e+00
1.400000000000000e+00	9.578076008942105e+00
1.400000000000000e+00	9.673037876529470e+00
1.400000000000000e+00	9.539891367888897e+00
1.400000000000000e+00	9.720226387722530e+00
1.400000000000000e+00	9.679450039772959e+00
1.400000000000000e+00	9.765121697598538e+00
1.400000000000000e+00	9.469014880382428e+00
1.400000000000000e+00	9.687750621719132e+00
1.400000000000000e+00	9.616605786627536e+00
1.400000000000000e+00	9.481578858911828e+00
1.400000000000000e+00	9.665061339758804e+00
1.400000000000000e+00	9.622518444495601e+00
1.400000000000000e+00	9.751038001500140e+00
1.400000000000000e+00	9.544916430783069e+00
1.400000000000000e+00	9.559757852093952e+00
1.400000000000000e+00	9.502004069297215e+00
1.400000000000000e+00	9.710372243957980e+00
1.400000000000000e+00	9.664852816730029e+00
1.400000000000000e+00	9.585379352391708e+00
1.400000000000000e+00	9.730090960067882e+00
1.400000000000000e+00	9.598310621565183e+00
1.400000000000000e+00	9.712096549567121e+00
1.400000000000000e+00	9.661337691330678e+00
1.400000000000000e+00	9.691317096790328e+00
1.400000000000000e+00	9.732169215200056e+00
1.400000000000000e+00	9.458625725351141e+00
1.400000000000000e+00	9.642679155054916e+00
1.400000000000000e+00	9.681295626264454e+00
1.400000000000000e+00	9.575626518423361e+00
1.400000000000000e+00	9.678560522667723e+00
1.400000000000000e+00	9.495849957508025e+00
1.400000000000000e+00	9.721958472525387e+00
1.400000000000000e+00	9.666553406983372e+00
1.400000000000000e+00	9.691016043364726e+00
1.400000000000000e+00	9.546081612432957e+00
1.400000000000000e+00	9.622175710118157e+00
1.400000000000000e+00	9.769738327563781e+00
1.400000000000000e+00	9.572552325425820e+00
1.400000000000000e+00	9.645517789562330e+00
1.400000000000000e+00	9.626346382325917e+00
1.400000000000000e+00	9.761585207760563e+00
1.400000000000000e+00	9.862476669343090e+00
1.400000000000000e+00	9.708233108251264e+00
1.400000000000000e+00	9.720641590431894e+00
1.400000000000000e+00	9.811152728974140e+00
1.400000000000000e+00	9.513766882754128e+00
1.400000000000000e+00	9.602894597449316e+00
1.400000000000000e+00	9.690676887009037e+00
1.400000000000000e+00	9.644201597987568e+00
1.400000000000000e+00	9.493814532109495e+00
1.400000000000000e+00	9.796710787313314e+00
1.400000000000000e+00	9.716070068383235e+00
1.400000000000000e+00	9.662500524838602e+00
1.400000000000000e+00	9.645451305544736e+00
1.400000000000000e+00	9.693492771334213e+00
1.400000000000000e+00	9.472958896133182e+00
1.400000000000000e+00	9.747865794225193e+00
1.400000000000000e+00	9.442984062118903e+00
1.400000000000000e+00	9.671644773726106e+00
1.400000000000000e+00	9.739248662683195e+00
1.400000000000000e+00	9.580643847135480e+00
1.400000000000000e+00	9.434122306524923e+00
1.400000000000000e+00	9.537729852705867e+00
1.400000000000000e+00	9.628041057045484e+00
1.400000000000000e+00	9.545148227949532e+00
1.400000000000000e+00	9.574542957350054e+00
1.400000000000000e+00	9.406222648896543e+00
1.400000000000000e+00	9.599271669824404e+00
1.400000000000000e+00	9.671424750144828e+00
1.400000000000000e+00	9.655861266697766e+00
1.400000000000000e+00	9.731806836153556e+00
1.400000000000000e+00	9.683603733315685e+00
1.400000000000000e+00	9.705111216228175e+00
1.400000000000000e+00	9.696748538369411e+00
1.400000000000000e+00	9.587112576540417e+00
1.400000000000000e+00	9.663806347706386e+00
1.400000000000000e+00	9.733551899057396e+00
1.400000000000000e+00	9.692898022136829e+00
1.400000000000000e+00	9.600363087045633e+00
1.400000000000000e+00	9.480446115915321e+00
1.400000000000000e+00	9.589765993978183e+00
1.400000000000000e+00	9.577382276537644e+00
1.400000000000000e+00	9.715661375914447e+00
1.400000000000000e+00	9.637730499818160e+00
1.400000000000000e+00	9.610478332037754e+00
1.400000000000000e+00	9.552510291217040e+00
1.400000000000000e+00	9.564883042083915e+00
1.400000000000000e+00	9.704771029154220e+00
1.400000000000000e+00	9.743792563290691e+00
1.400000000000000e+00	9.791991891613806e+00
1.400000000000000e+00	9.573739254031677e+00
1.400000000000000e+00	9.646115564359381e+00
1.400000000000000e+00	9.694457420005074e+00
1.400000000000000e+00	9.571950557236654e+00
1.400000000000000e+00	9.498434116763038e+00
1.400000000000000e+00	9.659345209017712e+00
1.400000000000000e+00	9.679563512313825e+00
1.400000000000000e+00	9.716005560216262e+00
1.400000000000000e+00	9.738772154082223e+00
1.400000000000000e+00	9.535397879060572e+00
1.400000000000000e+00	9.578845093647793e+00
1.400000000000000e+00	9.600196583558418e+00
1.400000000000000e+00	9.613860281169673e+00
1.400000000000000e+00	9.576458336893094e+00
1.400000000000000e+00	9.664717562860812e+00
1.400000000000000e+00	9.637858054570078e+00
1.400000000000000e+00	9.770183796736919e+00
1.400000000000000e+00	9.740908707243207e+00
1.400000000000000e+00	9.501751391870927e+00
1.400000000000000e+00	9.647404657409663e+00
1.400000000000000e+00	9.773024508605799e+00
1.400000000000000e+00	9.623190420355417e+00
1.400000000000000e+00	9.700038870170570e+00
1.400000000000000e+00	9.607867309124039e+00
1.400000000000000e+00	9.753050083241984e+00
1.400000000000000e+00	9.697189437847303e+00
1.400000000000000e+00	9.547503403558341e+00
1.400000000000000e+00	9.562820882021200e+00
1.400000000000000e+00	9.682915840339325e+00
1.400000000000000e+00	9.662579335644381e+00
1.400000000000000e+00	9.602031702559167e+00
1.400000000000000e+00	9.508565928157010e+00
1.400000000000000e+00	9.617433384696842e+00
1.400000000000000e+00	9.695262558053015e+00
1.400000000000000e+00	9.690471714540966e+00
1.400000000000000e+00	9.582836542076377e+00
1.400000000000000e+00	9.621830419532097e+00
1.400000000000000e+00	9.715013996660819e+00
1.400000000000000e+00	9.532953262008476e+00
1.400000000000000e+00	9.674230335539733e+00
1.400000000000000e+00	9.598048549132915e+00
1.400000000000000e+00	9.597952777167665e+00
1.400000000000000e+00	9.712778939893852e+00
1.400000000000000e+00	9.634669737320333e+00
1.400000000000000e+00	9.605259756347920e+00
1.400000000000000e+00	9.578760654797438e+00
1.400000000000000e+00	9.623093597666490e+00
1.400000000000000e+00	9.567142652642350e+00
1.400000000000000e+00	9.749198034605055e+00
1.400000000000000e+00	9.729603374362521e+00
1.400000000000000e+00	9.650239921645797e+00
1.400000000000000e+00	9.575274448012332e+00
1.400000000000000e+00	9.667815581520296e+00
1.400000000000000e+00	9.632398432202569e+00
1.400000000000000e+00	9.806039751306262e+00
1.400000000000000e+00	9.779283829229081e+00
1.400000000000000e+00	9.524129589719834e+00
1.400000000000000e+00	9.595525678185730e+00
1.400000000000000e+00	9.580198051987715e+00
1.400000000000000e+00	9.547989752659609e+00
1.400000000000000e+00	9.590569834626372e+00
1.400000000000000e+00	9.584738910312492e+00
1.400000000000000e+00	9.736899810299526e+00
1.400000000000000e+00	9.748690628844486e+00
1.400000000000000e+00	9.510520103487108e+00
1.400000000000000e+00	9.656098171831820e+00
1.400000000000000e+00	9.664282381465165e+00
1.400000000000000e+00	9.771958608737050e+00
1.400000000000000e+00	9.581466183579753e+00
1.400000000000000e+00	9.464249021784523e+00
1.400000000000000e+00	9.548409081962262e+00
1.400000000000000e+00	9.591674656812284e+00
1.400000000000000e+00	9.654514430288707e+00
1.400000000000000e+00	9.677496530445618e+00
1.400000000000000e+00	9.671041333484407e+00
1.400000000000000e+00	9.506188892158615e+00
1.400000000000000e+00	9.585562069973122e+00
1.400000000000000e+00	9.704607897580246e+00
1.400000000000000e+00	9.732760305140911e+00
1.400000000000000e+00	9.448717211364059e+00
1.400000000000000e+00	9.564935451614174e+00
1.400000000000000e+00	9.761928315651119e+00
1.400000000000000e+00	9.529537034456283e+00
1.400000000000000e+00	9.581788675794668e+00
1.400000000000000e+00	9.628689644756367e+00
1.400000000000000e+00	9.687562494725524e+00
1.400000000000000e+00	9.761682799455048e+00
1.400000000000000e+00	9.590640448053925e+00
1.400000000000000e+00	9.525373807397090e+00
1.400000000000000e+00	9.540963899613264e+00
1.400000000000000e+00	9.646969771282016e+00
1.400000000000000e+00	9.755474906290143e+00
1.400000000000000e+00	9.661093411916745e+00
1.400000000000000e+00	9.657674964671951e+00
1.400000000000000e+00	9.687656273554200e+00
1.400000000000000e+00	9.714796715920277e+00
1.400000000000000e+00	9.567724523762859e+00
1.400000000000000e+00	9.787973737221495e+00
1.400000000000000e+00	9.630088188145589e+00
1.400000000000000e+00	9.585329687395650e+00
1.400000000000000e+00	9.567263945849049e+00
1.400000000000000e+00	9.572877771698275e+00
1.400000000000000e+00	9.685171153993018e+00
1.400000000000000e+00	9.740306427875263e+00
1.400000000000000e+00	9.700771653466736e+00
1.400000000000000e+00	9.663896911664287e+00
1.400000000000000e+00	9.572648378253920e+00
1.400000000000000e+00	9.655659976907369e+00
1.400000000000000e+00	9.648907192123698e+00
1.400000000000000e+00	9.513513780019215e+00
1.400000000000000e+00	9.662645797550198e+00
1.400000000000000e+00	9.528580119549803e+00
1.400000000000000e+00	9.654454096277622e+00
1.400000000000000e+00	9.647275940037069e+00
1.400000000000000e+00	9.637733671751377e+00
1.400000000000000e+00	9.783297034612280e+00
1.400000000000000e+00	9.596825145375133e+00
1.400000000000000e+00	9.527729727640368e+00
1.400000000000000e+00	9.620657457150960e+00
1.400000000000000e+00	9.641337575665776e+00
1.400000000000000e+00	9.555578301660780e+00
1.400000000000000e+00	9.578360671507316e+00
1.400000000000000e+00	9.515413489338179e+00
1.400000000000000e+00	9.481448323811563e+00
1.400000000000000e+00	9.614380404807957e+00
1.400000000000000e+00	9.664331380320935e+00
1.400000000000000e+00	9.532943190457908e+00
1.400000000000000e+00	9.516771776185266e+00
1.400000000000000e+00	9.666845931352434e+00
1.400000000000000e+00	9.685770406811940e+00
1.400000000000000e+00	9.629337510343975e+00
1.400000000000000e+00	9.474162555903497e+00
1.400000000000000e+00	9.518043445995838e+00
1.400000000000000e+00	9.590221598818234e+00
1.400000000000000e+00	9.634996056149388e+00
1.400000000000000e+00	9.643630065575548e+00
1.400000000000000e+00	9.507420453776042e+00
1.400000000000000e+00	9.669672556325336e+00
1.400000000000000e+00	9.580606358763180e+00
1.400000000000000e+00	9.784354780225680e+00
1.400000000000000e+00	9.706278155387714e+00
1.400000000000000e+00	9.754505940799321e+00
1.400000000000000e+00	9.613439360387030e+00
1.400000000000000e+00	9.510665513329647e+00
1.400000000000000e+00	9.650452756069143e+00
1.400000000000000e+00	9.716445430756973e+00
1.400000000000000e+00	9.715093784111209e+00
1.400000000000000e+00	9.797036150568635e+00
1.400000000000000e+00	9.712434963456040e+00
1.400000000000000e+00	9.515393545478124e+00
1.400000000000000e+00	9.726175975529335e+00
1.400000000000000e+00	9.731953942244646e+00
1.400000000000000e+00	9.548183274227277e+00
1.400000000000000e+00	9.583864044322299e+00
1.400000000000000e+00	9.508795230829577e+00
1.400000000000000e+00	9.510940603603705e+00
1.400000000000000e+00	9.505032994356659e+00
1.400000000000000e+00	9.865394574828510e+00
1.400000000000000e+00	9.838362623591919e+00
1.400000000000000e+00	9.585581709413013e+00
1.400000000000000e+00	9.471555148497128e+00
1.400000000000000e+00	9.748451337463639e+00
1.400000000000000e+00	9.699759402138081e+00
1.400000000000000e+00	9.539526285647502e+00
1.400000000000000e+00	9.560929360829791e+00
1.400000000000000e+00	9.641739856694739e+00
1.400000000000000e+00	9.710905302962949e+00
1.400000000000000e+00	9.612047343283876e+00
1.400000000000000e+00	9.672110860131653e+00
1.400000000000000e+00	9.632663204398582e+00
1.400000000000000e+00	9.630104781014605e+00
1.400000000000000e+00	9.544073821230931e+00
1.400000000000000e+00	9.555978152776548e+00
1.400000000000000e+00	9.537188268278499e+00
1.400000000000000e+00	9.564531644980963e+00
1.400000000000000e+00	9.752718393706198e+00
1.400000000000000e+00	9.703831122709502e+00
1.400000000000000e+00	9.628113888707592e+00
1.400000000000000e+00	9.665531390715913e+00
1.400000000000000e+00	9.595950007111339e+00
1.400000000000000e+00	9.773649759239648e+00
1.400000000000000e+00	9.669804869641995e+00
1.400000000000000e+00	9.618124815494628e+00
1.400000000000000e+00	9.562451968597518e+00
1.400000000000000e+00	9.477971553879408e+00
1.400000000000000e+00	9.620563959359195e+00
1.400000000000000e+00	9.562855014808431e+00
1.400000000000000e+00	9.651833627049323e+00
1.400000000000000e+00	9.501099027196416e+00
1.400000000000000e+00	9.439459324956655e+00
1.400000000000000e+00	9.394879774866105e+00
1.400000000000000e+00	9.706290171012412e+00
1.400000000000000e+00	9.616695898778911e+00
1.400000000000000e+00	9.771431537096706e+00
1.400000000000000e+00	9.759355619510444e+00
1.400000000000000e+00	9.635988946428093e+00
1.400000000000000e+00	9.726195947154846e+00
1.400000000000000e+00	9.750786415374181e+00
1.400000000000000e+00	9.580446375762357e+00
1.400000000000000e+00	9.558760866469118e+00
1.400000000000000e+00	9.576723794387203e+00
1.400000000000000e+00	9.548518823575085e+00
1.400000000000000e+00	9.691283291394861e+00
1.400000000000000e+00	9.530029066789831e+00
1.400000000000000e+00	9.400070134290353e+00
1.400000000000000e+00	9.754485484893813e+00
1.400000000000000e+00	9.422945317623935e+00
1.400000000000000e+00	9.553473595986695e+00
1.400000000000000e+00	9.583796531280020e+00
1.400000000000000e+00	9.701034345630307e+00
1.400000000000000e+00	9.653133545941728e+00
1.400000000000000e+00	9.856700675891613e+00
1.400000000000000e+00	9.568317443566976e+00
1.400000000000000e+00	9.592266303672623e+00
1.400000000000000e+00	9.786681777376963e+00
1.400000000000000e+00	9.550112749382020e+00
1.400000000000000e+00	9.714769220544275e+00
1.400000000000000e+00	9.696497925087424e+00
1.400000000000000e+00	9.510809153920224e+00
1.400000000000000e+00	9.520639885604659e+00
1.400000000000000e+00	9.722775019751417e+00
1.400000000000000e+00	9.942891705449117e+00
1.400000000000000e+00	9.679720723409925e+00
1.400000000000000e+00	9.635057986687178e+00
1.400000000000000e+00	9.731903218589595e+00
1.400000000000000e+00	9.747164073253611e+00
1.400000000000000e+00	9.784458635960506e+00
1.400000000000000e+00	9.558333989354832e+00
1.400000000000000e+00	9.569620779192977e+00
1.400000000000000e+00	9.422149727790444e+00
1.400000000000000e+00	9.399775746639458e+00
1.400000000000000e+00	9.720903547535610e+00
1.400000000000000e+00	9.659686248778089e+00
1.400000000000000e+00	9.592847661839606e+00
1.400000000000000e+00	9.553057558110957e+00
1.400000000000000e+00	9.540447056283703e+00
1.400000000000000e+00	9.628829017502751e+00
1.400000000000000e+00	9.686580680607770e+00
1.400000000000000e+00	9.733440867631316e+00
1.400000000000000e+00	9.819999392363606e+00
1.400000000000000e+00	9.759279617840773e+00
1.400000000000000e+00	9.661985342147791e+00
1.400000000000000e+00	9.622022380845234e+00
1.400000000000000e+00	9.655125307403395e+00
1.400000000000000e+00	9.552072706279635e+00
1.400000000000000e+00	9.700272800689119e+00
1.400000000000000e+00	9.381887262017818e+00
1.400000000000000e+00	9.448275874343633e+00
1.400000000000000e+00	9.704881227551299e+00
1.400000000000000e+00	9.555933929422869e+00
1.400000000000000e+00	9.860512743500838e+00
1.400000000000000e+00	9.700032078581177e+00
1.400000000000000e+00	9.710830510417599e+00
1.400000000000000e+00	9.466961613574775e+00
1.400000000000000e+00	9.751105694510425e+00
1.400000000000000e+00	9.811778476456741e+00
1.400000000000000e+00	9.836433662062779e+00
1.400000000000000e+00	9.735654327986762e+00
1.400000000000000e+00	9.724111368193395e+00
1.400000000000000e+00	9.513548313047325e+00
1.400000000000000e+00	9.647618044266270e+00
1.400000000000000e+00	9.798606677890302e+00
1.400000000000000e+00	9.658376903421773e+00
1.400000000000000e+00	9.582257826223495e+00
1.400000000000000e+00	9.720926551830342e+00
1.400000000000000e+00	9.692376086233381e+00
1.400000000000000e+00	9.514967637031202e+00
1.400000000000000e+00	9.695449831689203e+00
1.400000000000000e+00	9.625270725263031e+00
1.400000000000000e+00	9.685101029439066e+00
1.400000000000000e+00	9.521425624175714e+00
1.400000000000000e+00	9.683878600901169e+00
1.400000000000000e+00	9.504545335971351e+00
1.400000000000000e+00	9.549702774385485e+00
1.400000000000000e+00	9.627230532726630e+00
1.400000000000000e+00	9.772582926594170e+00
1.400000000000000e+00	9.849804381727683e+00
1.400000000000000e+00	9.638484815229516e+00
1.400000000000000e+00	9.553805841940273e+00
1.400000000000000e+00	9.490784500543162e+00
1.400000000000000e+00	9.676090673421495e+00
1.400000000000000e+00	9.551531967490488e+00
1.400000000000000e+00	9.546861142279177e+00
1.400000000000000e+00	9.660676890626323e+00
1.400000000000000e+00	9.631610945472023e+00
1.400000000000000e+00	9.670815168346332e+00
1.400000000000000e+00	9.573660589592844e+00
1.400000000000000e+00	9.745542339470898e+00
1.400000000000000e+00	9.713120420260303e+00
1.400000000000000e+00	9.641177010691610e+00
1.400000000000000e+00	9.614902142742059e+00
1.400000000000000e+00	9.574967876339851e+00
1.400000000000000e+00	9.682005153314687e+00
1.400000000000000e+00	9.582519681191437e+00
1.400000000000000e+00	9.462151795292463e+00
1.400000000000000e+00	9.649027763846306e+00
1.400000000000000e+00	9.947866938553450e+00
1.400000000000000e+00	9.595929181168838e+00
1.400000000000000e+00	9.616545218678525e+00
1.400000000000000e+00	9.647010682765696e+00
1.400000000000000e+00	9.741321892163855e+00
1.400000000000000e+00	9.425582570218889e+00
1.400000000000000e+00	9.635224309897445e+00
1.400000000000000e+00	9.579814403183786e+00
1.400000000000000e+00	9.513923763085606e+00
1.400000000000000e+00	9.536600535234939e+00
1.400000000000000e+00	9.710905194547051e+00
1.400000000000000e+00	9.625397726034212e+00
1.400000000000000e+00	9.714365228964054e+00
1.400000000000000e+00	9.592287208683107e+00
1.400000000000000e+00	9.531296091504650e+00
1.400000000000000e+00	9.654853722744825e+00
1.400000000000000e+00	9.601646044423246e+00
1.400000000000000e+00	9.446989301261382e+00
1.400000000000000e+00	9.573812354747879e+00
1.400000000000000e+00	9.633189488595722e+00
1.400000000000000e+00	9.648359460652671e+00
1.400000000000000e+00	9.514852776294946e+00
1.400000000000000e+00	9.586099715959836e+00
1.400000000000000e+00	9.756525659276354e+00
1.400000000000000e+00	9.712866976716477e+00
1.400000000000000e+00	9.533703216975761e+00
1.400000000000000e+00	9.840763754187169e+00
1.400000000000000e+00	9.673755162360248e+00
1.400000000000000e+00	9.503505323588090e+00
1.400000000000000e+00	9.567170666509670e+00
1.400000000000000e+00	9.577079235907370e+00
1.400000000000000e+00	9.524423762627707e+00
1.400000000000000e+00	9.677675630701039e+00
1.400000000000000e+00	9.526780371165676e+00
1.400000000000000e+00	9.591249283263585e+00
1.400000000000000e+00	9.562630408920413e+00
1.400000000000000e+00	9.474457891914275e+00
1.400000000000000e+00	9.691435253835911e+00
1.400000000000000e+00	9.649437611083066e+00
1.400000000000000e+00	9.697291021651967e+00
1.400000000000000e+00	9.821396910721527e+00
1.400000000000000e+00	9.729058094341733e+00
1.400000000000000e+00	9.746527653088444e+00
1.400000000000000e+00	9.483529884764692e+00
1.400000000000000e+00	9.691991110293262e+00
1.400000000000000e+00	9.745416784711757e+00
1.400000000000000e+00	9.679918781600357e+00
1.400000000000000e+00	9.689152301438501e+00
1.400000000000000e+00	9.804016358150614e+00
1.400000000000000e+00	9.733504567438898e+00
1.400000000000000e+00	9.679493135721390e+00
1.400000000000000e+00	9.755597851985943e+00
1.400000000000000e+00	9.606480996161677e+00
1.400000000000000e+00	9.427262730987934e+00
1.400000000000000e+00	9.602766479417145e+00
1.400000000000000e+00	9.552213736776727e+00
1.400000000000000e+00	9.725095116136448e+00
1.400000000000000e+00	9.667843550427353e+00
1.400000000000000e+00	9.662222450659437e+00
1.400000000000000e+00	9.573743399609288e+00
1.400000000000000e+00	9.571447333547336e+00
1.400000000000000e+00	9.554416939004536e+00
1.400000000000000e+00	9.460267215133594e+00
1.400000000000000e+00	9.454552131447986e+00
1.400000000000000e+00	9.666532716420264e+00
1.400000000000000e+00	9.601844115312296e+00
1.400000000000000e+00	9.626616856589639e+00
1.400000000000000e+00	9.358548366476127e+00
1.400000000000000e+00	9.594171080463990e+00
1.400000000000000e+00	9.542277563820303e+00
1.400000000000000e+00	9.550186711535176e+00
1.400000000000000e+00	9.716665248330090e+00
1.400000000000000e+00	9.624486365781470e+00
1.400000000000000e+00	9.632395083428364e+00
1.400000000000000e+00	9.645465211524328e+00
1.400000000000000e+00	9.468048974871648e+00
1.400000000000000e+00	9.452554344807538e+00
1.400000000000000e+00	9.684637251657554e+00
1.400000000000000e+00	9.710296030448852e+00
1.400000000000000e+00	9.664599282791004e+00
1.400000000000000e+00	9.500957006689969e+00
1.400000000000000e+00	9.507644736244858e+00
1.400000000000000e+00	9.646485923987496e+00
1.400000000000000e+00	9.734517975054839e+00
1.400000000000000e+00	9.770902608257202e+00
1.400000000000000e+00	9.605726088717628e+00
1.400000000000000e+00	9.579265257095162e+00
1.400000000000000e+00	9.801327443772610e+00
1.400000000000000e+00	9.577697654249700e+00
1.400000000000000e+00	9.317113319817482e+00
1.400000000000000e+00	9.500811342711659e+00
1.400000000000000e+00	9.613873462151229e+00
1.400000000000000e+00	9.668631938691242e+00
1.400000000000000e+00	9.752810273089537e+00
1.400000000000000e+00	9.661742320741418e+00
1.400000000000000e+00	9.677737668386539e+00
1.400000000000000e+00	9.470174563019297e+00
1.400000000000000e+00	9.562776040436491e+00
1.400000000000000e+00	9.651310869538600e+00
1.400000000000000e+00	9.637676933284045e+00
1.400000000000000e+00	9.551529438656210e+00
1.400000000000000e+00	9.841723954846804e+00
1.400000000000000e+00	9.674635735188357e+00
1.400000000000000e+00	9.604108763949910e+00
1.400000000000000e+00	9.707706060805684e+00
1.400000000000000e+00	9.726091008945643e+00
1.400000000000000e+00	9.488678010516885e+00
1.400000000000000e+00	9.699572147300568e+00
1.400000000000000e+00	9.743422886727464e+00
1.400000000000000e+00	9.648408472731425e+00
1.400000000000000e+00	9.677747728157929e+00
1.400000000000000e+00	9.595580440291775e+00
1.400000000000000e+00	9.621363826492260e+00
1.400000000000000e+00	9.551936997380579e+00
1.400000000000000e+00	9.718552180553445e+00
1.400000000000000e+00	9.592055237081057e+00
1.400000000000000e+00	9.885491003198517e+00
1.400000000000000e+00	9.531084584952088e+00
1.400000000000000e+00	9.511614347839554e+00
1.400000000000000e+00	9.466910778848193e+00
1.400000000000000e+00	9.693215749883350e+00
1.400000000000000e+00	9.483739607314092e+00
1.400000000000000e+00	9.509626075409397e+00
1.400000000000000e+00	9.511090415609635e+00
1.400000000000000e+00	9.658553539547810e+00
1.400000000000000e+00	9.538975649480797e+00
1.400000000000000e+00	9.698777262594593e+00
1.400000000000000e+00	9.552206562302233e+00
1.400000000000000e+00	9.728041212837995e+00
1.400000000000000e+00	9.588585887337643e+00
1.400000000000000e+00	9.684747960081172e+00
1.400000000000000e+00	9.723419668431591e+00
1.400000000000000e+00	9.661329580507324e+00
1.400000000000000e+00	9.652503769297091e+00
1.400000000000000e+00	9.614390202154688e+00
1.400000000000000e+00	9.552028783264539e+00
1.400000000000000e+00	9.749813017366789e+00
1.400000000000000e+00	9.601430352872319e+00
1.400000000000000e+00	9.682216415604559e+00
1.400000000000000e+00	9.653584925432977e+00
1.400000000000000e+00	9.598126488277479e+00
1.400000000000000e+00	9.590988322269601e+00
1.400000000000000e+00	9.752212103990781e+00
1.400000000000000e+00	9.723486987583227e+00
1.400000000000000e+00	9.732399791710998e+00
1.400000000000000e+00	9.932410160375360e+00
1.400000000000000e+00	9.627142144124015e+00
1.400000000000000e+00	9.611509077883216e+00
1.400000000000000e+00	9.668417433313138e+00
1.400000000000000e+00	9.576520364976135e+00
1.400000000000000e+00	9.645334812495372e+00
1.400000000000000e+00	9.742727919258197e+00
1.400000000000000e+00	9.770227221273922e+00
1.400000000000000e+00	9.577200362677933e+00
1.400000000000000e+00	9.664021432462009e+00
1.400000000000000e+00	9.431648333485901e+00
1.400000000000000e+00	9.779033646347258e+00
1.400000000000000e+00	9.666444814410838e+00
1.400000000000000e+00	9.691928426227893e+00
1.400000000000000e+00	9.746686360551701e+00
1.400000000000000e+00	9.508519211726817e+00
1.400000000000000e+00	9.559427031687573e+00
1.400000000000000e+00	9.549729172972015e+00
1.400000000000000e+00	9.754707002671433e+00
1.400000000000000e+00	9.463056522031534e+00
1.400000000000000e+00	9.581623997439600e+00
1.400000000000000e+00	9.777411392746190e+00
1.400000000000000e+00	9.795323923118564e+00
1.400000000000000e+00	9.683365567494231e+00
1.400000000000000e+00	9.503930497232563e+00
1.400000000000000e+00	9.676646029787264e+00
1.400000000000000e+00	9.689020853434990e+00
1.400000000000000e+00	9.503575991665317e+00
1.400000000000000e+00	9.414939740593963e+00
1.400000000000000e+00	9.621647560068343e+00
1.400000000000000e+00	9.658781830004422e+00
1.400000000000000e+00	9.681141944244406e+00
1.400000000000000e+00	9.742330895134431e+00
1.400000000000000e+00	9.564975331725591e+00
1.400000000000000e+00	9.456802835181170e+00
1.400000000000000e+00	9.697528415872254e+00
1.400000000000000e+00	9.384966487020815e+00
1.400000000000000e+00	9.572501661799450e+00
1.400000000000000e+00	9.707412668553728e+00
1.400000000000000e+00	9.863449406308352e+00
1.400000000000000e+00	9.737491805246048e+00
1.400000000000000e+00	9.694743084763353e+00
1.400000000000000e+00	9.520209287231710e+00
1.400000000000000e+00	9.597498119544486e+00
1.400000000000000e+00	9.591084814330173e+00
1.400000000000000e+00	9.608312910115393e+00
1.400000000000000e+00	9.900263071425828e+00
1.400000000000000e+00	9.563035099320496e+00
1.400000000000000e+00	9.865695952855488e+00
1.400000000000000e+00	9.722771523001960e+00
1.400000000000000e+00	9.498946053106414e+00
1.400000000000000e+00	9.525487636426554e+00
1.400000000000000e+00	9.706350025301244e+00
1.400000000000000e+00	9.483450309393088e+00
1.400000000000000e+00	9.664324417294727e+00
1.400000000000000e+00	9.528392075587831e+00
1.400000000000000e+00	9.651252965436314e+00
1.400000000000000e+00	9.720152582826410e+00
1.400000000000000e+00	9.614386066779232e+00
1.400000000000000e+00	9.680762531215576e+00
1.400000000000000e+00	9.645846817519136e+00
1.400000000000000e+00	9.556882543897965e+00
1.400000000000000e+00	9.518457302221695e+00
1.400000000000000e+00	9.635604813708426e+00
1.400000000000000e+00	9.669652465034341e+00
1.400000000000000e+00	9.630465280191437e+00
1.400000000000000e+00	9.849985441161236e+00
1.400000000000000e+00	9.644678466706551e+00
1.400000000000000e+00	9.528027698813155e+00
1.400000000000000e+00	9.767099420111093e+00
1.400000000000000e+00	9.734127051614831e+00
1.400000000000000e+00	9.514531349221791e+00
1.400000000000000e+00	9.711306474142138e+00
1.400000000000000e+00	9.481973088044505e+00
1.400000000000000e+00	9.591345075457014e+00
1.400000000000000e+00	9.819032019330681e+00
1.400000000000000e+00	9.560318484640717e+00
1.400000000000000e+00	9.532990178902168e+00
1.400000000000000e+00	9.667909653796954e+00
1.400000000000000e+00	9.610323764938535e+00
1.400000000000000e+00	9.483128759708144e+00
1.400000000000000e+00	9.764716555432628e+00
1.400000000000000e+00	9.757404203238035e+00
1.400000000000000e+00	9.619503131481846e+00
1.400000000000000e+00	9.515162229605917e+00
1.400000000000000e+00	9.565337422567652e+00
1.400000000000000e+00	9.428763017881362e+00
1.400000000000000e+00	9.634444362231093e+00
1.400000000000000e+00	9.734234900240708e+00
1.400000000000000e+00	9.690055720932879e+00
1.400000000000000e+00	9.528113647836994e+00
1.400000000000000e+00	9.564418968001750e+00
1.400000000000000e+00	9.682790430241599e+00
1.400000000000000e+00	9.672734164349064e+00
1.400000000000000e+00	9.620648923600692e+00
1.400000000000000e+00	9.582149591640505e+00
1.400000000000000e+00	9.594778572868469e+00
1.400000000000000e+00	9.631915988066513e+00
1.400000000000000e+00	9.594455010235832e+00
1.400000000000000e+00	9.738573170470016e+00
1.400000000000000e+00	9.574780447392843e+00
1.400000000000000e+00	9.788421938465511e+00
1.400000000000000e+00	9.560391943179642e+00
1.400000000000000e+00	9.619544117705058e+00
1.400000000000000e+00	9.428600492302554e+00
1.400000000000000e+00	9.684818077865362e+00
1.400000000000000e+00	9.490090044916492e+00
1.400000000000000e+00	9.696306290659237e+00
1.400000000000000e+00	9.533070619636637e+00
1.400000000000000e+00	9.743211275348143e+00
1.400000000000000e+00	9.615823046407268e+00
1.400000000000000e+00	9.511086541822564e+00
1.400000000000000e+00	9.576488883004794e+00
1.400000000000000e+00	9.692410934912521e+00
1.400000000000000e+00	9.626854235330242e+00
1.400000000000000e+00	9.717304753094282e+00
1.400000000000000e+00	9.904137015677854e+00
1.400000000000000e+00	9.628476939490913e+00
1.400000000000000e+00	9.703005999695288e+00
1.400000000000000e+00	9.579521868749682e+00
1.400000000000000e+00	9.554596932464364e+00
1.400000000000000e+00	9.514113451447034e+00
1.400000000000000e+00	9.760890322840563e+00
1.400000000000000e+00	9.573607769558850e+00
1.400000000000000e+00	9.713190482963594e+00
1.400000000000000e+00	9.718332314137633e+00
1.400000000000000e+00	9.792091129137745e+00
1.400000000000000e+00	9.609992767914651e+00
1.400000000000000e+00	9.602779269324767e+00
1.400000000000000e+00	9.513700206038042e+00
1.400000000000000e+00	9.630018931735252e+00
1.400000000000000e+00	9.511626599114852e+00
1.400000000000000e+00	9.581466136230009e+00
1.400000000000000e+00	9.762412414635499e+00
1.400000000000000e+00	9.657536025941670e+00
1.400000000000000e+00	9.664519178057803e+00
1.400000000000000e+00	9.666241646686020e+00
1.400000000000000e+00	9.682743794251126e+00
1.400000000000000e+00	9.594852366097067e+00
1.400000000000000e+00	9.794151007566455e+00
1.400000000000000e+00	9.848063592152698e+00
1.400000000000000e+00	9.647593399906377e+00
1.400000000000000e+00	9.609006139819682e+00
1.400000000000000e+00	9.497864559704205e+00
1.400000000000000e+00	9.705320533631106e+00
1.400000000000000e+00	9.632023322996911e+00
1.400000000000000e+00	9.585759289274568e+00
1.400000000000000e+00	9.561731693021070e+00
1.400000000000000e+00	9.708814181116686e+00
1.400000000000000e+00	9.598081470448223e+00
1.400000000000000e+00	9.716790755361448e+00
1.400000000000000e+00	9.647166028220138e+00
1.400000000000000e+00	9.934540237291325e+00
1.400000000000000e+00	9.741553232744197e+00
1.400000000000000e+00	9.883457093896904e+00
1.400000000000000e+00	9.779324347794191e+00
1.400000000000000e+00	9.492581882778055e+00
1.400000000000000e+00	9.731213981373166e+00
1.400000000000000e+00	9.683455572421373e+00
1.400000000000000e+00	9.508623596706830e+00
1.400000000000000e+00	9.541334000178146e+00
1.400000000000000e+00	9.712309812959028e+00
1.400000000000000e+00	9.724647902298795e+00
1.400000000000000e+00	9.568523366198729e+00
1.400000000000000e+00	9.641836596896773e+00
1.400000000000000e+00	9.584051644676185e+00
1.400000000000000e+00	9.449066211726574e+00
1.400000000000000e+00	9.667628536866076e+00
1.400000000000000e+00	9.706214597196475e+00
1.400000000000000e+00	9.618188688267569e+00
1.400000000000000e+00	9.674480601629121e+00
1.400000000000000e+00	9.495573178781608e+00
1.400000000000000e+00	9.442675997236027e+00
1.400000000000000e+00	9.646722116453567e+00
1.400000000000000e+00	9.560882584717632e+00
1.400000000000000e+00	9.701117146764926e+00
1.400000000000000e+00	9.613240067792837e+00
1.400000000000000e+00	9.576869621990198e+00
1.400000000000000e+00	9.651316416939046e+00
1.400000000000000e+00	9.664216324429002e+00
1.400000000000000e+00	9.694763354217999e+00
1.400000000000000e+00	9.603622733880350e+00
1.400000000000000e+00	9.534732753956414e+00
1.400000000000000e+00	9.724326694332014e+00
1.400000000000000e+00	9.634957893538326e+00
1.400000000000000e+00	9.548268096490379e+00
1.400000000000000e+00	9.504103015476923e+00
1.400000000000000e+00	9.672382538282509e+00
1.400000000000000e+00	9.736357577154976e+00
1.400000000000000e+00	9.665757249674645e+00
1.400000000000000e+00	9.720564681695276e+00
1.400000000000000e+00	9.498707311198014e+00
1.400000000000000e+00	9.628375217876643e+00
1.400000000000000e+00	9.517400097090658e+00
1.400000000000000e+00	9.685152389556903e+00
1.400000000000000e+00	9.618060104952242e+00
1.400000000000000e+00	9.552400462393708e+00
1.400000000000000e+00	9.605227973260343e+00
1.400000000000000e+00	9.820609357798524e+00
1.400000000000000e+00	9.556401224774374e+00
1.400000000000000e+00	9.700053125128246e+00
1.400000000000000e+00	9.772233910723525e+00
1.400000000000000e+00	9.712740660027414e+00
1.400000000000000e+00	9.605007199614327e+00
1.400000000000000e+00	9.598636066762573e+00
1.400000000000000e+00	9.668446056707772e+00
1.400000000000000e+00	9.589337787966141e+00
1.400000000000000e+00	9.739060229688636e+00
1.400000000000000e+00	9.654639943324643e+00
1.400000000000000e+00	9.667606414268544e+00
1.400000000000000e+00	9.693892412110376e+00
1.400000000000000e+00	9.632322837817711e+00
1.400000000000000e+00	9.680285475850656e+00
1.400000000000000e+00	9.435130616657698e+00
1.400000000000000e+00	9.550636998482650e+00
1.400000000000000e+00	9.786505484163904e+00
1.400000000000000e+00	9.667343718089294e+00
1.400000000000000e+00	9.636591503823603e+00
1.400000000000000e+00	9.765697701145504e+00
1.400000000000000e+00	9.662884270450485e+00
1.400000000000000e+00	9.626797876378395e+00
1.400000000000000e+00	9.625265406378045e+00
1.400000000000000e+00	9.541799809577199e+00
1.400000000000000e+00	9.709963443063199e+00
1.400000000000000e+00	9.607908824654320e+00
1.400000000000000e+00	9.671685197879412e+00
1.400000000000000e+00	9.633508719626633e+00
1.400000000000000e+00	9.645792178486568e+00
1.400000000000000e+00	9.586385997434233e+00
1.400000000000000e+00	9.815493510432626e+00
1.400000000000000e+00	9.658370065645911e+00
1.400000000000000e+00	9.565444977764766e+00
1.400000000000000e+00	9.721661300409174e+00
1.400000000000000e+00	9.681448778084745e+00
1.400000000000000e+00	9.614984393911595e+00
1.400000000000000e+00	9.599928083615479e+00
1.400000000000000e+00	9.521014336802077e+00
1.400000000000000e+00	9.718345059944449e+00
1.400000000000000e+00	9.321406464882861e+00
1.400000000000000e+00	9.709612607184804e+00
1.400000000000000e+00	9.915562452036284e+00
1.400000000000000e+00	9.530932041615264e+00
1.400000000000000e+00	9.732726828478199e+00
1.400000000000000e+00	9.442601021044661e+00
1.400000000000000e+00	9.556741528909722e+00
1.400000000000000e+00	9.764983940799617e+00
1.400000000000000e+00	9.866759433428669e+00
1.400000000000000e+00	9.758221230411927e+00
1.400000000000000e+00	9.562507218170229e+00
1.400000000000000e+00	9.593921970359403e+00
1.400000000000000e+00	9.714704431250375e+00
1.400000000000000e+00	9.662326045330364e+00
1.400000000000000e+00	9.702852046649268e+00
1.400000000000000e+00	9.651291162592482e+00
1.400000000000000e+00	9.687658345195890e+00
1.400000000000000e+00	9.580850536724000e+00
1.400000000000000e+00	9.617317624938265e+00
1.400000000000000e+00	9.676871790105817e+00
1.400000000000000e+00	9.494617285367871e+00
1.400000000000000e+00	9.520144633552750e+00
1.400000000000000e+00	9.600114501687880e+00
1.400000000000000e+00	9.755878691676735e+00
1.400000000000000e+00	9.669130797225602e+00
1.400000000000000e+00	9.473820990586427e+00
1.400000000000000e+00	9.504368107506915e+00
1.400000000000000e+00	9.293586116219894e+00
1.400000000000000e+00	9.723972587190218e+00
1.400000000000000e+00	9.570094353552818e+00
1.400000000000000e+00	9.358709257488092e+00
1.400000000000000e+00	9.618250335272805e+00
1.400000000000000e+00	9.710934770924947e+00
1.400000000000000e+00	9.795906481401719e+00
1.400000000000000e+00	9.666752777058067e+00
1.400000000000000e+00	9.592400579620048e+00
1.400000000000000e+00	9.744399081038129e+00
1.400000000000000e+00	9.477832829567307e+00
1.400000000000000e+00	9.547742034662507e+00
1.400000000000000e+00	9.667328431321003e+00
1.400000000000000e+00	9.808004320388481e+00
1.400000000000000e+00	9.668623322150367e+00
1.400000000000000e+00	9.573910284964299e+00
1.400000000000000e+00	9.708323925218107e+00
1.400000000000000e+00	9.607429015132368e+00
1.400000000000000e+00	9.753586489935381e+00
1.400000000000000e+00	9.599602336451698e+00
1.400000000000000e+00	9.666894213873629e+00
1.400000000000000e+00	9.667631272056520e+00
1.400000000000000e+00	9.467098047768072e+00
1.400000000000000e+00	9.681827452697298e+00
1.400000000000000e+00	9.570032459204821e+00
1.400000000000000e+00	9.697788987441291e+00
1.400000000000000e+00	9.635025968856404e+00
1.400000000000000e+00	9.639623842633533e+00
1.400000000000000e+00	9.657342077408639e+00
1.400000000000000e+00	9.685329700859601e+00
1.400000000000000e+00	9.540198369601827e+00
1.400000000000000e+00	9.592133590079218e+00
1.400000000000000e+00	9.544504576852175e+00
1.400000000000000e+00	9.604302827556610e+00
1.400000000000000e+00	9.517595943482842e+00
1.400000000000000e+00	9.791953287746267e+00
1.400000000000000e+00	9.835400475029505e+00
1.400000000000000e+00	9.702562031964275e+00
1.400000000000000e+00	9.668500168140419e+00
1.400000000000000e+00	9.657646207271169e+00
1.400000000000000e+00	9.620079758574079e+00
1.400000000000000e+00	9.542347611692437e+00
1.400000000000000e+00	9.759179729455724e+00
1.400000000000000e+00	9.423363871302083e+00
1.400000000000000e+00	9.642924431365923e+00
1.400000000000000e+00	9.668225147848130e+00
1.400000000000000e+00	9.812165536426587e+00
1.400000000000000e+00	9.528731834863448e+00
1.400000000000000e+00	9.673341374792418e+00
1.400000000000000e+00	9.851890161502219e+00
1.400000000000000e+00	9.589652569125445e+00
1.400000000000000e+00	9.548048651841171e+00
1.400000000000000e+00	9.581104940939275e+00
1.400000000000000e+00	9.550295916324357e+00
1.400000000000000e+00	9.511092283826962e+00
1.400000000000000e+00	9.393018468086076e+00
1.400000000000000e+00	9.591106032185866e+00
1.400000000000000e+00	9.960668619531717e+00
1.400000000000000e+00	9.700388303776274e+00
1.400000000000000e+00	9.677864768952031e+00
1.400000000000000e+00	9.722094492736206e+00
1.400000000000000e+00	9.517357389949650e+00
1.400000000000000e+00	9.610202259810677e+00
1.400000000000000e+00	9.508885554129156e+00
1.400000000000000e+00	9.481835208508844e+00
1.400000000000000e+00	9.786329886443125e+00
1.400000000000000e+00	9.741202376194654e+00
