1.450000000000000e+00	2.979970712164599e-01
1.450000000000000e+00	3.088055479549988e-01
1.450000000000000e+00	2.842073366860310e-01
1.450000000000000e+00	2.397315102536428e-01
1.450000000000000e+00	3.726619678760398e-01
1.450000000000000e+00	3.094380261506292e-01
1.450000000000000e+00	2.891259588692660e-01
1.450000000000000e+00	2.728002118573415e-01
1.450000000000000e+00	2.845646763882075e-01
1.450000000000000e+00	3.411456681030091e-01
1.450000000000000e+00	3.818281082415086e-01
1.450000000000000e+00	3.618856644306530e-01
1.450000000000000e+00	3.255908328843130e-01
1.450000000000000e+00	2.926776588767589e-01
1.450000000000000e+00	2.645393652213152e-01
1.450000000000000e+00	3.233477967808775e-01
1.450000000000000e+00	3.347190160861926e-01
1.450000000000000e+00	2.922716175424175e-01
1.450000000000000e+00	3.581530856866459e-01
1.450000000000000e+00	2.737929626905864e-01
1.450000000000000e+00	3.365164585204334e-01
1.450000000000000e+00	3.163305830786438e-01
1.450000000000000e+00	3.495766529873109e-01
1.450000000000000e+00	3.675412186523665e-01
1.450000000000000e+00	3.593919996728068e-01
1.450000000000000e+00	2.989414620627951e-01
1.450000000000000e+00	3.084970916733732e-01
1.450000000000000e+00	3.066666055349500e-01
1.450000000000000e+00	3.045926355677387e-01
1.450000000000000e+00	3.246462159926146e-01
1.450000000000000e+00	2.653694327415944e-01
1.450000000000000e+00	3.644112706770615e-01
1.450000000000000e+00	3.436661714426605e-01
1.450000000000000e+00	4.210923017710702e-01
1.450000000000000e+00	2.394523868726632e-01
1.450000000000000e+00	2.882237012928653e-01
1.450000000000000e+00	3.746131950538050e-01
1.450000000000000e+00	2.311862896381212e-01
1.450000000000000e+00	3.049015357330667e-01
1.450000000000000e+00	3.347726976848276e-01
1.450000000000000e+00	3.519398254265773e-01
1.450000000000000e+00	3.127382148083610e-01
1.450000000000000e+00	2.985475830409363e-01
1.450000000000000e+00	3.109096429853337e-01
1.450000000000000e+00	3.951460765192678e-01
1.450000000000000e+00	2.691314073359656e-01
1.450000000000000e+00	2.455931658053161e-01
1.450000000000000e+00	2.723714384196954e-01
1.450000000000000e+00	2.993885983681205e-01
1.450000000000000e+00	2.882926398443483e-01
1.450000000000000e+00	3.578123969905408e-01
1.450000000000000e+00	3.529888019766920e-01
1.450000000000000e+00	2.709808407384576e-01
1.450000000000000e+00	2.876774327655365e-01
1.450000000000000e+00	3.362722783247694e-01
1.450000000000000e+00	3.465429018193503e-01
1.450000000000000e+00	3.161145660798712e-01
1.450000000000000e+00	2.906551531681008e-01
1.450000000000000e+00	2.822239478084766e-01
1.450000000000000e+00	2.949724426078892e-01
1.450000000000000e+00	3.282456497169440e-01
1.450000000000000e+00	3.327162157062470e-01
1.450000000000000e+00	3.278966977668003e-01
1.450000000000000e+00	3.347866147196863e-01
1.450000000000000e+00	3.445932925641444e-01
1.450000000000000e+00	2.889533782545862e-01
1.450000000000000e+00	3.825307795052237e-01
1.450000000000000e+00	2.390654997593660e-01
1.450000000000000e+00	2.793676815794160e-01
1.450000000000000e+00	2.527573515858654e-01
1.450000000000000e+00	2.783486566137005e-01
1.450000000000000e+00	3.351653494294439e-01
1.450000000000000e+00	3.393425070593486e-01
1.450000000000000e+00	2.893817704439627e-01
1.450000000000000e+00	3.513900635376511e-01
1.450000000000000e+00	3.633202212223857e-01
1.450000000000000e+00	2.314571702922292e-01
1.450000000000000e+00	2.735356482516062e-01
1.450000000000000e+00	2.337458512634003e-01
1.450000000000000e+00	3.718520843267742e-01
1.450000000000000e+00	3.138955542480647e-01
1.450000000000000e+00	3.012413066646555e-01
1.450000000000000e+00	3.122256167225349e-01
1.450000000000000e+00	2.995883387274961e-01
1.450000000000000e+00	2.795379612399420e-01
1.450000000000000e+00	3.761544800239999e-01
1.450000000000000e+00	3.364206083223103e-01
1.450000000000000e+00	3.123629424196325e-01
1.450000000000000e+00	3.059368244009328e-01
1.450000000000000e+00	2.130405390290189e-01
1.450000000000000e+00	2.904002849041645e-01
1.450000000000000e+00	2.745344918098199e-01
1.450000000000000e+00	2.854974591915717e-01
1.450000000000000e+00	3.040152541680923e-01
1.450000000000000e+00	3.026176788616478e-01
1.450000000000000e+00	2.883140465777598e-01
1.450000000000000e+00	2.256818044497373e-01
1.450000000000000e+00	3.422728036794265e-01
1.450000000000000e+00	3.762380170315883e-01
1.450000000000000e+00	3.400944042673635e-01
1.450000000000000e+00	2.584878981502560e-01
1.450000000000000e+00	2.284411573272412e-01
1.450000000000000e+00	3.026163959679826e-01
1.450000000000000e+00	3.267956600594410e-01
1.450000000000000e+00	2.193468522274145e-01
1.450000000000000e+00	2.747884223384757e-01
1.450000000000000e+00	2.610469753067408e-01
1.450000000000000e+00	3.083719680151276e-01
1.450000000000000e+00	3.495406503718747e-01
1.450000000000000e+00	3.272225157657095e-01
1.450000000000000e+00	2.558118496319571e-01
1.450000000000000e+00	3.261344408915801e-01
1.450000000000000e+00	3.272434645627211e-01
1.450000000000000e+00	3.287301792554506e-01
1.450000000000000e+00	2.545059531834995e-01
1.450000000000000e+00	3.770089207899807e-01
1.450000000000000e+00	3.734448284567127e-01
1.450000000000000e+00	2.995320843007582e-01
1.450000000000000e+00	2.368435002416061e-01
1.450000000000000e+00	3.563551077290461e-01
1.450000000000000e+00	4.183381571668630e-01
1.450000000000000e+00	3.366127781494671e-01
1.450000000000000e+00	3.435153454422463e-01
1.450000000000000e+00	3.115805962671321e-01
1.450000000000000e+00	3.881271461291322e-01
1.450000000000000e+00	3.582298647343212e-01
1.450000000000000e+00	3.333290856949855e-01
1.450000000000000e+00	3.493401955869059e-01
1.450000000000000e+00	3.285782733629312e-01
1.450000000000000e+00	2.749781988822297e-01
1.450000000000000e+00	2.744999955799798e-01
1.450000000000000e+00	3.306723913515081e-01
1.450000000000000e+00	2.992198116195776e-01
1.450000000000000e+00	2.926362981791033e-01
1.450000000000000e+00	2.802999929972906e-01
1.450000000000000e+00	3.231023506927159e-01
1.450000000000000e+00	3.377381431235460e-01
1.450000000000000e+00	3.441514380368079e-01
1.450000000000000e+00	3.744099063117019e-01
1.450000000000000e+00	3.601380506507680e-01
1.450000000000000e+00	3.875045075460172e-01
1.450000000000000e+00	3.082427909135895e-01
1.450000000000000e+00	2.712116172779780e-01
1.450000000000000e+00	2.978125262398464e-01
1.450000000000000e+00	3.463897231908722e-01
1.450000000000000e+00	2.996539262209694e-01
1.450000000000000e+00	2.962315999842277e-01
1.450000000000000e+00	2.332604481413492e-01
1.450000000000000e+00	2.520824501781376e-01
1.450000000000000e+00	2.733597863712979e-01
1.450000000000000e+00	3.461891796304148e-01
1.450000000000000e+00	2.805404994322409e-01
1.450000000000000e+00	2.849084703779566e-01
1.450000000000000e+00	3.268954236915126e-01
1.450000000000000e+00	2.821615201654549e-01
1.450000000000000e+00	3.341449911502683e-01
1.450000000000000e+00	3.109611918315388e-01
1.450000000000000e+00	3.226610940928832e-01
1.450000000000000e+00	3.128497875709232e-01
1.450000000000000e+00	3.447934465782257e-01
1.450000000000000e+00	3.764632484029280e-01
1.450000000000000e+00	3.030684410914218e-01
1.450000000000000e+00	2.907856182379304e-01
1.450000000000000e+00	3.296656962809129e-01
1.450000000000000e+00	2.904300078809379e-01
1.450000000000000e+00	3.581864945601062e-01
1.450000000000000e+00	3.387544125162184e-01
1.450000000000000e+00	2.973458533285210e-01
1.450000000000000e+00	3.399323987037079e-01
1.450000000000000e+00	2.425977141514956e-01
1.450000000000000e+00	3.507227616260038e-01
1.450000000000000e+00	3.195024925983446e-01
1.450000000000000e+00	2.702134060772469e-01
1.450000000000000e+00	2.301056618879042e-01
1.450000000000000e+00	2.919131932194787e-01
1.450000000000000e+00	3.556658353162078e-01
1.450000000000000e+00	2.910444378312102e-01
1.450000000000000e+00	3.325922604225027e-01
1.450000000000000e+00	2.808466203338485e-01
1.450000000000000e+00	3.411895635168425e-01
1.450000000000000e+00	2.758177805730438e-01
1.450000000000000e+00	3.362933002467449e-01
1.450000000000000e+00	3.256242086299492e-01
1.450000000000000e+00	3.824975057992117e-01
1.450000000000000e+00	2.917963798031354e-01
1.450000000000000e+00	2.769620202619151e-01
1.450000000000000e+00	2.839140682434589e-01
1.450000000000000e+00	3.264560214443348e-01
1.450000000000000e+00	2.791250923148752e-01
1.450000000000000e+00	3.080354238354689e-01
1.450000000000000e+00	3.030717340263780e-01
1.450000000000000e+00	3.509475379088011e-01
1.450000000000000e+00	2.642511346632467e-01
1.450000000000000e+00	3.706112487926678e-01
1.450000000000000e+00	2.980182868623441e-01
1.450000000000000e+00	3.055479007726101e-01
1.450000000000000e+00	3.619305613030674e-01
1.450000000000000e+00	3.168968787234649e-01
1.450000000000000e+00	3.106334167094608e-01
1.450000000000000e+00	2.449923713680190e-01
1.450000000000000e+00	3.223560315764141e-01
1.450000000000000e+00	3.138993393833812e-01
1.450000000000000e+00	2.601260763077184e-01
1.450000000000000e+00	3.258602534919495e-01
1.450000000000000e+00	3.519195186048505e-01
1.450000000000000e+00	2.974572348334234e-01
1.450000000000000e+00	2.883001639947497e-01
1.450000000000000e+00	3.938342891121150e-01
1.450000000000000e+00	3.430913992169587e-01
1.450000000000000e+00	2.388216587988667e-01
1.450000000000000e+00	3.566430825484425e-01
1.450000000000000e+00	3.564690303312147e-01
1.450000000000000e+00	2.616532383662071e-01
1.450000000000000e+00	3.331691261869263e-01
1.450000000000000e+00	3.153929283903470e-01
1.450000000000000e+00	3.491653031341291e-01
1.450000000000000e+00	3.373658878839986e-01
1.450000000000000e+00	2.978340949880520e-01
1.450000000000000e+00	2.747708144522605e-01
1.450000000000000e+00	2.983895606653603e-01
1.450000000000000e+00	2.765695249611367e-01
1.450000000000000e+00	3.030766349018874e-01
1.450000000000000e+00	2.097974043234752e-01
1.450000000000000e+00	2.981694932938251e-01
1.450000000000000e+00	2.801515621169950e-01
1.450000000000000e+00	3.359983291343213e-01
1.450000000000000e+00	3.242296816975117e-01
1.450000000000000e+00	2.793379406477661e-01
1.450000000000000e+00	3.172951766487662e-01
1.450000000000000e+00	2.157361409895518e-01
1.450000000000000e+00	2.333653300131917e-01
1.450000000000000e+00	2.434047071227310e-01
1.450000000000000e+00	1.897127253503283e-01
1.450000000000000e+00	2.947878434408849e-01
1.450000000000000e+00	3.197594221782849e-01
1.450000000000000e+00	3.002115899008657e-01
1.450000000000000e+00	3.009616341603709e-01
1.450000000000000e+00	3.061228710684983e-01
1.450000000000000e+00	2.960130354977920e-01
1.450000000000000e+00	2.824849434150268e-01
1.450000000000000e+00	3.181024781063483e-01
1.450000000000000e+00	2.798525239628099e-01
1.450000000000000e+00	3.409820726077877e-01
1.450000000000000e+00	2.978507804639569e-01
1.450000000000000e+00	2.988076603760929e-01
1.450000000000000e+00	3.232079516893652e-01
1.450000000000000e+00	2.939397155719653e-01
1.450000000000000e+00	3.009636335842341e-01
1.450000000000000e+00	2.848991862384466e-01
1.450000000000000e+00	3.566175332701046e-01
1.450000000000000e+00	3.229405187548662e-01
1.450000000000000e+00	3.077405562381182e-01
1.450000000000000e+00	3.741321140828954e-01
1.450000000000000e+00	2.634679663337098e-01
1.450000000000000e+00	2.975841501039145e-01
1.450000000000000e+00	3.328210976291384e-01
1.450000000000000e+00	3.288838845481012e-01
1.450000000000000e+00	3.438848705612730e-01
1.450000000000000e+00	2.519909540281801e-01
1.450000000000000e+00	2.911466184634631e-01
1.450000000000000e+00	3.215070428380538e-01
1.450000000000000e+00	3.082608967610635e-01
1.450000000000000e+00	3.420240156336571e-01
1.450000000000000e+00	3.524928377952103e-01
1.450000000000000e+00	3.757733605549154e-01
1.450000000000000e+00	2.941215839296520e-01
1.450000000000000e+00	2.717234127638333e-01
1.450000000000000e+00	3.691686060783837e-01
1.450000000000000e+00	2.883045463522633e-01
1.450000000000000e+00	3.075772316748741e-01
1.450000000000000e+00	3.298817411137366e-01
1.450000000000000e+00	2.598374036752002e-01
1.450000000000000e+00	2.934444617870871e-01
1.450000000000000e+00	2.721420731524574e-01
1.450000000000000e+00	3.104335990795027e-01
1.450000000000000e+00	3.792146568092924e-01
1.450000000000000e+00	3.086053251934932e-01
1.450000000000000e+00	3.093541554682663e-01
1.450000000000000e+00	2.583401037429560e-01
1.450000000000000e+00	1.845872122812139e-01
1.450000000000000e+00	2.845417836578011e-01
1.450000000000000e+00	3.393586389028502e-01
1.450000000000000e+00	3.071986046020238e-01
1.450000000000000e+00	2.652398913531082e-01
1.450000000000000e+00	2.668399296763795e-01
1.450000000000000e+00	3.071168877512538e-01
1.450000000000000e+00	3.094395453775137e-01
1.450000000000000e+00	3.032020087961921e-01
1.450000000000000e+00	2.665074916189181e-01
1.450000000000000e+00	3.467091472036656e-01
1.450000000000000e+00	3.530488324767238e-01
1.450000000000000e+00	3.176477102052192e-01
1.450000000000000e+00	3.138299826740885e-01
1.450000000000000e+00	3.329371795773240e-01
1.450000000000000e+00	3.784991093787244e-01
1.450000000000000e+00	2.572963171777577e-01
1.450000000000000e+00	3.084069343953255e-01
1.450000000000000e+00	3.330719910184964e-01
1.450000000000000e+00	3.365888149398588e-01
1.450000000000000e+00	3.859641931451775e-01
1.450000000000000e+00	2.396845170283921e-01
1.450000000000000e+00	3.368075895781917e-01
1.450000000000000e+00	3.345300786692279e-01
1.450000000000000e+00	2.483297074588416e-01
1.450000000000000e+00	3.557689479144475e-01
1.450000000000000e+00	2.833303949824132e-01
1.450000000000000e+00	3.154377795352069e-01
1.450000000000000e+00	3.428505577992034e-01
1.450000000000000e+00	3.040667337784400e-01
1.450000000000000e+00	2.969228102769152e-01
1.450000000000000e+00	2.728526836545496e-01
1.450000000000000e+00	2.517960191627982e-01
1.450000000000000e+00	3.017443004644008e-01
1.450000000000000e+00	3.500668573760876e-01
1.450000000000000e+00	3.378181403685364e-01
1.450000000000000e+00	2.702596091033057e-01
1.450000000000000e+00	3.198963112358388e-01
1.450000000000000e+00	3.239360142420608e-01
1.450000000000000e+00	2.376221044332977e-01
1.450000000000000e+00	2.915235886128912e-01
1.450000000000000e+00	2.912142548425842e-01
1.450000000000000e+00	3.268695821304977e-01
1.450000000000000e+00	2.593287848632040e-01
1.450000000000000e+00	3.013546780906821e-01
1.450000000000000e+00	3.773833477625401e-01
1.450000000000000e+00	3.621099527739114e-01
1.450000000000000e+00	3.723801837644629e-01
1.450000000000000e+00	3.515975056009040e-01
1.450000000000000e+00	2.904204152694444e-01
1.450000000000000e+00	2.660238310677833e-01
1.450000000000000e+00	2.615952469712440e-01
1.450000000000000e+00	3.298226511430572e-01
1.450000000000000e+00	2.828531208338025e-01
1.450000000000000e+00	3.430440923862799e-01
1.450000000000000e+00	2.697012667313065e-01
1.450000000000000e+00	3.255193158913809e-01
1.450000000000000e+00	3.157747365819564e-01
1.450000000000000e+00	3.263876564422151e-01
1.450000000000000e+00	3.291636222184717e-01
1.450000000000000e+00	3.324430169196531e-01
1.450000000000000e+00	3.443327377725533e-01
1.450000000000000e+00	2.525407793342219e-01
1.450000000000000e+00	2.906592492793151e-01
1.450000000000000e+00	2.700419441838916e-01
1.450000000000000e+00	3.087064684525098e-01
1.450000000000000e+00	3.498251329605432e-01
1.450000000000000e+00	2.979735503324750e-01
1.450000000000000e+00	3.115647008609348e-01
1.450000000000000e+00	2.938803927275754e-01
1.450000000000000e+00	3.130680869321253e-01
1.450000000000000e+00	3.169283154071092e-01
1.450000000000000e+00	3.155919807696760e-01
1.450000000000000e+00	2.976403746787811e-01
1.450000000000000e+00	3.237069011614155e-01
1.450000000000000e+00	2.919327077971065e-01
1.450000000000000e+00	3.365703069804882e-01
1.450000000000000e+00	4.195214617285213e-01
1.450000000000000e+00	3.147600159096934e-01
1.450000000000000e+00	3.152762921225323e-01
1.450000000000000e+00	3.246357546903180e-01
1.450000000000000e+00	3.079497081124489e-01
1.450000000000000e+00	3.521819717772905e-01
1.450000000000000e+00	3.468592999563729e-01
1.450000000000000e+00	3.593868090765862e-01
1.450000000000000e+00	3.261592557381836e-01
1.450000000000000e+00	3.731009514858486e-01
1.450000000000000e+00	3.600706572120629e-01
1.450000000000000e+00	3.423257299309925e-01
1.450000000000000e+00	3.421751762658000e-01
1.450000000000000e+00	2.724066138561055e-01
1.450000000000000e+00	3.115416900580115e-01
1.450000000000000e+00	3.330606932167016e-01
1.450000000000000e+00	3.240550936178591e-01
1.450000000000000e+00	3.492762719337470e-01
1.450000000000000e+00	3.490201270811622e-01
1.450000000000000e+00	3.019289628293334e-01
1.450000000000000e+00	2.579168180653759e-01
1.450000000000000e+00	3.112111014080987e-01
1.450000000000000e+00	2.514975195624453e-01
1.450000000000000e+00	2.449160625879959e-01
1.450000000000000e+00	3.664007141042883e-01
1.450000000000000e+00	3.468736453229874e-01
1.450000000000000e+00	2.704509376773811e-01
1.450000000000000e+00	3.207914077872882e-01
1.450000000000000e+00	2.843282939482606e-01
1.450000000000000e+00	3.128752283667947e-01
1.450000000000000e+00	2.815589898674394e-01
1.450000000000000e+00	2.779650081015881e-01
1.450000000000000e+00	3.277294293278120e-01
1.450000000000000e+00	3.465038241041006e-01
1.450000000000000e+00	3.438422379053500e-01
1.450000000000000e+00	3.409559647612738e-01
1.450000000000000e+00	2.460166714716711e-01
1.450000000000000e+00	2.811580669522131e-01
1.450000000000000e+00	3.219465864912356e-01
1.450000000000000e+00	3.236082245005442e-01
1.450000000000000e+00	3.807637422308464e-01
1.450000000000000e+00	3.061527524334126e-01
1.450000000000000e+00	3.090140677447958e-01
1.450000000000000e+00	3.137759276815656e-01
1.450000000000000e+00	3.539775367159317e-01
1.450000000000000e+00	3.569419508824888e-01
1.450000000000000e+00	2.139779380379839e-01
1.450000000000000e+00	3.596926222945538e-01
1.450000000000000e+00	2.159702348137503e-01
1.450000000000000e+00	3.564092747101429e-01
1.450000000000000e+00	2.775011494408364e-01
1.450000000000000e+00	2.420035733307231e-01
1.450000000000000e+00	2.861278378573942e-01
1.450000000000000e+00	3.102947705407769e-01
1.450000000000000e+00	2.970294222145028e-01
1.450000000000000e+00	2.925148506604743e-01
1.450000000000000e+00	2.921158791387057e-01
1.450000000000000e+00	3.003604281815471e-01
1.450000000000000e+00	3.238670432501596e-01
1.450000000000000e+00	3.328946071706473e-01
1.450000000000000e+00	3.060689563297050e-01
1.450000000000000e+00	3.808248623775072e-01
1.450000000000000e+00	3.140588628039600e-01
1.450000000000000e+00	2.689512122233901e-01
1.450000000000000e+00	2.758138051511802e-01
1.450000000000000e+00	2.536180640838178e-01
1.450000000000000e+00	3.251285018371551e-01
1.450000000000000e+00	2.963244736355786e-01
1.450000000000000e+00	2.891650750678237e-01
1.450000000000000e+00	3.822808782169996e-01
1.450000000000000e+00	3.515692893300061e-01
1.450000000000000e+00	4.171627713029303e-01
1.450000000000000e+00	3.457216979696691e-01
1.450000000000000e+00	2.436571372852264e-01
1.450000000000000e+00	3.066722246224802e-01
1.450000000000000e+00	2.972466142300438e-01
1.450000000000000e+00	2.882963978776822e-01
1.450000000000000e+00	2.945121674818191e-01
1.450000000000000e+00	3.418508126180469e-01
1.450000000000000e+00	3.114776272755626e-01
1.450000000000000e+00	3.527591709576735e-01
1.450000000000000e+00	3.065091427265924e-01
1.450000000000000e+00	3.096889592462050e-01
1.450000000000000e+00	3.214142179285440e-01
1.450000000000000e+00	3.691779048621202e-01
1.450000000000000e+00	3.111269420184007e-01
1.450000000000000e+00	3.018011482471927e-01
1.450000000000000e+00	3.455689754567753e-01
1.450000000000000e+00	3.203440893651970e-01
1.450000000000000e+00	3.049194749489887e-01
1.450000000000000e+00	3.458656445562243e-01
1.450000000000000e+00	2.754342289036105e-01
1.450000000000000e+00	3.166988531503652e-01
1.450000000000000e+00	2.970492483075850e-01
1.450000000000000e+00	2.776697968159936e-01
1.450000000000000e+00	3.048950857804207e-01
1.450000000000000e+00	2.573733466262341e-01
1.450000000000000e+00	3.260128660935626e-01
1.450000000000000e+00	3.222141098373011e-01
1.450000000000000e+00	3.669039972442954e-01
1.450000000000000e+00	2.913429735256461e-01
1.450000000000000e+00	3.115130687228534e-01
1.450000000000000e+00	3.253402528666082e-01
1.450000000000000e+00	3.024372260862950e-01
1.450000000000000e+00	2.436376592656335e-01
1.450000000000000e+00	2.552686287121284e-01
1.450000000000000e+00	2.804612609777032e-01
1.450000000000000e+00	2.896268000593433e-01
1.450000000000000e+00	2.449481259589509e-01
1.450000000000000e+00	3.025780439116343e-01
1.450000000000000e+00	3.385009574900715e-01
1.450000000000000e+00	2.949737516451425e-01
1.450000000000000e+00	3.817477653617514e-01
1.450000000000000e+00	3.343053817928217e-01
1.450000000000000e+00	3.679471410460143e-01
1.450000000000000e+00	3.027951862059846e-01
1.450000000000000e+00	3.565401644248259e-01
1.450000000000000e+00	3.470572770526590e-01
1.450000000000000e+00	3.244351889905009e-01
1.450000000000000e+00	2.995862060570583e-01
1.450000000000000e+00	2.616989183605338e-01
1.450000000000000e+00	3.265462308446049e-01
1.450000000000000e+00	3.041311617680074e-01
1.450000000000000e+00	2.907146755582899e-01
1.450000000000000e+00	3.612672518347621e-01
1.450000000000000e+00	3.067972329990082e-01
1.450000000000000e+00	2.317649062020023e-01
1.450000000000000e+00	2.485453854990742e-01
1.450000000000000e+00	3.311149155305768e-01
1.450000000000000e+00	3.415566063357668e-01
1.450000000000000e+00	2.767790349445894e-01
1.450000000000000e+00	3.552368281635066e-01
1.450000000000000e+00	3.044727624562927e-01
1.450000000000000e+00	2.423195061893961e-01
1.450000000000000e+00	2.896897318281957e-01
1.450000000000000e+00	3.788472397465006e-01
1.450000000000000e+00	2.924808246299462e-01
1.450000000000000e+00	2.915277722831832e-01
1.450000000000000e+00	3.146939002909023e-01
1.450000000000000e+00	3.004050648225488e-01
1.450000000000000e+00	3.018033619685175e-01
1.450000000000000e+00	3.344468086926022e-01
1.450000000000000e+00	2.535580409384329e-01
1.450000000000000e+00	2.375879735715680e-01
1.450000000000000e+00	3.706450523307384e-01
1.450000000000000e+00	3.355607600961351e-01
1.450000000000000e+00	2.987506208263001e-01
1.450000000000000e+00	2.930472955559654e-01
1.450000000000000e+00	2.713511509826027e-01
1.450000000000000e+00	3.083438401560852e-01
1.450000000000000e+00	3.484627796885030e-01
1.450000000000000e+00	3.173455097962020e-01
1.450000000000000e+00	3.502023848126161e-01
1.450000000000000e+00	2.975917744141403e-01
1.450000000000000e+00	2.804665629242155e-01
1.450000000000000e+00	3.182367208031301e-01
1.450000000000000e+00	3.193556910638708e-01
1.450000000000000e+00	2.255433625791423e-01
1.450000000000000e+00	3.334264535332937e-01
1.450000000000000e+00	3.293584363064486e-01
1.450000000000000e+00	3.902939367567212e-01
1.450000000000000e+00	3.070466172417355e-01
1.450000000000000e+00	3.501946236662014e-01
1.450000000000000e+00	3.674075948545761e-01
1.450000000000000e+00	2.428673453338495e-01
1.450000000000000e+00	2.918992994857564e-01
1.450000000000000e+00	2.620776982712953e-01
1.450000000000000e+00	3.120291684824178e-01
1.450000000000000e+00	3.416831768914879e-01
1.450000000000000e+00	3.217043980266356e-01
1.450000000000000e+00	3.579772270773666e-01
1.450000000000000e+00	3.205940871898684e-01
1.450000000000000e+00	2.749512975267749e-01
1.450000000000000e+00	2.312718921840850e-01
1.450000000000000e+00	3.596275231335945e-01
1.450000000000000e+00	3.619710936823219e-01
1.450000000000000e+00	3.376437675872502e-01
1.450000000000000e+00	3.516055090545016e-01
1.450000000000000e+00	3.534134184272672e-01
1.450000000000000e+00	3.022940665377972e-01
1.450000000000000e+00	3.213199009804477e-01
1.450000000000000e+00	2.961979270515966e-01
1.450000000000000e+00	2.840484134877453e-01
1.450000000000000e+00	2.481525385935535e-01
1.450000000000000e+00	3.276278289287988e-01
1.450000000000000e+00	2.843976166653975e-01
1.450000000000000e+00	3.216870812277124e-01
1.450000000000000e+00	3.026077343328005e-01
1.450000000000000e+00	2.661595158037616e-01
1.450000000000000e+00	3.275784617402376e-01
1.450000000000000e+00	2.936376535637558e-01
1.450000000000000e+00	3.260913803707580e-01
1.450000000000000e+00	2.454392947202062e-01
1.450000000000000e+00	3.538886659043833e-01
1.450000000000000e+00	3.479357244456464e-01
1.450000000000000e+00	3.255720428580965e-01
1.450000000000000e+00	3.389970187686953e-01
1.450000000000000e+00	2.438163121309588e-01
1.450000000000000e+00	2.652371042016775e-01
1.450000000000000e+00	3.345863377144883e-01
1.450000000000000e+00	3.969693410083854e-01
1.450000000000000e+00	3.594789803970799e-01
1.450000000000000e+00	2.599221063697346e-01
1.450000000000000e+00	2.640569690255969e-01
1.450000000000000e+00	3.622768239099980e-01
1.450000000000000e+00	2.505299189126853e-01
1.450000000000000e+00	2.715412216575483e-01
1.450000000000000e+00	3.555061553003691e-01
1.450000000000000e+00	3.433815201541097e-01
1.450000000000000e+00	3.719139557293644e-01
1.450000000000000e+00	3.155393367452405e-01
1.450000000000000e+00	3.428557675843876e-01
1.450000000000000e+00	2.521196618277368e-01
1.450000000000000e+00	2.721954377784106e-01
1.450000000000000e+00	3.086644025010327e-01
1.450000000000000e+00	2.923605779112056e-01
1.450000000000000e+00	3.024255591893830e-01
1.450000000000000e+00	3.243320255355979e-01
1.450000000000000e+00	3.371195379978042e-01
1.450000000000000e+00	3.009125599379333e-01
1.450000000000000e+00	2.731210301524600e-01
1.450000000000000e+00	3.787627529902221e-01
1.450000000000000e+00	3.060861486614788e-01
1.450000000000000e+00	3.373219254195967e-01
1.450000000000000e+00	3.181642835492560e-01
1.450000000000000e+00	2.883513302303432e-01
1.450000000000000e+00	2.385759009235290e-01
1.450000000000000e+00	3.022502246160487e-01
1.450000000000000e+00	3.231380592563004e-01
1.450000000000000e+00	3.846724567534579e-01
1.450000000000000e+00	2.870587000816928e-01
1.450000000000000e+00	3.257605175415548e-01
1.450000000000000e+00	3.133456840296107e-01
1.450000000000000e+00	2.583298007101809e-01
1.450000000000000e+00	3.769051982221132e-01
1.450000000000000e+00	2.759302191821670e-01
1.450000000000000e+00	2.719449676497003e-01
1.450000000000000e+00	3.416897283193432e-01
1.450000000000000e+00	3.012352791347317e-01
1.450000000000000e+00	2.826878845125683e-01
1.450000000000000e+00	3.152918910715337e-01
1.450000000000000e+00	3.559310044085640e-01
1.450000000000000e+00	2.881428344511874e-01
1.450000000000000e+00	3.368126101239396e-01
1.450000000000000e+00	2.985676733566400e-01
1.450000000000000e+00	3.502914057190553e-01
1.450000000000000e+00	3.057355908701537e-01
1.450000000000000e+00	3.244883493493763e-01
1.450000000000000e+00	3.201067773773266e-01
1.450000000000000e+00	2.614236538714053e-01
1.450000000000000e+00	3.301743972405362e-01
1.450000000000000e+00	3.308272582225232e-01
1.450000000000000e+00	2.989722110637735e-01
1.450000000000000e+00	2.911847446319449e-01
1.450000000000000e+00	3.655245586677427e-01
1.450000000000000e+00	3.321927181995680e-01
1.450000000000000e+00	2.566312135602327e-01
1.450000000000000e+00	2.524952419002132e-01
1.450000000000000e+00	2.944788840667084e-01
1.450000000000000e+00	3.340014528403982e-01
1.450000000000000e+00	3.169711037700086e-01
1.450000000000000e+00	3.105142917866056e-01
1.450000000000000e+00	3.021741419082958e-01
1.450000000000000e+00	2.483417949805446e-01
1.450000000000000e+00	3.977039857303631e-01
1.450000000000000e+00	2.463357612508839e-01
1.450000000000000e+00	3.406728124331866e-01
1.450000000000000e+00	3.573117412553284e-01
1.450000000000000e+00	3.301755827427648e-01
1.450000000000000e+00	2.831956961580948e-01
1.450000000000000e+00	4.101290768865563e-01
1.450000000000000e+00	2.947500885297445e-01
1.450000000000000e+00	2.981605784423503e-01
1.450000000000000e+00	2.927241143598559e-01
1.450000000000000e+00	3.262285149730449e-01
1.450000000000000e+00	3.268233564532287e-01
1.450000000000000e+00	3.007827295955329e-01
1.450000000000000e+00	3.116198382076705e-01
1.450000000000000e+00	2.869858948589745e-01
1.450000000000000e+00	3.278123778767937e-01
1.450000000000000e+00	2.570618652129830e-01
1.450000000000000e+00	3.213341597887515e-01
1.450000000000000e+00	2.927295529886741e-01
1.450000000000000e+00	3.374475505586817e-01
1.450000000000000e+00	2.705161521264703e-01
1.450000000000000e+00	2.864636970867609e-01
1.450000000000000e+00	2.956402866758795e-01
1.450000000000000e+00	2.857301496674753e-01
1.450000000000000e+00	3.229542330406017e-01
1.450000000000000e+00	3.899478410611290e-01
1.450000000000000e+00	2.637320595019950e-01
1.450000000000000e+00	3.368522958132436e-01
1.450000000000000e+00	3.561494965297282e-01
1.450000000000000e+00	3.030396825476230e-01
1.450000000000000e+00	3.158474971371359e-01
1.450000000000000e+00	3.138303413110851e-01
1.450000000000000e+00	2.613200809472019e-01
1.450000000000000e+00	3.698500104927256e-01
1.450000000000000e+00	2.751833248778944e-01
1.450000000000000e+00	2.269936214816582e-01
1.450000000000000e+00	3.160623574071773e-01
1.450000000000000e+00	2.380864358803704e-01
1.450000000000000e+00	2.840968263604324e-01
1.450000000000000e+00	3.603416756841497e-01
1.450000000000000e+00	2.753903412443299e-01
1.450000000000000e+00	3.022153237549740e-01
1.450000000000000e+00	2.940350676207325e-01
1.450000000000000e+00	3.048679366245998e-01
1.450000000000000e+00	2.909899439313591e-01
1.450000000000000e+00	2.988758965131807e-01
1.450000000000000e+00	2.374452383979014e-01
1.450000000000000e+00	2.633826457944818e-01
1.450000000000000e+00	3.062962156537125e-01
1.450000000000000e+00	2.877463811879147e-01
1.450000000000000e+00	3.990303569039539e-01
1.450000000000000e+00	3.008901277174523e-01
1.450000000000000e+00	3.015556630794826e-01
1.450000000000000e+00	2.753575971766961e-01
1.450000000000000e+00	3.330391433564150e-01
1.450000000000000e+00	2.429803052669519e-01
1.450000000000000e+00	3.177051657278364e-01
1.450000000000000e+00	2.922690257047841e-01
1.450000000000000e+00	3.222745862542734e-01
1.450000000000000e+00	3.921946269423875e-01
1.450000000000000e+00	3.087461388776246e-01
1.450000000000000e+00	3.871091215069611e-01
1.450000000000000e+00	3.389474996398832e-01
1.450000000000000e+00	3.781235388190736e-01
1.450000000000000e+00	3.246245766897631e-01
1.450000000000000e+00	3.466340120282035e-01
1.450000000000000e+00	2.529404906230315e-01
1.450000000000000e+00	3.546978567748971e-01
1.450000000000000e+00	3.100514513948832e-01
1.450000000000000e+00	3.790481191913603e-01
1.450000000000000e+00	3.105899250909221e-01
1.450000000000000e+00	3.187212651409303e-01
1.450000000000000e+00	3.367390493115078e-01
1.450000000000000e+00	3.494561224727472e-01
1.450000000000000e+00	3.066037146617490e-01
1.450000000000000e+00	2.915504157403458e-01
1.450000000000000e+00	2.972183808017357e-01
1.450000000000000e+00	2.924400063219362e-01
1.450000000000000e+00	3.312381496269518e-01
1.450000000000000e+00	3.341991140124235e-01
1.450000000000000e+00	2.281028941961921e-01
1.450000000000000e+00	3.207267991462828e-01
1.450000000000000e+00	2.982464626468660e-01
1.450000000000000e+00	2.860254901620055e-01
1.450000000000000e+00	2.267025024265661e-01
1.450000000000000e+00	3.091022116448269e-01
1.450000000000000e+00	2.686557702683139e-01
1.450000000000000e+00	3.186522949925986e-01
1.450000000000000e+00	3.128480972306193e-01
1.450000000000000e+00	2.415468738340402e-01
1.450000000000000e+00	2.837399198604593e-01
1.450000000000000e+00	3.448393369365600e-01
1.450000000000000e+00	3.468149001155441e-01
1.450000000000000e+00	3.293465118901398e-01
1.450000000000000e+00	3.475466539886974e-01
1.450000000000000e+00	3.171725550478613e-01
1.450000000000000e+00	3.351531243098332e-01
1.450000000000000e+00	3.790202446786385e-01
1.450000000000000e+00	2.909684075665167e-01
1.450000000000000e+00	3.945109674330214e-01
1.450000000000000e+00	3.712519902470347e-01
1.450000000000000e+00	2.015855529986446e-01
1.450000000000000e+00	3.326487276913830e-01
1.450000000000000e+00	3.426520297726861e-01
1.450000000000000e+00	3.183652768996385e-01
1.450000000000000e+00	2.670497344767095e-01
1.450000000000000e+00	3.008526656436226e-01
1.450000000000000e+00	2.928022512111749e-01
1.450000000000000e+00	2.213951911072286e-01
1.450000000000000e+00	2.173628037968564e-01
1.450000000000000e+00	3.184938898940958e-01
1.450000000000000e+00	3.425390120090686e-01
1.450000000000000e+00	3.184289904905328e-01
1.450000000000000e+00	2.492123954306589e-01
1.450000000000000e+00	2.658482711101045e-01
1.450000000000000e+00	2.587324331058769e-01
1.450000000000000e+00	2.708678570013698e-01
1.450000000000000e+00	3.128517185566937e-01
1.450000000000000e+00	3.445033154276385e-01
1.450000000000000e+00	3.553115746415143e-01
1.450000000000000e+00	2.473575205421541e-01
1.450000000000000e+00	3.870982287004713e-01
1.450000000000000e+00	2.283406044725782e-01
1.450000000000000e+00	3.113121020071434e-01
1.450000000000000e+00	2.538597752157944e-01
1.450000000000000e+00	2.551344558471468e-01
1.450000000000000e+00	3.189797521577789e-01
1.450000000000000e+00	3.042917073890134e-01
1.450000000000000e+00	3.283477960881444e-01
1.450000000000000e+00	3.081079205320150e-01
1.450000000000000e+00	3.772173248349399e-01
1.450000000000000e+00	2.813884252034202e-01
1.450000000000000e+00	3.000229255406904e-01
1.450000000000000e+00	3.335924441254253e-01
1.450000000000000e+00	3.311189308486625e-01
1.450000000000000e+00	3.091000583964241e-01
1.450000000000000e+00	3.479785593400352e-01
1.450000000000000e+00	2.500303234372308e-01
1.450000000000000e+00	2.684170717099786e-01
1.450000000000000e+00	3.248424301527484e-01
1.450000000000000e+00	3.283406911367213e-01
1.450000000000000e+00	3.107368540562835e-01
1.450000000000000e+00	3.436986428677181e-01
1.450000000000000e+00	3.230372477004786e-01
1.450000000000000e+00	3.125908294225698e-01
1.450000000000000e+00	3.287015079518401e-01
1.450000000000000e+00	2.387627260999029e-01
1.450000000000000e+00	2.556897425521719e-01
1.450000000000000e+00	2.711170418098476e-01
1.450000000000000e+00	3.287926396183902e-01
1.450000000000000e+00	3.660913778534182e-01
1.450000000000000e+00	3.081039307851145e-01
1.450000000000000e+00	2.984946426832528e-01
1.450000000000000e+00	2.627775806799502e-01
1.450000000000000e+00	3.154634740262515e-01
1.450000000000000e+00	2.758374025486661e-01
1.450000000000000e+00	3.922133697340462e-01
1.450000000000000e+00	2.963881850609924e-01
1.450000000000000e+00	2.967554851708077e-01
1.450000000000000e+00	3.119095168978750e-01
1.450000000000000e+00	2.955371406960302e-01
1.450000000000000e+00	3.101322272495067e-01
1.450000000000000e+00	2.762739508549785e-01
1.450000000000000e+00	2.953661735102866e-01
1.450000000000000e+00	2.928903535329734e-01
1.450000000000000e+00	2.869325954236741e-01
1.450000000000000e+00	3.083280252672125e-01
1.450000000000000e+00	3.539815045614699e-01
1.450000000000000e+00	3.176769218774192e-01
1.450000000000000e+00	2.254578154070361e-01
1.450000000000000e+00	2.436632177828716e-01
1.450000000000000e+00	2.391009883182945e-01
1.450000000000000e+00	2.516898284127297e-01
1.450000000000000e+00	2.539238901131738e-01
1.450000000000000e+00	2.807018065424058e-01
1.450000000000000e+00	2.532091622901306e-01
1.450000000000000e+00	3.120239732201028e-01
1.450000000000000e+00	3.664527828647930e-01
1.450000000000000e+00	3.115151953731244e-01
1.450000000000000e+00	2.955528179371676e-01
1.450000000000000e+00	3.419405563432983e-01
1.450000000000000e+00	2.981000184280615e-01
1.450000000000000e+00	3.282117292802310e-01
1.450000000000000e+00	2.508715801886913e-01
1.450000000000000e+00	2.633891023507829e-01
1.450000000000000e+00	3.156775650031923e-01
1.450000000000000e+00	2.944221846148443e-01
1.450000000000000e+00	3.738331615626179e-01
1.450000000000000e+00	3.139410165735329e-01
1.450000000000000e+00	3.240586457876026e-01
1.450000000000000e+00	3.335145278987001e-01
1.450000000000000e+00	2.957445098112757e-01
1.450000000000000e+00	2.968785111082684e-01
1.450000000000000e+00	3.036511052893419e-01
1.450000000000000e+00	3.355830277486824e-01
1.450000000000000e+00	2.608695007452058e-01
1.450000000000000e+00	3.150372140706982e-01
1.450000000000000e+00	2.582885610124953e-01
1.450000000000000e+00	3.671409970610834e-01
1.450000000000000e+00	2.736598042202071e-01
1.450000000000000e+00	3.001735741313561e-01
1.450000000000000e+00	3.179748533041970e-01
1.450000000000000e+00	3.498767445810233e-01
1.450000000000000e+00	3.177410242742715e-01
1.450000000000000e+00	2.814630297000847e-01
1.450000000000000e+00	3.115031175772334e-01
1.450000000000000e+00	3.064038708788707e-01
1.450000000000000e+00	3.182074014839548e-01
1.450000000000000e+00	2.911858276747464e-01
1.450000000000000e+00	2.440731812194349e-01
1.450000000000000e+00	3.254437567045184e-01
1.450000000000000e+00	3.090573295384562e-01
1.450000000000000e+00	3.789719459804214e-01
1.450000000000000e+00	3.114940013254840e-01
1.450000000000000e+00	3.205573264954212e-01
1.450000000000000e+00	3.911896453928688e-01
1.450000000000000e+00	2.483110865899943e-01
1.450000000000000e+00	2.879255849254733e-01
1.450000000000000e+00	3.095139401531810e-01
1.450000000000000e+00	2.971404455377566e-01
1.450000000000000e+00	3.776783884557378e-01
1.450000000000000e+00	3.067902615299157e-01
1.450000000000000e+00	2.764251400247417e-01
1.450000000000000e+00	3.117503948543058e-01
1.450000000000000e+00	3.150919208766592e-01
1.450000000000000e+00	2.950750134414349e-01
1.450000000000000e+00	3.361984977652508e-01
1.450000000000000e+00	3.186635609487942e-01
1.450000000000000e+00	2.846408526329218e-01
1.450000000000000e+00	2.971975176532366e-01
1.450000000000000e+00	2.926704730154518e-01
1.450000000000000e+00	3.417999043769070e-01
1.450000000000000e+00	3.249383433374413e-01
1.450000000000000e+00	3.859757939813425e-01
1.450000000000000e+00	2.218086578805684e-01
1.450000000000000e+00	2.897344390239883e-01
1.450000000000000e+00	3.476871130109188e-01
1.450000000000000e+00	3.740118196570272e-01
1.450000000000000e+00	3.102380604974807e-01
1.450000000000000e+00	3.110121111465644e-01
1.450000000000000e+00	2.821482967784515e-01
1.450000000000000e+00	2.844037230728400e-01
1.450000000000000e+00	2.738147993470518e-01
1.450000000000000e+00	3.120919416696240e-01
1.450000000000000e+00	3.851659265408722e-01
1.450000000000000e+00	2.390099009499465e-01
1.450000000000000e+00	3.010341191937626e-01
1.450000000000000e+00	2.852606828451991e-01
1.450000000000000e+00	3.253780030543987e-01
1.450000000000000e+00	2.850329310330135e-01
1.450000000000000e+00	3.017053268145638e-01
1.450000000000000e+00	3.395094202512427e-01
1.450000000000000e+00	3.112836826867626e-01
1.450000000000000e+00	3.077236392827987e-01
1.450000000000000e+00	3.004479813893687e-01
1.450000000000000e+00	2.994619104366681e-01
1.450000000000000e+00	3.359641260169014e-01
1.450000000000000e+00	2.395580813937580e-01
1.450000000000000e+00	3.333353385736810e-01
1.450000000000000e+00	2.801349770705636e-01
1.450000000000000e+00	3.667334362917931e-01
1.450000000000000e+00	2.670073924631406e-01
1.450000000000000e+00	3.048745483609711e-01
1.450000000000000e+00	4.225544509768799e-01
1.450000000000000e+00	3.523170637850815e-01
1.450000000000000e+00	2.786675607269064e-01
1.450000000000000e+00	3.179360976841147e-01
1.450000000000000e+00	3.005518461473596e-01
1.450000000000000e+00	2.930211057589035e-01
1.450000000000000e+00	3.204883991710419e-01
1.450000000000000e+00	3.643285042160392e-01
1.450000000000000e+00	2.994324064277876e-01
1.450000000000000e+00	2.819893045222108e-01
1.450000000000000e+00	2.958037321248726e-01
1.450000000000000e+00	3.420655299197391e-01
1.450000000000000e+00	2.867728002180478e-01
1.450000000000000e+00	2.947394879028657e-01
1.450000000000000e+00	2.464360601919106e-01
1.450000000000000e+00	3.148749797704202e-01
1.450000000000000e+00	3.729770395417434e-01
1.450000000000000e+00	3.649529645090835e-01
1.450000000000000e+00	3.193785797382728e-01
1.450000000000000e+00	2.828590682153660e-01
1.450000000000000e+00	2.777485277626071e-01
1.450000000000000e+00	3.051783397905372e-01
1.450000000000000e+00	2.934338667001988e-01
1.450000000000000e+00	3.354933373409338e-01
1.450000000000000e+00	3.333985399353888e-01
1.450000000000000e+00	3.163317403515380e-01
1.450000000000000e+00	2.332269187925317e-01
1.450000000000000e+00	3.515778064293619e-01
1.450000000000000e+00	3.289599885529451e-01
1.450000000000000e+00	3.623950191883286e-01
1.450000000000000e+00	2.792468530386919e-01
1.450000000000000e+00	3.052175061361339e-01
1.450000000000000e+00	3.426205388975475e-01
1.450000000000000e+00	3.383803045592531e-01
1.450000000000000e+00	3.144645451558796e-01
1.450000000000000e+00	3.053709863499821e-01
1.450000000000000e+00	3.059160371492687e-01
1.450000000000000e+00	2.801950876318622e-01
1.450000000000000e+00	3.516386775998610e-01
1.450000000000000e+00	3.304164207215923e-01
1.450000000000000e+00	3.307325123617165e-01
1.450000000000000e+00	2.824998509655695e-01
1.450000000000000e+00	3.898889174276260e-01
1.450000000000000e+00	2.819268508535425e-01
1.450000000000000e+00	3.287613590916768e-01
1.450000000000000e+00	3.383903638156910e-01
1.450000000000000e+00	3.792212337624498e-01
1.450000000000000e+00	2.916410408812161e-01
1.450000000000000e+00	2.556732092242759e-01
1.450000000000000e+00	2.545622284499132e-01
1.450000000000000e+00	3.329256892812948e-01
1.450000000000000e+00	3.184249141606207e-01
1.450000000000000e+00	3.185438403974640e-01
1.450000000000000e+00	2.466552807406129e-01
1.450000000000000e+00	2.905408668615823e-01
1.450000000000000e+00	3.275730023331193e-01
1.450000000000000e+00	2.621271303858686e-01
1.450000000000000e+00	2.742353519361953e-01
1.450000000000000e+00	2.737406433494895e-01
1.450000000000000e+00	2.856363760383685e-01
1.450000000000000e+00	3.207590735740478e-01
1.450000000000000e+00	3.532844336616471e-01
1.450000000000000e+00	3.270844234573881e-01
1.450000000000000e+00	2.972973048964338e-01
1.450000000000000e+00	3.168676481914955e-01
1.450000000000000e+00	2.692646498696173e-01
1.450000000000000e+00	2.890124744679345e-01
1.450000000000000e+00	3.031178536120308e-01
1.450000000000000e+00	3.853633584623727e-01
1.450000000000000e+00	3.335455580589720e-01
1.450000000000000e+00	3.349846892361212e-01
1.450000000000000e+00	3.167384871842910e-01
1.450000000000000e+00	3.212850495508953e-01
1.450000000000000e+00	3.080430764950641e-01
1.450000000000000e+00	2.992275231660494e-01
1.450000000000000e+00	2.104637207745417e-01
1.450000000000000e+00	2.446184355216646e-01
1.450000000000000e+00	3.137974096219240e-01
1.450000000000000e+00	2.925390725637123e-01
1.450000000000000e+00	2.824554894666150e-01
1.450000000000000e+00	2.654041435895022e-01
1.450000000000000e+00	2.970781011875490e-01
1.450000000000000e+00	3.018860072640437e-01
1.450000000000000e+00	2.643171337225074e-01
1.450000000000000e+00	3.127227989395829e-01
1.450000000000000e+00	3.042205079830247e-01
1.450000000000000e+00	2.849740598669975e-01
1.450000000000000e+00	2.686556549953551e-01
1.450000000000000e+00	2.910530851120178e-01
1.450000000000000e+00	2.856363686849240e-01
1.450000000000000e+00	3.023357959544591e-01
1.450000000000000e+00	2.774112137095077e-01
1.450000000000000e+00	3.061953130132321e-01
1.450000000000000e+00	3.095888718818841e-01
1.450000000000000e+00	2.662674410808204e-01
1.450000000000000e+00	2.824644560676139e-01
1.450000000000000e+00	3.178075697371666e-01
1.450000000000000e+00	3.265914454252847e-01
1.450000000000000e+00	2.661197338570775e-01
1.450000000000000e+00	3.473947821111519e-01
1.450000000000000e+00	2.478029088217842e-01
1.450000000000000e+00	2.563778317324102e-01
1.450000000000000e+00	2.705311701435659e-01
1.450000000000000e+00	3.171996019522956e-01
1.450000000000000e+00	3.246386021731125e-01
1.450000000000000e+00	2.677983607853019e-01
1.450000000000000e+00	2.707168993761470e-01
1.450000000000000e+00	3.580911243421407e-01
1.450000000000000e+00	2.857618020888414e-01
1.450000000000000e+00	3.326085196604724e-01
1.450000000000000e+00	3.484344555375274e-01
1.450000000000000e+00	3.382448798684314e-01
1.450000000000000e+00	3.512079219109906e-01
1.450000000000000e+00	3.507968087562061e-01
1.450000000000000e+00	2.951157683083441e-01
1.450000000000000e+00	2.709713331013037e-01
1.450000000000000e+00	3.104924289417934e-01
