3.100000000000000e+00	6.204296315971229e-01
3.100000000000000e+00	6.252317841364445e-01
3.100000000000000e+00	6.393499080893418e-01
3.100000000000000e+00	6.597643144759096e-01
3.100000000000000e+00	6.323924389957467e-01
3.100000000000000e+00	6.038066829763642e-01
3.100000000000000e+00	6.291141497987679e-01
3.100000000000000e+00	6.355777793629953e-01
3.100000000000000e+00	6.377707629807328e-01
3.100000000000000e+00	6.360132897361814e-01
3.100000000000000e+00	6.590654739460944e-01
3.100000000000000e+00	6.157938547761552e-01
3.100000000000000e+00	6.905286608324693e-01
3.100000000000000e+00	6.814144575948604e-01
3.100000000000000e+00	6.161543375320399e-01
3.100000000000000e+00	6.281196926218460e-01
3.100000000000000e+00	6.057851398893347e-01
3.100000000000000e+00	6.487431188138866e-01
3.100000000000000e+00	6.189495715969774e-01
3.100000000000000e+00	6.184061843806002e-01
3.100000000000000e+00	5.934742560523376e-01
3.100000000000000e+00	6.663988709840940e-01
3.100000000000000e+00	6.005943444035751e-01
3.100000000000000e+00	6.219591220066859e-01
3.100000000000000e+00	6.471212906155278e-01
3.100000000000000e+00	6.546226390733546e-01
3.100000000000000e+00	6.530338805355325e-01
3.100000000000000e+00	6.122609549733790e-01
3.100000000000000e+00	6.148133854164156e-01
3.100000000000000e+00	6.615774847417353e-01
3.100000000000000e+00	6.908728710636585e-01
3.100000000000000e+00	6.286523855284560e-01
3.100000000000000e+00	6.564437695980078e-01
3.100000000000000e+00	6.339235292866563e-01
3.100000000000000e+00	6.229491468331616e-01
3.100000000000000e+00	6.684908524344302e-01
3.100000000000000e+00	6.614451945558876e-01
3.100000000000000e+00	6.563022974758331e-01
3.100000000000000e+00	6.421470706819393e-01
3.100000000000000e+00	6.456898159731355e-01
3.100000000000000e+00	6.169312716079350e-01
3.100000000000000e+00	6.482163794841052e-01
3.100000000000000e+00	6.489624479289176e-01
3.100000000000000e+00	6.112350405772145e-01
3.100000000000000e+00	6.194756973474943e-01
3.100000000000000e+00	5.978543659139329e-01
3.100000000000000e+00	6.191599578820177e-01
3.100000000000000e+00	6.769947590583182e-01
3.100000000000000e+00	6.518714632086436e-01
3.100000000000000e+00	6.678894943209475e-01
3.100000000000000e+00	6.582898110038853e-01
3.100000000000000e+00	6.268321840950043e-01
3.100000000000000e+00	6.616097671324518e-01
3.100000000000000e+00	6.156832532449974e-01
3.100000000000000e+00	6.386343220278887e-01
3.100000000000000e+00	6.401142945655428e-01
3.100000000000000e+00	6.677986955576259e-01
3.100000000000000e+00	6.825311237142596e-01
3.100000000000000e+00	6.198847292757953e-01
3.100000000000000e+00	6.047276477623315e-01
3.100000000000000e+00	6.490779411826209e-01
3.100000000000000e+00	6.127426065839578e-01
3.100000000000000e+00	6.552308321594129e-01
3.100000000000000e+00	6.251491023278276e-01
3.100000000000000e+00	6.028614815577419e-01
3.100000000000000e+00	5.995208148048977e-01
3.100000000000000e+00	5.838896897639585e-01
3.100000000000000e+00	7.010586282479246e-01
3.100000000000000e+00	6.205226602106410e-01
3.100000000000000e+00	6.579755864883275e-01
3.100000000000000e+00	6.475215167768594e-01
3.100000000000000e+00	6.613609073517147e-01
3.100000000000000e+00	6.528087815562910e-01
3.100000000000000e+00	6.521819082507129e-01
3.100000000000000e+00	6.588559444996596e-01
3.100000000000000e+00	6.189628738897507e-01
3.100000000000000e+00	6.213483406805816e-01
3.100000000000000e+00	6.521709769264485e-01
3.100000000000000e+00	6.368657766023924e-01
3.100000000000000e+00	5.914379751244572e-01
3.100000000000000e+00	6.563891202802768e-01
3.100000000000000e+00	6.495066630663222e-01
3.100000000000000e+00	6.453864918404586e-01
3.100000000000000e+00	6.553923721990425e-01
3.100000000000000e+00	6.452518250774953e-01
3.100000000000000e+00	6.545176384487117e-01
3.100000000000000e+00	6.120222951092688e-01
3.100000000000000e+00	6.194554370369980e-01
3.100000000000000e+00	6.655539296151934e-01
3.100000000000000e+00	6.034954993161168e-01
3.100000000000000e+00	6.817906524118129e-01
3.100000000000000e+00	6.335665106087723e-01
3.100000000000000e+00	6.245756675010775e-01
3.100000000000000e+00	6.368632494353650e-01
3.100000000000000e+00	6.384414114431138e-01
3.100000000000000e+00	6.570008642075889e-01
3.100000000000000e+00	6.717790254236626e-01
3.100000000000000e+00	6.407210252212679e-01
3.100000000000000e+00	6.205988606291285e-01
3.100000000000000e+00	6.357229562513579e-01
3.100000000000000e+00	6.274623253299754e-01
3.100000000000000e+00	5.965886718375822e-01
3.100000000000000e+00	6.401919529694567e-01
3.100000000000000e+00	6.886462171112605e-01
3.100000000000000e+00	6.364683404003556e-01
3.100000000000000e+00	6.109375247166277e-01
3.100000000000000e+00	6.539776973423153e-01
3.100000000000000e+00	6.239246685290518e-01
3.100000000000000e+00	6.621187706733287e-01
3.100000000000000e+00	6.411039496150821e-01
3.100000000000000e+00	5.865959989453842e-01
3.100000000000000e+00	6.378738788016344e-01
3.100000000000000e+00	6.021499827103434e-01
3.100000000000000e+00	6.155757676001398e-01
3.100000000000000e+00	6.573217108887042e-01
3.100000000000000e+00	5.956025143399808e-01
3.100000000000000e+00	5.999684120986196e-01
3.100000000000000e+00	6.167017624019384e-01
3.100000000000000e+00	6.519967127229238e-01
3.100000000000000e+00	6.575603522192568e-01
3.100000000000000e+00	6.457189435915868e-01
3.100000000000000e+00	6.696013763153321e-01
3.100000000000000e+00	6.074306954798391e-01
3.100000000000000e+00	6.214032234113286e-01
3.100000000000000e+00	6.308600374053775e-01
3.100000000000000e+00	6.183071423514305e-01
3.100000000000000e+00	6.352129872873886e-01
3.100000000000000e+00	6.443736502435795e-01
3.100000000000000e+00	6.404795163698104e-01
3.100000000000000e+00	6.078823801376343e-01
3.100000000000000e+00	6.060944038093709e-01
3.100000000000000e+00	6.509009416299416e-01
3.100000000000000e+00	6.420944221773699e-01
3.100000000000000e+00	6.283823847262052e-01
3.100000000000000e+00	5.723426824199422e-01
3.100000000000000e+00	6.558813818748569e-01
3.100000000000000e+00	6.422948343697411e-01
3.100000000000000e+00	5.584339126279326e-01
3.100000000000000e+00	6.573510201166709e-01
3.100000000000000e+00	6.150682556333092e-01
3.100000000000000e+00	6.256184535360323e-01
3.100000000000000e+00	6.679244765649770e-01
3.100000000000000e+00	6.316410441964215e-01
3.100000000000000e+00	6.574248309922849e-01
3.100000000000000e+00	6.383894929906843e-01
3.100000000000000e+00	6.566550764319065e-01
3.100000000000000e+00	6.806665982962141e-01
3.100000000000000e+00	6.542747539667697e-01
3.100000000000000e+00	6.490892248801898e-01
3.100000000000000e+00	5.868485085532797e-01
3.100000000000000e+00	6.398493002264710e-01
3.100000000000000e+00	6.699913714479506e-01
3.100000000000000e+00	6.795126764634443e-01
3.100000000000000e+00	6.284426751484955e-01
3.100000000000000e+00	6.366742583831224e-01
3.100000000000000e+00	6.385051026398946e-01
3.100000000000000e+00	6.472416797524932e-01
3.100000000000000e+00	6.334128855852317e-01
3.100000000000000e+00	6.077240088953763e-01
3.100000000000000e+00	6.321209025803275e-01
3.100000000000000e+00	6.378282569846655e-01
3.100000000000000e+00	6.159897484729167e-01
3.100000000000000e+00	6.577624069284295e-01
3.100000000000000e+00	6.077731326688612e-01
3.100000000000000e+00	6.367051999150581e-01
3.100000000000000e+00	6.880309023573865e-01
3.100000000000000e+00	6.390421868914473e-01
3.100000000000000e+00	6.581871330247266e-01
3.100000000000000e+00	6.423205158330414e-01
3.100000000000000e+00	5.890562522327193e-01
3.100000000000000e+00	6.400225637064645e-01
3.100000000000000e+00	6.176944232416441e-01
3.100000000000000e+00	6.314723659877535e-01
3.100000000000000e+00	6.165229029580656e-01
3.100000000000000e+00	6.367499368742728e-01
3.100000000000000e+00	6.216967580234949e-01
3.100000000000000e+00	6.639043725652571e-01
3.100000000000000e+00	6.703033229349402e-01
3.100000000000000e+00	6.181154562706287e-01
3.100000000000000e+00	5.917904326319980e-01
3.100000000000000e+00	5.972690340316833e-01
3.100000000000000e+00	6.161714971300341e-01
3.100000000000000e+00	6.233972078746942e-01
3.100000000000000e+00	6.151166357792143e-01
3.100000000000000e+00	6.042594524434750e-01
3.100000000000000e+00	6.381690240222274e-01
3.100000000000000e+00	6.819973831959351e-01
3.100000000000000e+00	6.584054514574139e-01
3.100000000000000e+00	6.087077513546509e-01
3.100000000000000e+00	6.238141748081877e-01
3.100000000000000e+00	6.403445608194955e-01
3.100000000000000e+00	6.253126634138245e-01
3.100000000000000e+00	6.254796194664853e-01
3.100000000000000e+00	6.437525334892460e-01
3.100000000000000e+00	6.747096993775364e-01
3.100000000000000e+00	6.466725930207823e-01
3.100000000000000e+00	6.028925050270846e-01
3.100000000000000e+00	6.058468852221820e-01
3.100000000000000e+00	5.762683198672910e-01
3.100000000000000e+00	6.469591425828179e-01
3.100000000000000e+00	6.219650406029891e-01
3.100000000000000e+00	6.376781573338984e-01
3.100000000000000e+00	6.133974633630217e-01
3.100000000000000e+00	6.499944210128294e-01
3.100000000000000e+00	6.376612225769517e-01
3.100000000000000e+00	6.702974661058155e-01
3.100000000000000e+00	6.223213504998600e-01
3.100000000000000e+00	7.109773277220607e-01
3.100000000000000e+00	6.250446354689507e-01
3.100000000000000e+00	5.887941897846185e-01
3.100000000000000e+00	6.462642840174043e-01
3.100000000000000e+00	6.419519695014728e-01
3.100000000000000e+00	6.471069370918929e-01
3.100000000000000e+00	6.375688608020380e-01
3.100000000000000e+00	6.469894820924373e-01
3.100000000000000e+00	6.641869427225034e-01
3.100000000000000e+00	6.189017499648762e-01
3.100000000000000e+00	6.857066734932418e-01
3.100000000000000e+00	6.686929475298069e-01
3.100000000000000e+00	6.664892410480414e-01
3.100000000000000e+00	6.466247321011080e-01
3.100000000000000e+00	7.112104639811249e-01
3.100000000000000e+00	6.286573002012642e-01
3.100000000000000e+00	6.299193468645919e-01
3.100000000000000e+00	6.107040514740225e-01
3.100000000000000e+00	6.322320603174252e-01
3.100000000000000e+00	6.571224988401311e-01
3.100000000000000e+00	6.618861595153331e-01
3.100000000000000e+00	6.765673683291651e-01
3.100000000000000e+00	6.263608191627750e-01
3.100000000000000e+00	6.269906723964520e-01
3.100000000000000e+00	6.209731676931585e-01
3.100000000000000e+00	6.524383861964147e-01
3.100000000000000e+00	6.480753491003960e-01
3.100000000000000e+00	6.508017113155363e-01
3.100000000000000e+00	6.788772017820395e-01
3.100000000000000e+00	6.403655009025324e-01
3.100000000000000e+00	6.787454798471453e-01
3.100000000000000e+00	6.487327962067438e-01
3.100000000000000e+00	5.936032293633592e-01
3.100000000000000e+00	6.321277185417271e-01
3.100000000000000e+00	6.676091135549536e-01
3.100000000000000e+00	6.008743695039573e-01
3.100000000000000e+00	5.654198385579070e-01
3.100000000000000e+00	6.027819685622564e-01
3.100000000000000e+00	6.245488022569583e-01
3.100000000000000e+00	6.730232972995771e-01
3.100000000000000e+00	6.262992398345129e-01
3.100000000000000e+00	6.460164300458391e-01
3.100000000000000e+00	6.449458678027883e-01
3.100000000000000e+00	6.409841660289954e-01
3.100000000000000e+00	6.336896152502721e-01
3.100000000000000e+00	6.365614332027238e-01
3.100000000000000e+00	5.956750421198344e-01
3.100000000000000e+00	6.374974551096088e-01
3.100000000000000e+00	6.237736943451717e-01
3.100000000000000e+00	6.146415492759399e-01
3.100000000000000e+00	6.296126782734380e-01
3.100000000000000e+00	6.407703045655331e-01
3.100000000000000e+00	6.367677619561086e-01
3.100000000000000e+00	6.552959171458531e-01
3.100000000000000e+00	6.094814163315161e-01
3.100000000000000e+00	6.378090960804007e-01
3.100000000000000e+00	6.483829092298643e-01
3.100000000000000e+00	6.654379750366070e-01
3.100000000000000e+00	6.322231227393769e-01
3.100000000000000e+00	6.443972761209656e-01
3.100000000000000e+00	6.345237677439858e-01
3.100000000000000e+00	6.150000284306952e-01
3.100000000000000e+00	6.675070687393629e-01
3.100000000000000e+00	6.231583190262178e-01
3.100000000000000e+00	6.253575679697111e-01
3.100000000000000e+00	6.283033374037886e-01
3.100000000000000e+00	6.511852843549811e-01
3.100000000000000e+00	6.472394870811720e-01
3.100000000000000e+00	6.166014790938704e-01
3.100000000000000e+00	5.855493182881070e-01
3.100000000000000e+00	6.600018652710722e-01
3.100000000000000e+00	6.619167653006549e-01
3.100000000000000e+00	6.516051544956861e-01
3.100000000000000e+00	5.804323725679531e-01
3.100000000000000e+00	6.778916028950602e-01
3.100000000000000e+00	6.324103014337306e-01
3.100000000000000e+00	6.751039571387387e-01
3.100000000000000e+00	6.611128483941365e-01
3.100000000000000e+00	6.279529860507925e-01
3.100000000000000e+00	6.474648386781851e-01
3.100000000000000e+00	6.283243742448017e-01
3.100000000000000e+00	6.074588123497783e-01
3.100000000000000e+00	6.351096676904675e-01
3.100000000000000e+00	6.368929923580859e-01
3.100000000000000e+00	6.470491762150512e-01
3.100000000000000e+00	6.060551941898373e-01
3.100000000000000e+00	6.592811083376071e-01
3.100000000000000e+00	6.565660826611996e-01
3.100000000000000e+00	6.508508205387175e-01
3.100000000000000e+00	6.305715230266205e-01
3.100000000000000e+00	6.209535521453856e-01
3.100000000000000e+00	6.288849532465544e-01
3.100000000000000e+00	6.184150573677005e-01
3.100000000000000e+00	6.125830603889868e-01
3.100000000000000e+00	6.222501827240365e-01
3.100000000000000e+00	6.034541820781913e-01
3.100000000000000e+00	6.246896017353694e-01
3.100000000000000e+00	6.532105859651670e-01
3.100000000000000e+00	6.482353560329195e-01
3.100000000000000e+00	6.258637523328872e-01
3.100000000000000e+00	6.280229111071779e-01
3.100000000000000e+00	6.225601909083199e-01
3.100000000000000e+00	6.264687727358155e-01
3.100000000000000e+00	5.930232642013133e-01
3.100000000000000e+00	6.368924251509516e-01
3.100000000000000e+00	6.415958832848490e-01
3.100000000000000e+00	6.447187043093475e-01
3.100000000000000e+00	6.379172894890761e-01
3.100000000000000e+00	6.078189255914435e-01
3.100000000000000e+00	6.364275368780269e-01
3.100000000000000e+00	6.394874237127948e-01
3.100000000000000e+00	6.302054454389947e-01
3.100000000000000e+00	5.999012030667970e-01
3.100000000000000e+00	6.098895097547455e-01
3.100000000000000e+00	6.190875887371641e-01
3.100000000000000e+00	6.155431294014407e-01
3.100000000000000e+00	6.705372675715162e-01
3.100000000000000e+00	6.417654971826295e-01
3.100000000000000e+00	7.002472064161895e-01
3.100000000000000e+00	6.640461146039073e-01
3.100000000000000e+00	6.340553473019150e-01
3.100000000000000e+00	6.110625711974423e-01
3.100000000000000e+00	6.619462530319152e-01
3.100000000000000e+00	5.766428691716966e-01
3.100000000000000e+00	6.468770496045487e-01
3.100000000000000e+00	6.265646161091094e-01
3.100000000000000e+00	6.599981573196837e-01
3.100000000000000e+00	6.198600804856442e-01
3.100000000000000e+00	6.156326169746424e-01
3.100000000000000e+00	5.988025489858880e-01
3.100000000000000e+00	6.419008308516079e-01
3.100000000000000e+00	5.863115942063089e-01
3.100000000000000e+00	6.084418667972025e-01
3.100000000000000e+00	6.054119628432827e-01
3.100000000000000e+00	6.218642954958438e-01
3.100000000000000e+00	6.222764065294860e-01
3.100000000000000e+00	6.271304336888499e-01
3.100000000000000e+00	5.714167397337105e-01
3.100000000000000e+00	6.476277132569839e-01
3.100000000000000e+00	5.978203670022169e-01
3.100000000000000e+00	6.029771342956515e-01
3.100000000000000e+00	6.180123531938262e-01
3.100000000000000e+00	6.601758755296110e-01
3.100000000000000e+00	6.441962177548070e-01
3.100000000000000e+00	6.453645291529256e-01
3.100000000000000e+00	6.333994291746550e-01
3.100000000000000e+00	6.607981136511824e-01
3.100000000000000e+00	6.662390671071877e-01
3.100000000000000e+00	6.786483997837366e-01
3.100000000000000e+00	6.880392260343378e-01
3.100000000000000e+00	6.423644374690273e-01
3.100000000000000e+00	5.942205735256838e-01
3.100000000000000e+00	6.162205926356444e-01
3.100000000000000e+00	6.690978779098278e-01
3.100000000000000e+00	6.343594683644737e-01
3.100000000000000e+00	6.406966121093922e-01
3.100000000000000e+00	6.479261864970297e-01
3.100000000000000e+00	5.882347190070761e-01
3.100000000000000e+00	6.226801292557290e-01
3.100000000000000e+00	6.346951190503319e-01
3.100000000000000e+00	6.187910638896937e-01
3.100000000000000e+00	6.508741700059306e-01
3.100000000000000e+00	6.259455319148647e-01
3.100000000000000e+00	6.458139416157086e-01
3.100000000000000e+00	6.242493724441219e-01
3.100000000000000e+00	6.118516833071411e-01
3.100000000000000e+00	6.405391317353042e-01
3.100000000000000e+00	6.708061063560523e-01
3.100000000000000e+00	5.951606404535232e-01
3.100000000000000e+00	6.130944841738076e-01
3.100000000000000e+00	6.459550340972078e-01
3.100000000000000e+00	6.353289038788833e-01
3.100000000000000e+00	6.237754936435909e-01
3.100000000000000e+00	6.163044522984703e-01
3.100000000000000e+00	5.701834300663832e-01
3.100000000000000e+00	6.258528634723922e-01
3.100000000000000e+00	6.335575766009806e-01
3.100000000000000e+00	6.715998227512392e-01
3.100000000000000e+00	6.413651079630895e-01
3.100000000000000e+00	5.960246349012068e-01
3.100000000000000e+00	6.474954601058095e-01
3.100000000000000e+00	6.684919837622803e-01
3.100000000000000e+00	6.567785905564413e-01
3.100000000000000e+00	6.524667701332758e-01
3.100000000000000e+00	6.322946537384212e-01
3.100000000000000e+00	6.629144386298571e-01
3.100000000000000e+00	6.597392667043094e-01
3.100000000000000e+00	6.329199399197500e-01
3.100000000000000e+00	6.482401199419623e-01
3.100000000000000e+00	6.331970954455711e-01
3.100000000000000e+00	5.846209505349577e-01
3.100000000000000e+00	6.435914268170829e-01
3.100000000000000e+00	6.385861443450928e-01
3.100000000000000e+00	5.923889082450935e-01
3.100000000000000e+00	6.523190481069020e-01
3.100000000000000e+00	5.850747998804045e-01
3.100000000000000e+00	6.548373498344534e-01
3.100000000000000e+00	6.246976203574791e-01
3.100000000000000e+00	6.014243365269688e-01
3.100000000000000e+00	6.621467868100903e-01
3.100000000000000e+00	6.612908010753311e-01
3.100000000000000e+00	6.377143619511129e-01
3.100000000000000e+00	6.327259678153159e-01
3.100000000000000e+00	6.659141787235735e-01
3.100000000000000e+00	6.349012663975282e-01
3.100000000000000e+00	5.981239581214742e-01
3.100000000000000e+00	6.555878459548173e-01
3.100000000000000e+00	5.835301419186222e-01
3.100000000000000e+00	6.270624275989134e-01
3.100000000000000e+00	6.131009814194552e-01
3.100000000000000e+00	6.159585292897219e-01
3.100000000000000e+00	6.465395414573624e-01
3.100000000000000e+00	6.415515058624280e-01
3.100000000000000e+00	6.007558127947238e-01
3.100000000000000e+00	6.522583709761166e-01
3.100000000000000e+00	6.314475439834280e-01
3.100000000000000e+00	5.625316969325727e-01
3.100000000000000e+00	6.605506575748843e-01
3.100000000000000e+00	6.056933016614670e-01
3.100000000000000e+00	6.060776904304838e-01
3.100000000000000e+00	6.320785856266010e-01
3.100000000000000e+00	6.438122251983971e-01
3.100000000000000e+00	6.436994961331525e-01
3.100000000000000e+00	6.573640434717082e-01
3.100000000000000e+00	6.333353402558276e-01
3.100000000000000e+00	6.162010506027966e-01
3.100000000000000e+00	6.321231013310212e-01
3.100000000000000e+00	6.332425667494253e-01
3.100000000000000e+00	6.543803246611595e-01
3.100000000000000e+00	6.667023697864972e-01
3.100000000000000e+00	6.373278875187245e-01
3.100000000000000e+00	6.375175843652646e-01
3.100000000000000e+00	6.237909631037734e-01
3.100000000000000e+00	6.639181370477105e-01
3.100000000000000e+00	6.524153626892342e-01
3.100000000000000e+00	6.030243773712025e-01
3.100000000000000e+00	6.367721106729372e-01
3.100000000000000e+00	6.720188747855710e-01
3.100000000000000e+00	6.254899701517778e-01
3.100000000000000e+00	6.824683854187715e-01
3.100000000000000e+00	6.617435750497932e-01
3.100000000000000e+00	6.012056692392753e-01
3.100000000000000e+00	6.658053855884946e-01
3.100000000000000e+00	6.400865433027800e-01
3.100000000000000e+00	6.401106865950841e-01
3.100000000000000e+00	6.742059553250876e-01
3.100000000000000e+00	6.468866162155589e-01
3.100000000000000e+00	6.114819113638698e-01
3.100000000000000e+00	6.568886954044598e-01
3.100000000000000e+00	6.627255518411297e-01
3.100000000000000e+00	5.716746246314033e-01
3.100000000000000e+00	6.259348432964273e-01
3.100000000000000e+00	6.696133031065560e-01
3.100000000000000e+00	6.460886419582222e-01
3.100000000000000e+00	5.995692533769468e-01
3.100000000000000e+00	6.462897016013656e-01
3.100000000000000e+00	6.156878650617049e-01
3.100000000000000e+00	6.074063243192940e-01
3.100000000000000e+00	6.139620538314911e-01
3.100000000000000e+00	6.517322156937023e-01
3.100000000000000e+00	6.389009306689850e-01
3.100000000000000e+00	6.529834943748750e-01
3.100000000000000e+00	6.108686725579502e-01
3.100000000000000e+00	6.268306696054894e-01
3.100000000000000e+00	5.952272633933923e-01
3.100000000000000e+00	6.070448585841963e-01
3.100000000000000e+00	6.050491573235948e-01
3.100000000000000e+00	6.594176119371603e-01
3.100000000000000e+00	6.139295418759294e-01
3.100000000000000e+00	6.225809338892437e-01
3.100000000000000e+00	6.009218428692162e-01
3.100000000000000e+00	6.742490408828007e-01
3.100000000000000e+00	6.328084349341132e-01
3.100000000000000e+00	6.257892624366277e-01
3.100000000000000e+00	6.075027039508963e-01
3.100000000000000e+00	6.633102051372219e-01
3.100000000000000e+00	6.601074898875889e-01
3.100000000000000e+00	6.424442367887848e-01
3.100000000000000e+00	6.412558814001571e-01
3.100000000000000e+00	6.008139683311301e-01
3.100000000000000e+00	6.375635097857378e-01
3.100000000000000e+00	6.331264275159122e-01
3.100000000000000e+00	6.459779792672918e-01
3.100000000000000e+00	6.401890807196110e-01
3.100000000000000e+00	6.460167715584539e-01
3.100000000000000e+00	6.328940755531659e-01
3.100000000000000e+00	6.618565677319644e-01
3.100000000000000e+00	6.458105324169737e-01
3.100000000000000e+00	6.467907111305152e-01
3.100000000000000e+00	6.621506330863799e-01
3.100000000000000e+00	6.003254704072758e-01
3.100000000000000e+00	5.987074135025074e-01
3.100000000000000e+00	6.479298250904864e-01
3.100000000000000e+00	6.558196971141111e-01
3.100000000000000e+00	6.417323230981881e-01
3.100000000000000e+00	5.939221792890831e-01
3.100000000000000e+00	6.287870252843185e-01
3.100000000000000e+00	6.151031506121771e-01
3.100000000000000e+00	6.341321984519354e-01
3.100000000000000e+00	6.618277992286015e-01
3.100000000000000e+00	6.613895201736261e-01
3.100000000000000e+00	6.693787357939666e-01
3.100000000000000e+00	6.210432374275174e-01
3.100000000000000e+00	6.291175246951121e-01
3.100000000000000e+00	6.215989615434923e-01
3.100000000000000e+00	6.718914589540612e-01
3.100000000000000e+00	6.452705366973202e-01
3.100000000000000e+00	6.173519686649481e-01
3.100000000000000e+00	6.439291376715720e-01
3.100000000000000e+00	6.521721069602303e-01
3.100000000000000e+00	6.025319120181972e-01
3.100000000000000e+00	6.016617094275343e-01
3.100000000000000e+00	6.730020006725707e-01
3.100000000000000e+00	6.819657639786070e-01
3.100000000000000e+00	6.438024930149983e-01
3.100000000000000e+00	6.618379587080805e-01
3.100000000000000e+00	6.057781016422555e-01
3.100000000000000e+00	6.397393557768809e-01
3.100000000000000e+00	6.537057087264492e-01
3.100000000000000e+00	6.178296488380707e-01
3.100000000000000e+00	6.257369823812678e-01
3.100000000000000e+00	6.541902406409783e-01
3.100000000000000e+00	6.499912978369190e-01
3.100000000000000e+00	6.281103765334053e-01
3.100000000000000e+00	6.113411536743135e-01
3.100000000000000e+00	6.102976591866882e-01
3.100000000000000e+00	6.362866084935046e-01
3.100000000000000e+00	6.796059544986816e-01
3.100000000000000e+00	6.260413132623828e-01
3.100000000000000e+00	6.253402210842141e-01
3.100000000000000e+00	6.218390679589637e-01
3.100000000000000e+00	6.307444514735100e-01
3.100000000000000e+00	6.704086890167656e-01
3.100000000000000e+00	6.498742305401187e-01
3.100000000000000e+00	6.235823536028086e-01
3.100000000000000e+00	6.276621692007536e-01
3.100000000000000e+00	5.970322512051407e-01
3.100000000000000e+00	5.972532318232459e-01
3.100000000000000e+00	6.283313459723392e-01
3.100000000000000e+00	6.323926548822036e-01
3.100000000000000e+00	6.806534839734045e-01
3.100000000000000e+00	6.275682926334835e-01
3.100000000000000e+00	5.752579996243088e-01
3.100000000000000e+00	6.284883699585861e-01
3.100000000000000e+00	6.214888264945887e-01
3.100000000000000e+00	6.515517566370552e-01
3.100000000000000e+00	6.554505480450552e-01
3.100000000000000e+00	6.383867000502282e-01
3.100000000000000e+00	6.138154275094951e-01
3.100000000000000e+00	6.660704646769650e-01
3.100000000000000e+00	6.599686513702804e-01
3.100000000000000e+00	6.441974233162314e-01
3.100000000000000e+00	6.047845083940998e-01
3.100000000000000e+00	6.231333792173849e-01
3.100000000000000e+00	6.488463516376324e-01
3.100000000000000e+00	6.777461671922954e-01
3.100000000000000e+00	6.154146809250918e-01
3.100000000000000e+00	6.021075967750320e-01
3.100000000000000e+00	6.354302485363160e-01
3.100000000000000e+00	6.144471796170674e-01
3.100000000000000e+00	6.182971148889583e-01
3.100000000000000e+00	6.351106346437911e-01
3.100000000000000e+00	6.110442587307859e-01
3.100000000000000e+00	6.772092374416446e-01
3.100000000000000e+00	6.237000329923382e-01
3.100000000000000e+00	5.996566408390850e-01
3.100000000000000e+00	5.812150999602730e-01
3.100000000000000e+00	5.865006445832227e-01
3.100000000000000e+00	6.537504610805487e-01
3.100000000000000e+00	6.208053869024981e-01
3.100000000000000e+00	6.783379520479407e-01
3.100000000000000e+00	6.398536433751744e-01
3.100000000000000e+00	6.112717158421852e-01
3.100000000000000e+00	5.643787151293146e-01
3.100000000000000e+00	6.343144387488300e-01
3.100000000000000e+00	5.866696038537471e-01
3.100000000000000e+00	6.616986906104633e-01
3.100000000000000e+00	6.371348281262498e-01
3.100000000000000e+00	6.038792773810789e-01
3.100000000000000e+00	6.159864095842021e-01
3.100000000000000e+00	6.029205669392810e-01
3.100000000000000e+00	5.705891923107025e-01
3.100000000000000e+00	6.495749899084095e-01
3.100000000000000e+00	6.469925993846793e-01
3.100000000000000e+00	6.167739134775431e-01
3.100000000000000e+00	6.767901004499973e-01
3.100000000000000e+00	6.470459145803209e-01
3.100000000000000e+00	6.097865944551705e-01
3.100000000000000e+00	6.501863213268373e-01
3.100000000000000e+00	6.534855685179978e-01
3.100000000000000e+00	6.331212289459469e-01
3.100000000000000e+00	6.442728498462067e-01
3.100000000000000e+00	6.342244292521021e-01
3.100000000000000e+00	6.216075170222009e-01
3.100000000000000e+00	6.451635350918660e-01
3.100000000000000e+00	6.447622137132801e-01
3.100000000000000e+00	6.199904591546360e-01
3.100000000000000e+00	6.296820625118327e-01
3.100000000000000e+00	6.067238732108067e-01
3.100000000000000e+00	5.911263282420657e-01
3.100000000000000e+00	6.108532621488804e-01
3.100000000000000e+00	6.498890614237414e-01
3.100000000000000e+00	6.199702169473089e-01
3.100000000000000e+00	6.498716464021967e-01
3.100000000000000e+00	6.162331160205209e-01
3.100000000000000e+00	6.723873650230283e-01
3.100000000000000e+00	6.122769656072988e-01
3.100000000000000e+00	6.031772083626392e-01
3.100000000000000e+00	6.341267872823414e-01
3.100000000000000e+00	6.475169557644725e-01
3.100000000000000e+00	6.040734571224635e-01
3.100000000000000e+00	6.708459693528352e-01
3.100000000000000e+00	6.355856127540409e-01
3.100000000000000e+00	6.119558768056117e-01
3.100000000000000e+00	6.282968777209057e-01
3.100000000000000e+00	6.700419537626852e-01
3.100000000000000e+00	6.269857458865289e-01
3.100000000000000e+00	6.461318467622411e-01
3.100000000000000e+00	6.072378211492546e-01
3.100000000000000e+00	6.415403470474440e-01
3.100000000000000e+00	6.563366588412313e-01
3.100000000000000e+00	6.385064000239427e-01
3.100000000000000e+00	6.274791701486445e-01
3.100000000000000e+00	6.135804940560771e-01
3.100000000000000e+00	6.428065996012922e-01
3.100000000000000e+00	5.815323448881264e-01
3.100000000000000e+00	6.317926707752766e-01
3.100000000000000e+00	6.511337364598841e-01
3.100000000000000e+00	6.128560395724151e-01
3.100000000000000e+00	6.271515535694731e-01
3.100000000000000e+00	6.233521224735381e-01
3.100000000000000e+00	6.100606513179653e-01
3.100000000000000e+00	6.531437018906728e-01
3.100000000000000e+00	6.393470458954187e-01
3.100000000000000e+00	6.160959624865719e-01
3.100000000000000e+00	6.094477153281389e-01
3.100000000000000e+00	5.912901761586239e-01
3.100000000000000e+00	6.161131908716390e-01
3.100000000000000e+00	6.180624247662645e-01
3.100000000000000e+00	6.152373606675712e-01
3.100000000000000e+00	6.034168172870972e-01
3.100000000000000e+00	6.304816424875288e-01
3.100000000000000e+00	6.424755753726413e-01
3.100000000000000e+00	6.206369607862008e-01
3.100000000000000e+00	6.335287908048437e-01
3.100000000000000e+00	6.352836175185551e-01
3.100000000000000e+00	6.436793547278257e-01
3.100000000000000e+00	6.237973140660769e-01
3.100000000000000e+00	6.190926309993701e-01
3.100000000000000e+00	6.754556808744084e-01
3.100000000000000e+00	7.067627209584809e-01
3.100000000000000e+00	6.788288879055087e-01
3.100000000000000e+00	6.036101288919263e-01
3.100000000000000e+00	6.103942394171431e-01
3.100000000000000e+00	6.420040769316786e-01
3.100000000000000e+00	6.515652681725252e-01
3.100000000000000e+00	6.224682133687311e-01
3.100000000000000e+00	6.145668835047202e-01
3.100000000000000e+00	6.261644922151446e-01
3.100000000000000e+00	6.301904987095150e-01
3.100000000000000e+00	6.583160975473739e-01
3.100000000000000e+00	6.352820036683466e-01
3.100000000000000e+00	6.746398650150986e-01
3.100000000000000e+00	6.485923745629463e-01
3.100000000000000e+00	6.558199986818232e-01
3.100000000000000e+00	6.295844303828450e-01
3.100000000000000e+00	5.897794752743653e-01
3.100000000000000e+00	6.006589905004686e-01
3.100000000000000e+00	6.444412409399006e-01
3.100000000000000e+00	6.570923396900209e-01
3.100000000000000e+00	6.510802152306846e-01
3.100000000000000e+00	6.551452243746958e-01
3.100000000000000e+00	6.171998550488426e-01
3.100000000000000e+00	6.005587342830930e-01
3.100000000000000e+00	6.296813562456598e-01
3.100000000000000e+00	6.524008050849881e-01
3.100000000000000e+00	6.408100923811640e-01
3.100000000000000e+00	6.551373155003650e-01
3.100000000000000e+00	6.117724020485137e-01
3.100000000000000e+00	6.318597191809446e-01
3.100000000000000e+00	6.322830613156936e-01
3.100000000000000e+00	6.212312508633225e-01
3.100000000000000e+00	6.128294216722372e-01
3.100000000000000e+00	6.393449407169998e-01
3.100000000000000e+00	6.129064726344370e-01
3.100000000000000e+00	6.321063310846124e-01
3.100000000000000e+00	6.149796048189623e-01
3.100000000000000e+00	6.527416737023313e-01
3.100000000000000e+00	6.095839796509090e-01
3.100000000000000e+00	6.758226998646529e-01
3.100000000000000e+00	6.267958316638249e-01
3.100000000000000e+00	6.107085360904355e-01
3.100000000000000e+00	6.442361194054989e-01
3.100000000000000e+00	6.354065007061324e-01
3.100000000000000e+00	6.583345526409848e-01
3.100000000000000e+00	6.160387188240430e-01
3.100000000000000e+00	6.158214757472373e-01
3.100000000000000e+00	6.836626463076489e-01
3.100000000000000e+00	6.677025892045022e-01
3.100000000000000e+00	6.349678571896235e-01
3.100000000000000e+00	6.664806656191454e-01
3.100000000000000e+00	6.114318034865566e-01
3.100000000000000e+00	5.955635528566975e-01
3.100000000000000e+00	6.636957613534328e-01
3.100000000000000e+00	6.295468226918544e-01
3.100000000000000e+00	6.430015918639130e-01
3.100000000000000e+00	6.430273220520766e-01
3.100000000000000e+00	6.170946558403858e-01
3.100000000000000e+00	6.278507899308743e-01
3.100000000000000e+00	6.603794772907688e-01
3.100000000000000e+00	6.560125635802587e-01
3.100000000000000e+00	6.227114917528072e-01
3.100000000000000e+00	6.320115486897817e-01
3.100000000000000e+00	6.355289456398573e-01
3.100000000000000e+00	6.735603419376154e-01
3.100000000000000e+00	6.357706079928005e-01
3.100000000000000e+00	5.803197133336625e-01
3.100000000000000e+00	6.336877669122205e-01
3.100000000000000e+00	6.389116878021683e-01
3.100000000000000e+00	6.559036091882431e-01
3.100000000000000e+00	6.462843503043797e-01
3.100000000000000e+00	6.423581677098471e-01
3.100000000000000e+00	6.631759235968097e-01
3.100000000000000e+00	6.413257764149106e-01
3.100000000000000e+00	6.296597620205778e-01
3.100000000000000e+00	6.349725908089120e-01
3.100000000000000e+00	6.201838140561330e-01
3.100000000000000e+00	6.174869283417357e-01
3.100000000000000e+00	6.373883137065507e-01
3.100000000000000e+00	6.462506066811304e-01
3.100000000000000e+00	6.040833017746636e-01
3.100000000000000e+00	6.551774468654484e-01
3.100000000000000e+00	6.238394174615853e-01
3.100000000000000e+00	6.746540521494643e-01
3.100000000000000e+00	6.788668525122906e-01
3.100000000000000e+00	6.453360699019211e-01
3.100000000000000e+00	6.178179063951335e-01
3.100000000000000e+00	5.639217705410553e-01
3.100000000000000e+00	6.303697641537254e-01
3.100000000000000e+00	6.456430280738299e-01
3.100000000000000e+00	6.487060381817759e-01
3.100000000000000e+00	6.762329635708269e-01
3.100000000000000e+00	6.418536382611522e-01
3.100000000000000e+00	6.219179343486524e-01
3.100000000000000e+00	6.457292414264004e-01
3.100000000000000e+00	6.287633707433106e-01
3.100000000000000e+00	5.994759468442049e-01
3.100000000000000e+00	6.388708022608163e-01
3.100000000000000e+00	6.265806799084520e-01
3.100000000000000e+00	6.218391503510928e-01
3.100000000000000e+00	6.587355918598672e-01
3.100000000000000e+00	6.429902357500383e-01
3.100000000000000e+00	6.156322870953819e-01
3.100000000000000e+00	6.097935495678343e-01
3.100000000000000e+00	6.332534025502525e-01
3.100000000000000e+00	5.998901112523510e-01
3.100000000000000e+00	6.335859794096688e-01
3.100000000000000e+00	6.253590676044073e-01
3.100000000000000e+00	6.368206169744534e-01
3.100000000000000e+00	6.242302568336283e-01
3.100000000000000e+00	6.214082834597970e-01
3.100000000000000e+00	6.483774062115326e-01
3.100000000000000e+00	6.649887210619538e-01
3.100000000000000e+00	6.248614342283161e-01
3.100000000000000e+00	6.566054199878186e-01
3.100000000000000e+00	6.261868433737812e-01
3.100000000000000e+00	6.333126082540940e-01
3.100000000000000e+00	6.458780254011333e-01
3.100000000000000e+00	6.753567531813116e-01
3.100000000000000e+00	6.368533533736123e-01
3.100000000000000e+00	6.494465619395650e-01
3.100000000000000e+00	6.323744910235977e-01
3.100000000000000e+00	6.847931034366823e-01
3.100000000000000e+00	6.281218599440510e-01
3.100000000000000e+00	6.280356355226157e-01
3.100000000000000e+00	6.687176756196916e-01
3.100000000000000e+00	6.580064965134476e-01
3.100000000000000e+00	6.527066436919662e-01
3.100000000000000e+00	6.411248550179348e-01
3.100000000000000e+00	6.467162397205259e-01
3.100000000000000e+00	6.323858399472067e-01
3.100000000000000e+00	6.509013902492462e-01
3.100000000000000e+00	6.368548092813708e-01
3.100000000000000e+00	6.324187394187453e-01
3.100000000000000e+00	6.545803780024907e-01
3.100000000000000e+00	6.808252277553759e-01
3.100000000000000e+00	6.258494968268649e-01
3.100000000000000e+00	5.925406628432355e-01
3.100000000000000e+00	6.113847666733129e-01
3.100000000000000e+00	5.819198950826341e-01
3.100000000000000e+00	5.924645265636688e-01
3.100000000000000e+00	6.098488045251568e-01
3.100000000000000e+00	5.669824237878861e-01
3.100000000000000e+00	6.300230196661084e-01
3.100000000000000e+00	6.013172973678070e-01
3.100000000000000e+00	6.074732826469401e-01
3.100000000000000e+00	6.304944023558543e-01
3.100000000000000e+00	6.884844011373521e-01
3.100000000000000e+00	6.027292106752464e-01
3.100000000000000e+00	6.478063187410095e-01
3.100000000000000e+00	6.228915753777793e-01
3.100000000000000e+00	6.358797336873676e-01
3.100000000000000e+00	6.133411272994100e-01
3.100000000000000e+00	6.469825581874111e-01
3.100000000000000e+00	6.134878601816871e-01
3.100000000000000e+00	5.906851095023660e-01
3.100000000000000e+00	5.879997752286000e-01
3.100000000000000e+00	6.079640929820139e-01
3.100000000000000e+00	6.000638523911574e-01
3.100000000000000e+00	6.721277945997745e-01
3.100000000000000e+00	6.227028258998653e-01
3.100000000000000e+00	6.615603425873644e-01
3.100000000000000e+00	6.533584786047464e-01
3.100000000000000e+00	6.370486334924614e-01
3.100000000000000e+00	5.972679558898629e-01
3.100000000000000e+00	6.498200172159141e-01
3.100000000000000e+00	6.787835951455180e-01
3.100000000000000e+00	6.084987814568920e-01
3.100000000000000e+00	6.500327343293981e-01
3.100000000000000e+00	6.300324002796313e-01
3.100000000000000e+00	6.431907416412163e-01
3.100000000000000e+00	6.457634558895958e-01
3.100000000000000e+00	6.163841802289227e-01
3.100000000000000e+00	6.448737465738252e-01
3.100000000000000e+00	6.487186839945307e-01
3.100000000000000e+00	6.093090639995432e-01
3.100000000000000e+00	6.013924752233266e-01
3.100000000000000e+00	6.383504305032575e-01
3.100000000000000e+00	6.559253437785814e-01
3.100000000000000e+00	5.519318756938637e-01
3.100000000000000e+00	6.185130975953925e-01
3.100000000000000e+00	6.359790222623561e-01
3.100000000000000e+00	6.444892467271678e-01
3.100000000000000e+00	6.210465377885612e-01
3.100000000000000e+00	6.160399901749881e-01
3.100000000000000e+00	6.202558197225853e-01
3.100000000000000e+00	6.266713108709466e-01
3.100000000000000e+00	6.105160137481125e-01
3.100000000000000e+00	6.823162390082742e-01
3.100000000000000e+00	6.548116075403685e-01
3.100000000000000e+00	6.488628292744522e-01
3.100000000000000e+00	6.567052328990718e-01
3.100000000000000e+00	6.368345549482483e-01
3.100000000000000e+00	6.270215694751330e-01
3.100000000000000e+00	5.849612910890244e-01
3.100000000000000e+00	6.257573985199658e-01
3.100000000000000e+00	6.437505923111463e-01
3.100000000000000e+00	6.340036618176795e-01
3.100000000000000e+00	6.369204842244506e-01
3.100000000000000e+00	6.386597378143023e-01
3.100000000000000e+00	6.523199534598638e-01
3.100000000000000e+00	6.407977839548793e-01
3.100000000000000e+00	6.390143371676275e-01
3.100000000000000e+00	6.717929294882173e-01
3.100000000000000e+00	5.996279370597164e-01
3.100000000000000e+00	6.542249166163998e-01
3.100000000000000e+00	6.324850378994993e-01
3.100000000000000e+00	6.611722752540922e-01
3.100000000000000e+00	6.285703649690184e-01
3.100000000000000e+00	6.238089572240703e-01
3.100000000000000e+00	6.573614120333650e-01
3.100000000000000e+00	6.834873977543203e-01
3.100000000000000e+00	6.461420129187940e-01
3.100000000000000e+00	6.709227134430635e-01
3.100000000000000e+00	6.496835514415686e-01
3.100000000000000e+00	6.480118145241809e-01
3.100000000000000e+00	6.572802848192439e-01
3.100000000000000e+00	6.335088763528733e-01
3.100000000000000e+00	6.543893408625152e-01
3.100000000000000e+00	6.147283058051874e-01
3.100000000000000e+00	6.351248281171994e-01
3.100000000000000e+00	6.162245322811946e-01
3.100000000000000e+00	6.315493944163313e-01
3.100000000000000e+00	6.647857735426936e-01
3.100000000000000e+00	6.372135664664415e-01
3.100000000000000e+00	6.917352922013070e-01
3.100000000000000e+00	6.424759997439774e-01
3.100000000000000e+00	6.272378114041917e-01
3.100000000000000e+00	5.961628171189094e-01
3.100000000000000e+00	6.632250788154652e-01
3.100000000000000e+00	6.695141712678762e-01
3.100000000000000e+00	5.792123841245272e-01
3.100000000000000e+00	5.984770445140953e-01
3.100000000000000e+00	6.281088851265411e-01
3.100000000000000e+00	6.430445352174259e-01
3.100000000000000e+00	6.343282536630930e-01
3.100000000000000e+00	6.517422891979217e-01
3.100000000000000e+00	6.379261964581528e-01
3.100000000000000e+00	6.164458185838350e-01
3.100000000000000e+00	6.472169885305913e-01
3.100000000000000e+00	6.172304843370532e-01
3.100000000000000e+00	6.518259768533753e-01
3.100000000000000e+00	6.387124137598673e-01
3.100000000000000e+00	6.182067181796651e-01
3.100000000000000e+00	5.903909537257965e-01
3.100000000000000e+00	5.892842283308238e-01
3.100000000000000e+00	6.183357052785763e-01
3.100000000000000e+00	6.174060119220193e-01
3.100000000000000e+00	6.386979133516902e-01
3.100000000000000e+00	6.323672966379880e-01
3.100000000000000e+00	6.189511821575246e-01
3.100000000000000e+00	5.880426455133132e-01
3.100000000000000e+00	6.108953620926111e-01
3.100000000000000e+00	6.001480085755302e-01
3.100000000000000e+00	6.045599836588377e-01
3.100000000000000e+00	6.417007570391836e-01
3.100000000000000e+00	6.014086268297402e-01
3.100000000000000e+00	5.703775692168422e-01
3.100000000000000e+00	6.183436327319685e-01
3.100000000000000e+00	6.442157916918462e-01
3.100000000000000e+00	6.308207381341008e-01
3.100000000000000e+00	6.075081173474556e-01
3.100000000000000e+00	5.730234136035459e-01
3.100000000000000e+00	6.331902428562529e-01
3.100000000000000e+00	6.317976700496165e-01
3.100000000000000e+00	6.589655871041518e-01
3.100000000000000e+00	6.760901958049217e-01
3.100000000000000e+00	6.583565077455344e-01
3.100000000000000e+00	6.399206070078457e-01
3.100000000000000e+00	6.006738320325156e-01
3.100000000000000e+00	6.417426660065334e-01
3.100000000000000e+00	6.289735483329091e-01
3.100000000000000e+00	6.168732681667874e-01
3.100000000000000e+00	6.705825923346188e-01
3.100000000000000e+00	6.400906595328812e-01
3.100000000000000e+00	6.497206869985392e-01
3.100000000000000e+00	6.238445798811947e-01
3.100000000000000e+00	6.211323833966451e-01
3.100000000000000e+00	6.068996133754380e-01
3.100000000000000e+00	6.045170499846284e-01
3.100000000000000e+00	6.379861678384443e-01
3.100000000000000e+00	6.677188244103311e-01
3.100000000000000e+00	6.845383313531468e-01
3.100000000000000e+00	6.027961392756699e-01
3.100000000000000e+00	6.442989708326181e-01
3.100000000000000e+00	6.250230451106976e-01
3.100000000000000e+00	6.258578426321656e-01
3.100000000000000e+00	6.038853465364544e-01
3.100000000000000e+00	6.376877966724495e-01
3.100000000000000e+00	6.143723035684125e-01
3.100000000000000e+00	6.530030716605392e-01
3.100000000000000e+00	6.510918043317935e-01
3.100000000000000e+00	6.093581545787164e-01
3.100000000000000e+00	6.143088126184079e-01
3.100000000000000e+00	6.167017084206913e-01
3.100000000000000e+00	6.168607625752391e-01
3.100000000000000e+00	5.988248749312218e-01
3.100000000000000e+00	6.148580994281215e-01
3.100000000000000e+00	6.889650236709959e-01
3.100000000000000e+00	6.247418283570232e-01
3.100000000000000e+00	6.563920805321269e-01
3.100000000000000e+00	6.407547338423752e-01
3.100000000000000e+00	6.068414916212614e-01
3.100000000000000e+00	6.484210943363953e-01
3.100000000000000e+00	6.116445290341377e-01
3.100000000000000e+00	6.415597636814804e-01
3.100000000000000e+00	6.387559359458617e-01
3.100000000000000e+00	6.481670826641412e-01
3.100000000000000e+00	6.000856275827219e-01
3.100000000000000e+00	6.012573534639352e-01
3.100000000000000e+00	5.932319936917700e-01
3.100000000000000e+00	6.055215486548791e-01
3.100000000000000e+00	6.728562438453178e-01
3.100000000000000e+00	6.416944538492958e-01
3.100000000000000e+00	6.376653443294849e-01
3.100000000000000e+00	6.191964135380003e-01
3.100000000000000e+00	6.834578451383407e-01
3.100000000000000e+00	6.043940835849555e-01
3.100000000000000e+00	6.612708176610577e-01
3.100000000000000e+00	6.527416721503906e-01
3.100000000000000e+00	6.247167608975954e-01
3.100000000000000e+00	6.590239162254163e-01
3.100000000000000e+00	6.127080498857328e-01
3.100000000000000e+00	5.890489436534222e-01
3.100000000000000e+00	6.163620298558029e-01
3.100000000000000e+00	6.477074976893872e-01
3.100000000000000e+00	5.984000573896884e-01
3.100000000000000e+00	6.349049350475234e-01
3.100000000000000e+00	6.349782128073774e-01
3.100000000000000e+00	6.468928071389991e-01
3.100000000000000e+00	6.707673125817305e-01
3.100000000000000e+00	6.609330739656984e-01
3.100000000000000e+00	6.269762069374691e-01
3.100000000000000e+00	6.273217663465912e-01
3.100000000000000e+00	6.296135446021441e-01
3.100000000000000e+00	6.225188322254803e-01
3.100000000000000e+00	6.500430048733096e-01
3.100000000000000e+00	6.076748312044802e-01
3.100000000000000e+00	5.788645870902503e-01
3.100000000000000e+00	6.228319905196731e-01
3.100000000000000e+00	6.472774133484013e-01
3.100000000000000e+00	6.028551502248014e-01
3.100000000000000e+00	5.988737017674300e-01
