1.350000000000000e+00	2.910303930941844e-01
1.350000000000000e+00	2.568759079646611e-01
1.350000000000000e+00	2.728961042345308e-01
1.350000000000000e+00	2.753023901915917e-01
1.350000000000000e+00	2.460963295664358e-01
1.350000000000000e+00	2.856321794353107e-01
1.350000000000000e+00	2.595396502160300e-01
1.350000000000000e+00	2.410550567441396e-01
1.350000000000000e+00	2.754905655113719e-01
1.350000000000000e+00	2.457673890442680e-01
1.350000000000000e+00	2.633656771501479e-01
1.350000000000000e+00	2.810427202282967e-01
1.350000000000000e+00	2.678870481723702e-01
1.350000000000000e+00	2.863700924582410e-01
1.350000000000000e+00	2.965135925952005e-01
1.350000000000000e+00	2.970948697499993e-01
1.350000000000000e+00	2.321817389017732e-01
1.350000000000000e+00	2.907895270447635e-01
1.350000000000000e+00	2.509760460588862e-01
1.350000000000000e+00	2.620702734891026e-01
1.350000000000000e+00	2.238774404567941e-01
1.350000000000000e+00	2.105500203744161e-01
1.350000000000000e+00	2.375904760226422e-01
1.350000000000000e+00	2.876119295409181e-01
1.350000000000000e+00	2.247969419357995e-01
1.350000000000000e+00	2.529168374262332e-01
1.350000000000000e+00	2.882352520336658e-01
1.350000000000000e+00	2.376439540253979e-01
1.350000000000000e+00	2.359848857411695e-01
1.350000000000000e+00	2.590302810788691e-01
1.350000000000000e+00	2.517598317715825e-01
1.350000000000000e+00	2.479756475837143e-01
1.350000000000000e+00	2.232365759478123e-01
1.350000000000000e+00	2.378610319986350e-01
1.350000000000000e+00	2.811523395222304e-01
1.350000000000000e+00	2.611895140239841e-01
1.350000000000000e+00	2.453035985910655e-01
1.350000000000000e+00	2.204570268777245e-01
1.350000000000000e+00	2.300332565097387e-01
1.350000000000000e+00	2.530526021785729e-01
1.350000000000000e+00	2.455608471112666e-01
1.350000000000000e+00	2.637958624987117e-01
1.350000000000000e+00	2.537308148301062e-01
1.350000000000000e+00	2.697575963898515e-01
1.350000000000000e+00	2.403009793951847e-01
1.350000000000000e+00	2.809464309686242e-01
1.350000000000000e+00	2.524282843974542e-01
1.350000000000000e+00	2.264054326931562e-01
1.350000000000000e+00	2.362927272613465e-01
1.350000000000000e+00	2.754969447126153e-01
1.350000000000000e+00	2.153821559719272e-01
1.350000000000000e+00	2.146796824872461e-01
1.350000000000000e+00	2.823365962580122e-01
1.350000000000000e+00	2.514244813439673e-01
1.350000000000000e+00	2.466516474895728e-01
1.350000000000000e+00	1.890298157998217e-01
1.350000000000000e+00	2.535249977652734e-01
1.350000000000000e+00	2.152790674720415e-01
1.350000000000000e+00	2.621274647441281e-01
1.350000000000000e+00	2.359254253049803e-01
1.350000000000000e+00	2.435060393203488e-01
1.350000000000000e+00	2.534053750318376e-01
1.350000000000000e+00	2.415928544187549e-01
1.350000000000000e+00	1.924559215619004e-01
1.350000000000000e+00	1.939652785575961e-01
1.350000000000000e+00	2.513887866374980e-01
1.350000000000000e+00	2.529499716665348e-01
1.350000000000000e+00	2.376507634627331e-01
1.350000000000000e+00	2.522000086051993e-01
1.350000000000000e+00	2.878520534883861e-01
1.350000000000000e+00	3.066458596023556e-01
1.350000000000000e+00	2.418355706520721e-01
1.350000000000000e+00	2.571432009238434e-01
1.350000000000000e+00	2.661797476170046e-01
1.350000000000000e+00	2.818372745210089e-01
1.350000000000000e+00	2.646529888921377e-01
1.350000000000000e+00	2.904156492080625e-01
1.350000000000000e+00	2.331004730210586e-01
1.350000000000000e+00	2.261396897402148e-01
1.350000000000000e+00	2.445485372890721e-01
1.350000000000000e+00	2.616547424831611e-01
1.350000000000000e+00	2.329825880974201e-01
1.350000000000000e+00	2.168373882197743e-01
1.350000000000000e+00	2.472107599611483e-01
1.350000000000000e+00	2.795863055671884e-01
1.350000000000000e+00	2.658250774022101e-01
1.350000000000000e+00	2.448243663720995e-01
1.350000000000000e+00	2.448591419424201e-01
1.350000000000000e+00	2.373999610605204e-01
1.350000000000000e+00	2.818284054195077e-01
1.350000000000000e+00	1.795442581750404e-01
1.350000000000000e+00	1.895255058757265e-01
1.350000000000000e+00	2.739995950815544e-01
1.350000000000000e+00	2.590536580068719e-01
1.350000000000000e+00	2.219150206799668e-01
1.350000000000000e+00	2.357692494190448e-01
1.350000000000000e+00	2.123588722422591e-01
1.350000000000000e+00	2.431681078105614e-01
1.350000000000000e+00	2.819010484043035e-01
1.350000000000000e+00	1.850145633831788e-01
1.350000000000000e+00	2.453983154112357e-01
1.350000000000000e+00	2.517035873414096e-01
1.350000000000000e+00	2.396877924212717e-01
1.350000000000000e+00	2.402419616795849e-01
1.350000000000000e+00	2.491752465223621e-01
1.350000000000000e+00	2.489832573303529e-01
1.350000000000000e+00	2.558310189378671e-01
1.350000000000000e+00	2.614168092738919e-01
1.350000000000000e+00	2.469703064009388e-01
1.350000000000000e+00	2.360167567557618e-01
1.350000000000000e+00	2.699669901672120e-01
1.350000000000000e+00	2.596480844425139e-01
1.350000000000000e+00	2.214975575066942e-01
1.350000000000000e+00	2.570877999290917e-01
1.350000000000000e+00	3.168153012095933e-01
1.350000000000000e+00	2.404234008545320e-01
1.350000000000000e+00	2.345226490194652e-01
1.350000000000000e+00	2.440219381365911e-01
1.350000000000000e+00	2.911620905500846e-01
1.350000000000000e+00	2.725814874041955e-01
1.350000000000000e+00	2.323539949440498e-01
1.350000000000000e+00	2.282558618168921e-01
1.350000000000000e+00	2.893364792822844e-01
1.350000000000000e+00	2.389321941899457e-01
1.350000000000000e+00	2.625930297426529e-01
1.350000000000000e+00	2.410792776554810e-01
1.350000000000000e+00	2.436467820767114e-01
1.350000000000000e+00	2.171245936888581e-01
1.350000000000000e+00	2.186957030033952e-01
1.350000000000000e+00	2.570838054988896e-01
1.350000000000000e+00	2.659204697435533e-01
1.350000000000000e+00	2.585177102189525e-01
1.350000000000000e+00	2.231237525193155e-01
1.350000000000000e+00	2.555966331545221e-01
1.350000000000000e+00	2.464522141675912e-01
1.350000000000000e+00	2.487275765987601e-01
1.350000000000000e+00	2.526166577067353e-01
1.350000000000000e+00	2.422750095307927e-01
1.350000000000000e+00	2.487697439154039e-01
1.350000000000000e+00	2.838788697645885e-01
1.350000000000000e+00	2.196185199779377e-01
1.350000000000000e+00	1.968674998179848e-01
1.350000000000000e+00	2.497764336923742e-01
1.350000000000000e+00	2.447634421316892e-01
1.350000000000000e+00	2.570300539384135e-01
1.350000000000000e+00	2.999124328349115e-01
1.350000000000000e+00	2.362723901027547e-01
1.350000000000000e+00	2.696209900636884e-01
1.350000000000000e+00	2.596743569371138e-01
1.350000000000000e+00	2.560970267850795e-01
1.350000000000000e+00	2.939318242793657e-01
1.350000000000000e+00	2.618153839848710e-01
1.350000000000000e+00	2.617895123030711e-01
1.350000000000000e+00	2.328274071561335e-01
1.350000000000000e+00	2.424004369844958e-01
1.350000000000000e+00	2.031909425858354e-01
1.350000000000000e+00	2.445447782373181e-01
1.350000000000000e+00	2.469073852105049e-01
1.350000000000000e+00	2.340397399616839e-01
1.350000000000000e+00	2.593711525639425e-01
1.350000000000000e+00	2.671872443772380e-01
1.350000000000000e+00	2.752265976623972e-01
1.350000000000000e+00	2.529364501596096e-01
1.350000000000000e+00	2.329246876021300e-01
1.350000000000000e+00	2.261433389267343e-01
1.350000000000000e+00	2.538540909896130e-01
1.350000000000000e+00	2.621418340140086e-01
1.350000000000000e+00	2.687197955491166e-01
1.350000000000000e+00	2.939811878396330e-01
1.350000000000000e+00	2.605625718409352e-01
1.350000000000000e+00	2.533828268395861e-01
1.350000000000000e+00	2.236679490454988e-01
1.350000000000000e+00	2.425731152966809e-01
1.350000000000000e+00	2.375841924936405e-01
1.350000000000000e+00	2.631517655727060e-01
1.350000000000000e+00	2.777722283291494e-01
1.350000000000000e+00	2.450859899436851e-01
1.350000000000000e+00	2.877815276112292e-01
1.350000000000000e+00	2.516179105433134e-01
1.350000000000000e+00	2.429476520650947e-01
1.350000000000000e+00	2.144764032321621e-01
1.350000000000000e+00	2.442227625604850e-01
1.350000000000000e+00	2.456142913919174e-01
1.350000000000000e+00	2.219570542721003e-01
1.350000000000000e+00	2.394855343062029e-01
1.350000000000000e+00	2.615001438165242e-01
1.350000000000000e+00	2.612257540894574e-01
1.350000000000000e+00	2.270031201050977e-01
1.350000000000000e+00	2.307054729885952e-01
1.350000000000000e+00	2.592459021949909e-01
1.350000000000000e+00	2.606651984772416e-01
1.350000000000000e+00	2.806426735428702e-01
1.350000000000000e+00	2.727546381407258e-01
1.350000000000000e+00	2.722290050903214e-01
1.350000000000000e+00	1.939773112763439e-01
1.350000000000000e+00	2.443976191753082e-01
1.350000000000000e+00	2.327085209023981e-01
1.350000000000000e+00	2.472678811130187e-01
1.350000000000000e+00	2.527715621031787e-01
1.350000000000000e+00	2.534316345172696e-01
1.350000000000000e+00	2.471126193456538e-01
1.350000000000000e+00	2.624471501011416e-01
1.350000000000000e+00	2.631829257409233e-01
1.350000000000000e+00	2.519769394259537e-01
1.350000000000000e+00	2.701024435054042e-01
1.350000000000000e+00	2.643945854276546e-01
1.350000000000000e+00	2.477182965945750e-01
1.350000000000000e+00	2.843277559710368e-01
1.350000000000000e+00	2.502001829197709e-01
1.350000000000000e+00	1.925896706806380e-01
1.350000000000000e+00	2.794372003887662e-01
1.350000000000000e+00	2.595585149038865e-01
1.350000000000000e+00	2.872954559481766e-01
1.350000000000000e+00	2.099264842087098e-01
1.350000000000000e+00	2.429355391172114e-01
1.350000000000000e+00	2.413056606645926e-01
1.350000000000000e+00	2.061987115883263e-01
1.350000000000000e+00	2.907106191434320e-01
1.350000000000000e+00	2.388787632114578e-01
1.350000000000000e+00	2.798633410137674e-01
1.350000000000000e+00	2.638619490245540e-01
1.350000000000000e+00	2.238738311864305e-01
1.350000000000000e+00	2.417368372955488e-01
1.350000000000000e+00	2.035048124784993e-01
1.350000000000000e+00	1.920493248327762e-01
1.350000000000000e+00	1.963954599638863e-01
1.350000000000000e+00	2.210041147179984e-01
1.350000000000000e+00	2.217161914517410e-01
1.350000000000000e+00	2.389328613513232e-01
1.350000000000000e+00	2.601989795832291e-01
1.350000000000000e+00	2.709075111783142e-01
1.350000000000000e+00	2.768846040432390e-01
1.350000000000000e+00	2.816367884240757e-01
1.350000000000000e+00	2.426979206742115e-01
1.350000000000000e+00	2.736818396344860e-01
1.350000000000000e+00	2.213916556402323e-01
1.350000000000000e+00	2.719686544827492e-01
1.350000000000000e+00	2.242227166150895e-01
1.350000000000000e+00	2.479469061353539e-01
1.350000000000000e+00	2.339111027629043e-01
1.350000000000000e+00	2.749490978997506e-01
1.350000000000000e+00	2.551550571464474e-01
1.350000000000000e+00	2.457919943977658e-01
1.350000000000000e+00	2.304791749673755e-01
1.350000000000000e+00	2.325195485518414e-01
1.350000000000000e+00	2.352404258380770e-01
1.350000000000000e+00	2.415101544178794e-01
1.350000000000000e+00	3.029388827144247e-01
1.350000000000000e+00	2.560866648237575e-01
1.350000000000000e+00	2.704321280206892e-01
1.350000000000000e+00	2.703836006242198e-01
1.350000000000000e+00	2.794664815431740e-01
1.350000000000000e+00	2.308529460107058e-01
1.350000000000000e+00	2.723122463720296e-01
1.350000000000000e+00	1.972987152231686e-01
1.350000000000000e+00	2.548232439686235e-01
1.350000000000000e+00	1.973069152743608e-01
1.350000000000000e+00	2.689563846254662e-01
1.350000000000000e+00	2.342479801871510e-01
1.350000000000000e+00	2.544652742779795e-01
1.350000000000000e+00	2.930901678200579e-01
1.350000000000000e+00	2.216307297976685e-01
1.350000000000000e+00	2.783450596924216e-01
1.350000000000000e+00	2.199247324748619e-01
1.350000000000000e+00	2.520054990408592e-01
1.350000000000000e+00	2.365002905402052e-01
1.350000000000000e+00	2.621284331249652e-01
1.350000000000000e+00	2.085766316898125e-01
1.350000000000000e+00	2.022136053694225e-01
1.350000000000000e+00	2.554603401679705e-01
1.350000000000000e+00	2.357140242396238e-01
1.350000000000000e+00	2.511666127421688e-01
1.350000000000000e+00	2.512028125041023e-01
1.350000000000000e+00	2.367375235566048e-01
1.350000000000000e+00	2.303106251292534e-01
1.350000000000000e+00	2.275854353978928e-01
1.350000000000000e+00	2.000648601693662e-01
1.350000000000000e+00	2.271313252357654e-01
1.350000000000000e+00	2.422333434731057e-01
1.350000000000000e+00	2.468552956258273e-01
1.350000000000000e+00	2.548190987867133e-01
1.350000000000000e+00	2.797920420600483e-01
1.350000000000000e+00	2.913580774705937e-01
1.350000000000000e+00	2.361380176747060e-01
1.350000000000000e+00	2.626612565674767e-01
1.350000000000000e+00	2.730149852844883e-01
1.350000000000000e+00	2.654537811682917e-01
1.350000000000000e+00	3.049770569760300e-01
1.350000000000000e+00	2.563957290522951e-01
1.350000000000000e+00	3.189698707303925e-01
1.350000000000000e+00	2.495073872540330e-01
1.350000000000000e+00	2.257367865121052e-01
1.350000000000000e+00	2.607280603843553e-01
1.350000000000000e+00	2.049154313830683e-01
1.350000000000000e+00	2.751735753729833e-01
1.350000000000000e+00	2.620815500902599e-01
1.350000000000000e+00	2.614901719248967e-01
1.350000000000000e+00	2.574875233100655e-01
1.350000000000000e+00	2.412255405807154e-01
1.350000000000000e+00	2.422181220293618e-01
1.350000000000000e+00	2.565097177943436e-01
1.350000000000000e+00	2.291582136119689e-01
1.350000000000000e+00	2.219225163114328e-01
1.350000000000000e+00	2.326257258703961e-01
1.350000000000000e+00	2.462576892772399e-01
1.350000000000000e+00	2.519315512216136e-01
1.350000000000000e+00	2.535863901352131e-01
1.350000000000000e+00	2.734297721328023e-01
1.350000000000000e+00	2.538263549825424e-01
1.350000000000000e+00	2.459033883002246e-01
1.350000000000000e+00	2.821383067528008e-01
1.350000000000000e+00	2.327203069293932e-01
1.350000000000000e+00	2.218924749826144e-01
1.350000000000000e+00	2.774618354195642e-01
1.350000000000000e+00	2.796972312465322e-01
1.350000000000000e+00	2.413754423881505e-01
1.350000000000000e+00	2.730402738808727e-01
1.350000000000000e+00	2.469521235402076e-01
1.350000000000000e+00	2.071341732597792e-01
1.350000000000000e+00	2.845405907954835e-01
1.350000000000000e+00	2.645193389391760e-01
1.350000000000000e+00	2.740780504463318e-01
1.350000000000000e+00	2.832287906339693e-01
1.350000000000000e+00	2.594737370330990e-01
1.350000000000000e+00	1.950106075557178e-01
1.350000000000000e+00	2.370572537684641e-01
1.350000000000000e+00	1.963279731372126e-01
1.350000000000000e+00	2.070513300073770e-01
1.350000000000000e+00	2.819567999385427e-01
1.350000000000000e+00	2.442509238662419e-01
1.350000000000000e+00	2.445162760335610e-01
1.350000000000000e+00	2.220116722801277e-01
1.350000000000000e+00	2.511032008211452e-01
1.350000000000000e+00	2.454284330714530e-01
1.350000000000000e+00	2.505969807760998e-01
1.350000000000000e+00	2.218684363402330e-01
1.350000000000000e+00	2.711109725712599e-01
1.350000000000000e+00	2.467937859576096e-01
1.350000000000000e+00	2.490945821762438e-01
1.350000000000000e+00	2.401444771118183e-01
1.350000000000000e+00	2.788069848061852e-01
1.350000000000000e+00	2.353268833944125e-01
1.350000000000000e+00	2.445944604612516e-01
1.350000000000000e+00	2.245930748657038e-01
1.350000000000000e+00	3.077301407448534e-01
1.350000000000000e+00	2.807348860940013e-01
1.350000000000000e+00	2.699791494444945e-01
1.350000000000000e+00	2.440291312276814e-01
1.350000000000000e+00	2.394393279234926e-01
1.350000000000000e+00	2.531160561786943e-01
1.350000000000000e+00	2.597532706621270e-01
1.350000000000000e+00	2.077316889269593e-01
1.350000000000000e+00	2.419185476169036e-01
1.350000000000000e+00	2.578813776492512e-01
1.350000000000000e+00	2.202643330037884e-01
1.350000000000000e+00	2.503881039262961e-01
1.350000000000000e+00	2.445254391739665e-01
1.350000000000000e+00	2.428814981328253e-01
1.350000000000000e+00	2.408136890443657e-01
1.350000000000000e+00	2.699850524000572e-01
1.350000000000000e+00	2.388292857763376e-01
1.350000000000000e+00	2.755575825556709e-01
1.350000000000000e+00	2.369586553985595e-01
1.350000000000000e+00	2.394422896515942e-01
1.350000000000000e+00	2.317730576010342e-01
1.350000000000000e+00	2.631123855860958e-01
1.350000000000000e+00	2.357409075339675e-01
1.350000000000000e+00	2.179353927180172e-01
1.350000000000000e+00	2.717264616661511e-01
1.350000000000000e+00	2.331686530702993e-01
1.350000000000000e+00	2.496781046809576e-01
1.350000000000000e+00	2.382926492015807e-01
1.350000000000000e+00	2.848168403616121e-01
1.350000000000000e+00	2.592841950103822e-01
1.350000000000000e+00	2.487514972872198e-01
1.350000000000000e+00	2.307028625403947e-01
1.350000000000000e+00	2.422929123238670e-01
1.350000000000000e+00	2.510679390536254e-01
1.350000000000000e+00	2.327644158604507e-01
1.350000000000000e+00	2.245073409308535e-01
1.350000000000000e+00	2.710514269592066e-01
1.350000000000000e+00	2.863625112794657e-01
1.350000000000000e+00	2.451980704313247e-01
1.350000000000000e+00	2.848906482414473e-01
1.350000000000000e+00	2.286526221445477e-01
1.350000000000000e+00	2.873279165029303e-01
1.350000000000000e+00	1.927592804028284e-01
1.350000000000000e+00	2.587017327706946e-01
1.350000000000000e+00	2.596708559668494e-01
1.350000000000000e+00	2.510499856092496e-01
1.350000000000000e+00	2.298260367509527e-01
1.350000000000000e+00	2.684725839851292e-01
1.350000000000000e+00	2.771598903321373e-01
1.350000000000000e+00	2.734597135922956e-01
1.350000000000000e+00	2.391996772498716e-01
1.350000000000000e+00	2.639981753689154e-01
1.350000000000000e+00	2.404077514512685e-01
1.350000000000000e+00	2.302354014230079e-01
1.350000000000000e+00	2.268152903942715e-01
1.350000000000000e+00	2.106160689744552e-01
1.350000000000000e+00	2.375194712308012e-01
1.350000000000000e+00	2.507110745577676e-01
1.350000000000000e+00	2.636853785926451e-01
1.350000000000000e+00	2.971320283121140e-01
1.350000000000000e+00	2.951726385983718e-01
1.350000000000000e+00	2.870023323132421e-01
1.350000000000000e+00	2.056047224979554e-01
1.350000000000000e+00	2.189812769417900e-01
1.350000000000000e+00	2.732996056624529e-01
1.350000000000000e+00	2.956927781358039e-01
1.350000000000000e+00	2.435980560114993e-01
1.350000000000000e+00	2.333937905152007e-01
1.350000000000000e+00	2.321513531405533e-01
1.350000000000000e+00	2.601920131282575e-01
1.350000000000000e+00	2.508643771124232e-01
1.350000000000000e+00	2.414906771039468e-01
1.350000000000000e+00	2.442756117538865e-01
1.350000000000000e+00	2.573596451758245e-01
1.350000000000000e+00	2.537066564053178e-01
1.350000000000000e+00	2.627765303062249e-01
1.350000000000000e+00	2.209278919778487e-01
1.350000000000000e+00	2.515125079470505e-01
1.350000000000000e+00	3.078357894021498e-01
1.350000000000000e+00	2.531975798353628e-01
1.350000000000000e+00	2.352945285855398e-01
1.350000000000000e+00	2.717957504952062e-01
1.350000000000000e+00	2.581541957795494e-01
1.350000000000000e+00	2.439095199785993e-01
1.350000000000000e+00	2.701464784136613e-01
1.350000000000000e+00	2.713934422740957e-01
1.350000000000000e+00	2.652270082706881e-01
1.350000000000000e+00	2.294582590597135e-01
1.350000000000000e+00	2.621285733496804e-01
1.350000000000000e+00	2.144476297744726e-01
1.350000000000000e+00	2.375260265577285e-01
1.350000000000000e+00	2.584037590447741e-01
1.350000000000000e+00	2.282098921471499e-01
1.350000000000000e+00	2.755766476713855e-01
1.350000000000000e+00	2.468203577265141e-01
1.350000000000000e+00	2.579092530784509e-01
1.350000000000000e+00	2.254811297572650e-01
1.350000000000000e+00	2.695758827735136e-01
1.350000000000000e+00	2.457301075612979e-01
1.350000000000000e+00	2.563853592138174e-01
1.350000000000000e+00	2.756311906316539e-01
1.350000000000000e+00	2.272142204810910e-01
1.350000000000000e+00	2.096952424314349e-01
1.350000000000000e+00	2.647067904458456e-01
1.350000000000000e+00	2.701525392650002e-01
1.350000000000000e+00	2.615077363767412e-01
1.350000000000000e+00	2.361634012653533e-01
1.350000000000000e+00	2.497356154601202e-01
1.350000000000000e+00	2.437657256177611e-01
1.350000000000000e+00	2.594872902275219e-01
1.350000000000000e+00	2.836779427946387e-01
1.350000000000000e+00	2.257362659764163e-01
1.350000000000000e+00	2.381057197823665e-01
1.350000000000000e+00	2.258163561602607e-01
1.350000000000000e+00	2.675405101440483e-01
1.350000000000000e+00	2.507166856756558e-01
1.350000000000000e+00	2.959937476394053e-01
1.350000000000000e+00	2.360932893498249e-01
1.350000000000000e+00	2.824399311551615e-01
1.350000000000000e+00	2.443739872102340e-01
1.350000000000000e+00	2.112857494006475e-01
1.350000000000000e+00	2.396131802702103e-01
1.350000000000000e+00	2.528893017558857e-01
1.350000000000000e+00	2.440136421426676e-01
1.350000000000000e+00	2.588159719433315e-01
1.350000000000000e+00	2.514490528125428e-01
1.350000000000000e+00	2.470717644031949e-01
1.350000000000000e+00	2.822255997783970e-01
1.350000000000000e+00	2.276537186250219e-01
1.350000000000000e+00	2.615891905355439e-01
1.350000000000000e+00	2.374034322123487e-01
1.350000000000000e+00	2.818195236215857e-01
1.350000000000000e+00	2.790197825850649e-01
1.350000000000000e+00	2.629345533747361e-01
1.350000000000000e+00	2.224295853176090e-01
1.350000000000000e+00	2.284243016688964e-01
1.350000000000000e+00	2.636041679694535e-01
1.350000000000000e+00	2.098320448046013e-01
1.350000000000000e+00	2.233786030571489e-01
1.350000000000000e+00	2.150589683913300e-01
1.350000000000000e+00	2.558118148298242e-01
1.350000000000000e+00	2.860377206289508e-01
1.350000000000000e+00	2.353926030785372e-01
1.350000000000000e+00	2.680269421691363e-01
1.350000000000000e+00	2.834360081870121e-01
1.350000000000000e+00	2.661714776359866e-01
1.350000000000000e+00	3.103450114757021e-01
1.350000000000000e+00	2.739064888108383e-01
1.350000000000000e+00	2.488468558943107e-01
1.350000000000000e+00	2.419221714264359e-01
1.350000000000000e+00	2.498141055117307e-01
1.350000000000000e+00	2.948434946426788e-01
1.350000000000000e+00	2.634501552073037e-01
1.350000000000000e+00	3.240569272860275e-01
1.350000000000000e+00	2.952401492188959e-01
1.350000000000000e+00	2.332278324542938e-01
1.350000000000000e+00	2.588017539725513e-01
1.350000000000000e+00	2.370480065369598e-01
1.350000000000000e+00	2.311539541843051e-01
1.350000000000000e+00	2.150393260864702e-01
1.350000000000000e+00	2.568867189914921e-01
1.350000000000000e+00	2.521849801080091e-01
1.350000000000000e+00	2.772333825630464e-01
1.350000000000000e+00	2.319433781049835e-01
1.350000000000000e+00	2.410945324548517e-01
1.350000000000000e+00	2.843687338035673e-01
1.350000000000000e+00	2.238212625477359e-01
1.350000000000000e+00	2.859819824033879e-01
1.350000000000000e+00	2.153761307319066e-01
1.350000000000000e+00	2.687473352823658e-01
1.350000000000000e+00	2.394930251522150e-01
1.350000000000000e+00	2.865359636823536e-01
1.350000000000000e+00	2.309725897796399e-01
1.350000000000000e+00	2.594807856759712e-01
1.350000000000000e+00	2.145680966549713e-01
1.350000000000000e+00	2.133111104593599e-01
1.350000000000000e+00	1.873613937937159e-01
1.350000000000000e+00	2.561926469421218e-01
1.350000000000000e+00	2.788972237575801e-01
1.350000000000000e+00	2.479307292553429e-01
1.350000000000000e+00	2.041594453733297e-01
1.350000000000000e+00	2.236372347410045e-01
1.350000000000000e+00	2.464858024481969e-01
1.350000000000000e+00	2.501253196176671e-01
1.350000000000000e+00	2.844018778467528e-01
1.350000000000000e+00	2.702304425539908e-01
1.350000000000000e+00	2.664768459059710e-01
1.350000000000000e+00	2.715892836522674e-01
1.350000000000000e+00	2.775251167708228e-01
1.350000000000000e+00	2.489684320753468e-01
1.350000000000000e+00	2.450758043287990e-01
1.350000000000000e+00	1.812239722732558e-01
1.350000000000000e+00	2.440009182434037e-01
1.350000000000000e+00	2.116708263198965e-01
1.350000000000000e+00	2.380293823813023e-01
1.350000000000000e+00	2.411811001929207e-01
1.350000000000000e+00	2.396203191883696e-01
1.350000000000000e+00	2.280071404557338e-01
1.350000000000000e+00	2.308524663925350e-01
1.350000000000000e+00	2.122681253792121e-01
1.350000000000000e+00	2.739400496162110e-01
1.350000000000000e+00	2.630932963903756e-01
1.350000000000000e+00	2.630496674048143e-01
1.350000000000000e+00	2.718816515069719e-01
1.350000000000000e+00	2.360387536381780e-01
1.350000000000000e+00	2.334950895460843e-01
1.350000000000000e+00	2.044753927221000e-01
1.350000000000000e+00	2.063847891427713e-01
1.350000000000000e+00	2.110276696420200e-01
1.350000000000000e+00	2.105106341208716e-01
1.350000000000000e+00	2.397071317545551e-01
1.350000000000000e+00	2.727441745183504e-01
1.350000000000000e+00	2.654817449674468e-01
1.350000000000000e+00	2.904854802770256e-01
1.350000000000000e+00	2.645421483586781e-01
1.350000000000000e+00	2.465060900087089e-01
1.350000000000000e+00	2.565054031203010e-01
1.350000000000000e+00	2.212895062403389e-01
1.350000000000000e+00	2.571400402682960e-01
1.350000000000000e+00	2.116109974645413e-01
1.350000000000000e+00	2.420289927413136e-01
1.350000000000000e+00	2.302236862469276e-01
1.350000000000000e+00	2.478764606600344e-01
1.350000000000000e+00	2.446651126421960e-01
1.350000000000000e+00	2.606476554191904e-01
1.350000000000000e+00	3.090543506830493e-01
1.350000000000000e+00	2.343913258369607e-01
1.350000000000000e+00	2.302100092076929e-01
1.350000000000000e+00	2.046727359527201e-01
1.350000000000000e+00	2.355189304665997e-01
1.350000000000000e+00	2.447257671081488e-01
1.350000000000000e+00	2.742866240329446e-01
1.350000000000000e+00	3.193058110514242e-01
1.350000000000000e+00	2.417136225866072e-01
1.350000000000000e+00	2.354953865832155e-01
1.350000000000000e+00	2.223844805606781e-01
1.350000000000000e+00	2.610499120328060e-01
1.350000000000000e+00	2.395707611379580e-01
1.350000000000000e+00	1.842973231192511e-01
1.350000000000000e+00	2.069354245636906e-01
1.350000000000000e+00	2.720675016173079e-01
1.350000000000000e+00	2.374211649746109e-01
1.350000000000000e+00	2.264642679848226e-01
1.350000000000000e+00	3.116365868861443e-01
1.350000000000000e+00	2.604055712591001e-01
1.350000000000000e+00	2.415782588797053e-01
1.350000000000000e+00	2.450390985988060e-01
1.350000000000000e+00	2.363177007543234e-01
1.350000000000000e+00	2.115259377500706e-01
1.350000000000000e+00	2.673715206985236e-01
1.350000000000000e+00	3.032828532958873e-01
1.350000000000000e+00	2.910356634640097e-01
1.350000000000000e+00	3.102874262485722e-01
1.350000000000000e+00	2.711105661702254e-01
1.350000000000000e+00	2.564042687533382e-01
1.350000000000000e+00	2.908196526337169e-01
1.350000000000000e+00	2.972698351981473e-01
1.350000000000000e+00	2.235815219110641e-01
1.350000000000000e+00	1.889218815730713e-01
1.350000000000000e+00	1.902724419619529e-01
1.350000000000000e+00	1.740686950442203e-01
1.350000000000000e+00	2.167894230761611e-01
1.350000000000000e+00	2.706724484800050e-01
1.350000000000000e+00	2.816470712461865e-01
1.350000000000000e+00	2.663213660386016e-01
1.350000000000000e+00	1.916360402622744e-01
1.350000000000000e+00	2.538523625609817e-01
1.350000000000000e+00	1.953081028661016e-01
1.350000000000000e+00	2.295638387196760e-01
1.350000000000000e+00	2.624134632203361e-01
1.350000000000000e+00	2.404943753379527e-01
1.350000000000000e+00	2.379896398898577e-01
1.350000000000000e+00	2.146239242658368e-01
1.350000000000000e+00	2.187618960468950e-01
1.350000000000000e+00	2.422410539748184e-01
1.350000000000000e+00	2.711160641605681e-01
1.350000000000000e+00	2.415457923757894e-01
1.350000000000000e+00	2.652614563965719e-01
1.350000000000000e+00	2.481674600472014e-01
1.350000000000000e+00	2.663241475306793e-01
1.350000000000000e+00	3.095474761918114e-01
1.350000000000000e+00	2.384522495239368e-01
1.350000000000000e+00	2.073837239939272e-01
1.350000000000000e+00	2.470386204420246e-01
1.350000000000000e+00	2.868348211821940e-01
1.350000000000000e+00	2.434184879573523e-01
1.350000000000000e+00	2.546642263187613e-01
1.350000000000000e+00	2.401410991023600e-01
1.350000000000000e+00	2.559224753737287e-01
1.350000000000000e+00	2.697269266493557e-01
1.350000000000000e+00	2.493373553951904e-01
1.350000000000000e+00	2.403944381413144e-01
1.350000000000000e+00	2.667478954180289e-01
1.350000000000000e+00	2.680506445163377e-01
1.350000000000000e+00	2.467167477641048e-01
1.350000000000000e+00	2.312629428563795e-01
1.350000000000000e+00	2.210236058556352e-01
1.350000000000000e+00	2.277747653134626e-01
1.350000000000000e+00	2.298940803012284e-01
1.350000000000000e+00	2.901067276944618e-01
1.350000000000000e+00	3.177587920209060e-01
1.350000000000000e+00	2.806697863119639e-01
1.350000000000000e+00	2.428787201336750e-01
1.350000000000000e+00	2.806403642316810e-01
1.350000000000000e+00	2.470402379963902e-01
1.350000000000000e+00	2.350847940983395e-01
1.350000000000000e+00	2.340950884534624e-01
1.350000000000000e+00	2.383932188853712e-01
1.350000000000000e+00	2.231016974492387e-01
1.350000000000000e+00	2.311527200582028e-01
1.350000000000000e+00	2.325657168796935e-01
1.350000000000000e+00	2.012916326411621e-01
1.350000000000000e+00	2.367985880461822e-01
1.350000000000000e+00	2.797374069822692e-01
1.350000000000000e+00	2.273232770751949e-01
1.350000000000000e+00	2.779181771536770e-01
1.350000000000000e+00	2.230491723006385e-01
1.350000000000000e+00	2.431058586188087e-01
1.350000000000000e+00	2.726695763737195e-01
1.350000000000000e+00	2.362179347987524e-01
1.350000000000000e+00	2.813882271395475e-01
1.350000000000000e+00	2.359222995910823e-01
1.350000000000000e+00	3.165143517791754e-01
1.350000000000000e+00	2.825101964007630e-01
1.350000000000000e+00	2.823118233426650e-01
1.350000000000000e+00	2.367419358994960e-01
1.350000000000000e+00	2.408160157451494e-01
1.350000000000000e+00	2.426391642602149e-01
1.350000000000000e+00	2.325363185767756e-01
1.350000000000000e+00	2.751339267981170e-01
1.350000000000000e+00	2.381130013623150e-01
1.350000000000000e+00	2.680304641003147e-01
1.350000000000000e+00	2.661252139826137e-01
1.350000000000000e+00	2.618657038783218e-01
1.350000000000000e+00	2.197181624431774e-01
1.350000000000000e+00	2.402238722833626e-01
1.350000000000000e+00	2.721314704869577e-01
1.350000000000000e+00	2.382162298905457e-01
1.350000000000000e+00	2.327252617756713e-01
1.350000000000000e+00	2.577683675663571e-01
1.350000000000000e+00	2.345174522101855e-01
1.350000000000000e+00	2.520148951948635e-01
1.350000000000000e+00	2.853187839695658e-01
1.350000000000000e+00	2.438486726070721e-01
1.350000000000000e+00	2.207615707247657e-01
1.350000000000000e+00	2.514354921383105e-01
1.350000000000000e+00	2.903811923365915e-01
1.350000000000000e+00	2.436830676936634e-01
1.350000000000000e+00	2.348452405195034e-01
1.350000000000000e+00	2.365607798612555e-01
1.350000000000000e+00	1.976660115375693e-01
1.350000000000000e+00	2.206388202363001e-01
1.350000000000000e+00	2.420015690555111e-01
1.350000000000000e+00	2.258937082116869e-01
1.350000000000000e+00	2.371997435674745e-01
1.350000000000000e+00	2.406390871261739e-01
1.350000000000000e+00	2.279158941260914e-01
1.350000000000000e+00	3.008299309626207e-01
1.350000000000000e+00	2.908358502630903e-01
1.350000000000000e+00	2.457472631377909e-01
1.350000000000000e+00	2.225457128846796e-01
1.350000000000000e+00	2.097184435175987e-01
1.350000000000000e+00	2.261510662171956e-01
1.350000000000000e+00	2.690760841245593e-01
1.350000000000000e+00	2.533425075032917e-01
1.350000000000000e+00	2.175307696524657e-01
1.350000000000000e+00	2.566641882971574e-01
1.350000000000000e+00	2.532575139774732e-01
1.350000000000000e+00	2.734931755919748e-01
1.350000000000000e+00	2.068168720896754e-01
1.350000000000000e+00	2.667874299322718e-01
1.350000000000000e+00	2.929726591699857e-01
1.350000000000000e+00	2.653288632653514e-01
1.350000000000000e+00	2.794331518772196e-01
1.350000000000000e+00	2.532359349087638e-01
1.350000000000000e+00	2.613247064374230e-01
1.350000000000000e+00	2.471950404446810e-01
1.350000000000000e+00	2.743634896560155e-01
1.350000000000000e+00	2.689184009120796e-01
1.350000000000000e+00	2.201105495367074e-01
1.350000000000000e+00	2.359948175086617e-01
1.350000000000000e+00	2.880779878672054e-01
1.350000000000000e+00	2.512742666028150e-01
1.350000000000000e+00	2.533492363941746e-01
1.350000000000000e+00	2.403465307513094e-01
1.350000000000000e+00	2.400349325648351e-01
1.350000000000000e+00	2.179057290905973e-01
1.350000000000000e+00	2.099021718520834e-01
1.350000000000000e+00	2.651072142430211e-01
1.350000000000000e+00	2.779248466663490e-01
1.350000000000000e+00	2.180859613908785e-01
1.350000000000000e+00	2.406800728112880e-01
1.350000000000000e+00	2.438221506539515e-01
1.350000000000000e+00	2.483886021829079e-01
1.350000000000000e+00	2.566464437848718e-01
1.350000000000000e+00	2.697293006273382e-01
1.350000000000000e+00	2.548844271887399e-01
1.350000000000000e+00	2.320017951147041e-01
1.350000000000000e+00	2.778305655124801e-01
1.350000000000000e+00	2.831366156635338e-01
1.350000000000000e+00	2.409202005981641e-01
1.350000000000000e+00	2.394540832915633e-01
1.350000000000000e+00	2.545492067038159e-01
1.350000000000000e+00	2.450649454588739e-01
1.350000000000000e+00	2.571810015276745e-01
1.350000000000000e+00	2.575920507920779e-01
1.350000000000000e+00	2.318032525545335e-01
1.350000000000000e+00	2.477631078857030e-01
1.350000000000000e+00	1.994466455746524e-01
1.350000000000000e+00	2.492235251832784e-01
1.350000000000000e+00	2.754339649163642e-01
1.350000000000000e+00	2.542699710943020e-01
1.350000000000000e+00	2.638106054254661e-01
1.350000000000000e+00	2.461577388444581e-01
1.350000000000000e+00	2.253203639912450e-01
1.350000000000000e+00	2.351649793885235e-01
1.350000000000000e+00	2.497053536506514e-01
1.350000000000000e+00	2.384509501758448e-01
1.350000000000000e+00	2.231517908035853e-01
1.350000000000000e+00	2.304552692349383e-01
1.350000000000000e+00	2.270858748114692e-01
1.350000000000000e+00	2.156748371615800e-01
1.350000000000000e+00	2.400704873305393e-01
1.350000000000000e+00	2.311762892763047e-01
1.350000000000000e+00	2.260878622735913e-01
1.350000000000000e+00	2.429367149521609e-01
1.350000000000000e+00	2.236833998715762e-01
1.350000000000000e+00	2.367052723789529e-01
1.350000000000000e+00	2.535644717160558e-01
1.350000000000000e+00	2.957722178284578e-01
1.350000000000000e+00	2.947275804635150e-01
1.350000000000000e+00	2.501597549523399e-01
1.350000000000000e+00	1.926701253091730e-01
1.350000000000000e+00	2.707866851156549e-01
1.350000000000000e+00	2.486511314227499e-01
1.350000000000000e+00	2.241820021131592e-01
1.350000000000000e+00	2.408067375473692e-01
1.350000000000000e+00	2.755116608806054e-01
1.350000000000000e+00	2.573831032635809e-01
1.350000000000000e+00	2.333682507776877e-01
1.350000000000000e+00	2.849513746641983e-01
1.350000000000000e+00	2.233603142976980e-01
1.350000000000000e+00	2.954138000567080e-01
1.350000000000000e+00	3.099671437651665e-01
1.350000000000000e+00	2.702982848303569e-01
1.350000000000000e+00	2.634736619256034e-01
1.350000000000000e+00	2.851902231451563e-01
1.350000000000000e+00	2.396676419682359e-01
1.350000000000000e+00	2.526781255067128e-01
1.350000000000000e+00	2.393834445408166e-01
1.350000000000000e+00	2.411758668260840e-01
1.350000000000000e+00	1.861432340439645e-01
1.350000000000000e+00	2.066296540794034e-01
1.350000000000000e+00	2.552608558010927e-01
1.350000000000000e+00	2.897557536316039e-01
1.350000000000000e+00	2.476361157697614e-01
1.350000000000000e+00	2.646352608727255e-01
1.350000000000000e+00	2.488108817490652e-01
1.350000000000000e+00	3.179630800773893e-01
1.350000000000000e+00	2.621277976966231e-01
1.350000000000000e+00	2.624102632158815e-01
1.350000000000000e+00	2.523692341965027e-01
1.350000000000000e+00	2.131027345108561e-01
1.350000000000000e+00	2.438504164131048e-01
1.350000000000000e+00	2.190957432356821e-01
1.350000000000000e+00	2.310397187681727e-01
1.350000000000000e+00	2.777349422530034e-01
1.350000000000000e+00	2.534713312208551e-01
1.350000000000000e+00	2.257746490237455e-01
1.350000000000000e+00	2.332387793351598e-01
1.350000000000000e+00	2.182786687187259e-01
1.350000000000000e+00	2.401658893689210e-01
1.350000000000000e+00	2.570195878129404e-01
1.350000000000000e+00	2.463151495076626e-01
1.350000000000000e+00	2.670941762040008e-01
1.350000000000000e+00	2.641451158946989e-01
1.350000000000000e+00	2.418335813927197e-01
1.350000000000000e+00	2.251677209362049e-01
1.350000000000000e+00	2.221526986278129e-01
1.350000000000000e+00	2.347411810503897e-01
1.350000000000000e+00	2.532946992064031e-01
1.350000000000000e+00	2.441410600942386e-01
1.350000000000000e+00	2.155497654848867e-01
1.350000000000000e+00	2.405939984938684e-01
1.350000000000000e+00	2.525419899069967e-01
1.350000000000000e+00	2.575554139033493e-01
1.350000000000000e+00	2.373326638355399e-01
1.350000000000000e+00	2.644282392748029e-01
1.350000000000000e+00	2.558217054997838e-01
1.350000000000000e+00	2.550147162148465e-01
1.350000000000000e+00	2.421646304463237e-01
1.350000000000000e+00	2.538891489172492e-01
1.350000000000000e+00	2.419426132811198e-01
1.350000000000000e+00	2.636890947865353e-01
1.350000000000000e+00	2.681863360535728e-01
1.350000000000000e+00	2.620812701989230e-01
1.350000000000000e+00	2.745932732808226e-01
1.350000000000000e+00	2.438327392744940e-01
1.350000000000000e+00	2.163883604444776e-01
1.350000000000000e+00	2.051708468349759e-01
1.350000000000000e+00	2.181736235046459e-01
1.350000000000000e+00	2.191040145648786e-01
1.350000000000000e+00	2.531695386022380e-01
1.350000000000000e+00	2.242132230954045e-01
1.350000000000000e+00	2.439255414863929e-01
1.350000000000000e+00	2.568627860054313e-01
1.350000000000000e+00	2.456957124733942e-01
1.350000000000000e+00	2.417775311029894e-01
1.350000000000000e+00	2.347859875819164e-01
1.350000000000000e+00	2.501964808811287e-01
1.350000000000000e+00	2.368153257004132e-01
1.350000000000000e+00	2.248513884913816e-01
1.350000000000000e+00	2.718020446683380e-01
1.350000000000000e+00	2.284490727922662e-01
1.350000000000000e+00	2.548543951916440e-01
1.350000000000000e+00	2.129294960610808e-01
1.350000000000000e+00	3.121605752504395e-01
1.350000000000000e+00	2.446686459772043e-01
1.350000000000000e+00	2.171226541115228e-01
1.350000000000000e+00	2.848329204015568e-01
1.350000000000000e+00	2.711965543029474e-01
1.350000000000000e+00	2.866351658255838e-01
1.350000000000000e+00	2.256065547520739e-01
1.350000000000000e+00	2.475995248250312e-01
1.350000000000000e+00	2.528817498447958e-01
1.350000000000000e+00	2.558916860926453e-01
1.350000000000000e+00	2.292230235453397e-01
1.350000000000000e+00	2.558166117962273e-01
1.350000000000000e+00	2.985113203206005e-01
1.350000000000000e+00	2.207201212764877e-01
1.350000000000000e+00	2.509462251240029e-01
1.350000000000000e+00	2.468586008041803e-01
1.350000000000000e+00	2.567585503206823e-01
1.350000000000000e+00	2.204863375368163e-01
1.350000000000000e+00	2.412145513708166e-01
1.350000000000000e+00	2.793604720407153e-01
1.350000000000000e+00	2.263799054856901e-01
1.350000000000000e+00	2.598711743766129e-01
1.350000000000000e+00	2.450229591795332e-01
1.350000000000000e+00	2.490858946587590e-01
1.350000000000000e+00	2.454008315423507e-01
1.350000000000000e+00	2.168056643597002e-01
1.350000000000000e+00	2.327075615402521e-01
1.350000000000000e+00	2.460582453113824e-01
1.350000000000000e+00	2.485156694800720e-01
1.350000000000000e+00	2.742248425652144e-01
1.350000000000000e+00	2.834240575006380e-01
1.350000000000000e+00	2.408919835321886e-01
1.350000000000000e+00	2.275082591084003e-01
1.350000000000000e+00	2.602813060015866e-01
1.350000000000000e+00	3.016404368571488e-01
1.350000000000000e+00	2.185394196565190e-01
1.350000000000000e+00	2.313580546796850e-01
1.350000000000000e+00	2.176173943738507e-01
1.350000000000000e+00	2.226776336411762e-01
1.350000000000000e+00	2.299036177327751e-01
1.350000000000000e+00	2.462182227212435e-01
1.350000000000000e+00	2.930083700414940e-01
1.350000000000000e+00	2.672521439711926e-01
1.350000000000000e+00	2.489076368916316e-01
1.350000000000000e+00	2.594261326099689e-01
1.350000000000000e+00	2.628384643161750e-01
1.350000000000000e+00	2.464528160420786e-01
1.350000000000000e+00	2.828302206721815e-01
1.350000000000000e+00	2.499654185009655e-01
1.350000000000000e+00	2.640676512429472e-01
1.350000000000000e+00	2.466525814892859e-01
1.350000000000000e+00	2.270704410573360e-01
1.350000000000000e+00	2.460774344050705e-01
1.350000000000000e+00	2.598671209339280e-01
1.350000000000000e+00	2.189537604718109e-01
1.350000000000000e+00	2.312504404399469e-01
1.350000000000000e+00	2.460179217708884e-01
1.350000000000000e+00	2.821492642399496e-01
1.350000000000000e+00	2.140587402427375e-01
1.350000000000000e+00	2.591079900551267e-01
1.350000000000000e+00	2.379969033896750e-01
1.350000000000000e+00	2.541601540030631e-01
1.350000000000000e+00	2.568203805152030e-01
1.350000000000000e+00	2.454395098299398e-01
1.350000000000000e+00	2.074176648655023e-01
1.350000000000000e+00	2.216878187954463e-01
1.350000000000000e+00	2.736365677019573e-01
1.350000000000000e+00	2.454359658038733e-01
1.350000000000000e+00	2.415795336194940e-01
1.350000000000000e+00	2.717234152491086e-01
1.350000000000000e+00	2.482262912137125e-01
1.350000000000000e+00	2.545064492361007e-01
1.350000000000000e+00	2.472049376809877e-01
1.350000000000000e+00	2.331077115534405e-01
1.350000000000000e+00	2.104735097703600e-01
1.350000000000000e+00	2.497436467979391e-01
1.350000000000000e+00	2.621875904852060e-01
1.350000000000000e+00	2.797957244845234e-01
1.350000000000000e+00	2.412131686488934e-01
1.350000000000000e+00	2.353655068095622e-01
1.350000000000000e+00	2.455505395964007e-01
1.350000000000000e+00	2.579976228456978e-01
1.350000000000000e+00	2.382770488624701e-01
1.350000000000000e+00	2.491301437981961e-01
1.350000000000000e+00	2.880540922328694e-01
1.350000000000000e+00	2.421889120301617e-01
1.350000000000000e+00	2.430299641988003e-01
1.350000000000000e+00	2.081213190841830e-01
1.350000000000000e+00	2.348324406015787e-01
1.350000000000000e+00	2.358259583016635e-01
1.350000000000000e+00	2.656382138932875e-01
1.350000000000000e+00	2.822019941747679e-01
1.350000000000000e+00	2.646147450774863e-01
1.350000000000000e+00	2.616753089139590e-01
1.350000000000000e+00	2.435331861058287e-01
1.350000000000000e+00	2.967828705242754e-01
1.350000000000000e+00	2.445711601790674e-01
1.350000000000000e+00	2.981669699551187e-01
1.350000000000000e+00	2.207072456169820e-01
1.350000000000000e+00	2.294054912836891e-01
1.350000000000000e+00	2.228954428135092e-01
1.350000000000000e+00	2.681508834321233e-01
1.350000000000000e+00	2.366579157144037e-01
1.350000000000000e+00	2.435757652926402e-01
1.350000000000000e+00	2.520623246422303e-01
1.350000000000000e+00	3.156585511516957e-01
1.350000000000000e+00	2.356222462409056e-01
1.350000000000000e+00	2.417275386228105e-01
1.350000000000000e+00	2.319978256741800e-01
1.350000000000000e+00	2.265232728811604e-01
1.350000000000000e+00	2.413826297535127e-01
1.350000000000000e+00	2.810446736802822e-01
1.350000000000000e+00	2.654223112093663e-01
1.350000000000000e+00	2.281483224199801e-01
1.350000000000000e+00	2.271204813083693e-01
1.350000000000000e+00	2.690619225923944e-01
1.350000000000000e+00	2.173411183654639e-01
1.350000000000000e+00	2.384013189554295e-01
1.350000000000000e+00	2.352414983736852e-01
1.350000000000000e+00	2.682738543236673e-01
1.350000000000000e+00	2.222406434683984e-01
1.350000000000000e+00	2.547786918865079e-01
1.350000000000000e+00	2.204638939162281e-01
1.350000000000000e+00	2.941489022042751e-01
1.350000000000000e+00	2.308727223016170e-01
1.350000000000000e+00	2.520734590467695e-01
1.350000000000000e+00	2.276752552096923e-01
1.350000000000000e+00	2.461708156434214e-01
1.350000000000000e+00	2.499613426531749e-01
1.350000000000000e+00	2.827472419269596e-01
1.350000000000000e+00	2.744539372310894e-01
1.350000000000000e+00	2.413590092153212e-01
1.350000000000000e+00	2.594621466561099e-01
1.350000000000000e+00	2.574632505636657e-01
1.350000000000000e+00	2.380229874542301e-01
1.350000000000000e+00	2.593776334023953e-01
1.350000000000000e+00	2.759100624418097e-01
1.350000000000000e+00	2.724499356642199e-01
1.350000000000000e+00	2.562906104094078e-01
1.350000000000000e+00	2.876838427352342e-01
