1.350000000000000e+00	3.421562866439949e-01
1.350000000000000e+00	2.756965384024553e-01
1.350000000000000e+00	3.376013727162481e-01
1.350000000000000e+00	3.273221099913501e-01
1.350000000000000e+00	2.630714855418755e-01
1.350000000000000e+00	3.283758062997670e-01
1.350000000000000e+00	3.335818612271359e-01
1.350000000000000e+00	2.523704879307023e-01
1.350000000000000e+00	3.140014976212540e-01
1.350000000000000e+00	2.686649163124588e-01
1.350000000000000e+00	2.950205294198510e-01
1.350000000000000e+00	2.983049988329510e-01
1.350000000000000e+00	2.603305656149322e-01
1.350000000000000e+00	3.638743370168948e-01
1.350000000000000e+00	3.298193649162170e-01
1.350000000000000e+00	3.215450314821012e-01
1.350000000000000e+00	2.651276481191095e-01
1.350000000000000e+00	3.426499346526159e-01
1.350000000000000e+00	2.565944685835882e-01
1.350000000000000e+00	2.742589883144372e-01
1.350000000000000e+00	2.571836494369181e-01
1.350000000000000e+00	2.262513786655024e-01
1.350000000000000e+00	2.934252967846387e-01
1.350000000000000e+00	3.562838818021395e-01
1.350000000000000e+00	2.477551434074454e-01
1.350000000000000e+00	2.792551741454750e-01
1.350000000000000e+00	3.138129196520337e-01
1.350000000000000e+00	2.390557822448406e-01
1.350000000000000e+00	2.871236596874343e-01
1.350000000000000e+00	3.009360609143812e-01
1.350000000000000e+00	2.766363970009240e-01
1.350000000000000e+00	2.791789305662817e-01
1.350000000000000e+00	2.166871473896817e-01
1.350000000000000e+00	2.465629807107742e-01
1.350000000000000e+00	3.044659092134045e-01
1.350000000000000e+00	2.598346055258187e-01
1.350000000000000e+00	2.804204639154615e-01
1.350000000000000e+00	2.188546269545185e-01
1.350000000000000e+00	2.922290619071216e-01
1.350000000000000e+00	2.527328980891519e-01
1.350000000000000e+00	2.873323310827626e-01
1.350000000000000e+00	2.906793799397193e-01
1.350000000000000e+00	2.853581313378465e-01
1.350000000000000e+00	3.217416727870991e-01
1.350000000000000e+00	2.815827354844841e-01
1.350000000000000e+00	3.136509230176498e-01
1.350000000000000e+00	2.854354679959000e-01
1.350000000000000e+00	2.342127338073168e-01
1.350000000000000e+00	2.571964582635142e-01
1.350000000000000e+00	2.601206846382579e-01
1.350000000000000e+00	2.476464683493914e-01
1.350000000000000e+00	2.700350440660810e-01
1.350000000000000e+00	3.260062569406245e-01
1.350000000000000e+00	2.986537531425261e-01
1.350000000000000e+00	3.256958260990417e-01
1.350000000000000e+00	1.588358351501542e-01
1.350000000000000e+00	2.686937070657367e-01
1.350000000000000e+00	2.352348108266855e-01
1.350000000000000e+00	2.867892732615936e-01
1.350000000000000e+00	2.635280553975324e-01
1.350000000000000e+00	2.357405574604504e-01
1.350000000000000e+00	2.485951944615217e-01
1.350000000000000e+00	2.635568720696976e-01
1.350000000000000e+00	2.405657814819913e-01
1.350000000000000e+00	2.440051871591200e-01
1.350000000000000e+00	3.213311571005880e-01
1.350000000000000e+00	2.648066616350441e-01
1.350000000000000e+00	3.016231233047991e-01
1.350000000000000e+00	2.860048113237890e-01
1.350000000000000e+00	3.358459928177969e-01
1.350000000000000e+00	3.336574604470446e-01
1.350000000000000e+00	2.770936989193045e-01
1.350000000000000e+00	3.082640723498170e-01
1.350000000000000e+00	3.468376094537296e-01
1.350000000000000e+00	3.435093374766182e-01
1.350000000000000e+00	3.183938034673028e-01
1.350000000000000e+00	3.349807107241164e-01
1.350000000000000e+00	2.450514804162272e-01
1.350000000000000e+00	2.661454547307743e-01
1.350000000000000e+00	2.727055279461040e-01
1.350000000000000e+00	2.809038883372827e-01
1.350000000000000e+00	2.422590095697085e-01
1.350000000000000e+00	2.110269386963102e-01
1.350000000000000e+00	3.092700598069301e-01
1.350000000000000e+00	3.505386080788019e-01
1.350000000000000e+00	3.266710082556551e-01
1.350000000000000e+00	2.889176064504226e-01
1.350000000000000e+00	2.534186287389100e-01
1.350000000000000e+00	2.611410755162177e-01
1.350000000000000e+00	3.533190234751075e-01
1.350000000000000e+00	2.317506068171730e-01
1.350000000000000e+00	1.864057468523238e-01
1.350000000000000e+00	2.843881283027365e-01
1.350000000000000e+00	2.698651102899732e-01
1.350000000000000e+00	2.410956883090579e-01
1.350000000000000e+00	2.792893420575907e-01
1.350000000000000e+00	2.711254911026213e-01
1.350000000000000e+00	2.582518256939847e-01
1.350000000000000e+00	2.748191724175045e-01
1.350000000000000e+00	2.272567492761282e-01
1.350000000000000e+00	2.681148341411033e-01
1.350000000000000e+00	2.590458924119765e-01
1.350000000000000e+00	3.019730672399173e-01
1.350000000000000e+00	2.669863209102868e-01
1.350000000000000e+00	3.228651413421614e-01
1.350000000000000e+00	2.822155980516749e-01
1.350000000000000e+00	2.886113938733396e-01
1.350000000000000e+00	2.618248447388016e-01
1.350000000000000e+00	2.875342682850832e-01
1.350000000000000e+00	2.463369879203034e-01
1.350000000000000e+00	3.394889681234792e-01
1.350000000000000e+00	3.143416426212127e-01
1.350000000000000e+00	2.099316597696322e-01
1.350000000000000e+00	3.278889602259304e-01
1.350000000000000e+00	3.813906076019846e-01
1.350000000000000e+00	3.109612391303622e-01
1.350000000000000e+00	2.382271480449105e-01
1.350000000000000e+00	2.427707394147900e-01
1.350000000000000e+00	3.351582512037412e-01
1.350000000000000e+00	3.374518538213977e-01
1.350000000000000e+00	2.470800738622022e-01
1.350000000000000e+00	2.132973504908550e-01
1.350000000000000e+00	3.311338303961446e-01
1.350000000000000e+00	2.291755875682710e-01
1.350000000000000e+00	3.124853619592982e-01
1.350000000000000e+00	2.987776488105283e-01
1.350000000000000e+00	2.994700605759218e-01
1.350000000000000e+00	2.306439808578426e-01
1.350000000000000e+00	2.478414416900169e-01
1.350000000000000e+00	3.131740048558769e-01
1.350000000000000e+00	3.187459414764222e-01
1.350000000000000e+00	2.730644670176954e-01
1.350000000000000e+00	2.228535911445351e-01
1.350000000000000e+00	2.791903448928902e-01
1.350000000000000e+00	3.066726444187787e-01
1.350000000000000e+00	3.132149238257720e-01
1.350000000000000e+00	2.911282253185477e-01
1.350000000000000e+00	2.581075735773001e-01
1.350000000000000e+00	2.758636239455886e-01
1.350000000000000e+00	3.203967921237489e-01
1.350000000000000e+00	2.173974041753886e-01
1.350000000000000e+00	2.453355145704952e-01
1.350000000000000e+00	3.085821394057189e-01
1.350000000000000e+00	2.950480197707779e-01
1.350000000000000e+00	2.984927003143800e-01
1.350000000000000e+00	3.120494136230083e-01
1.350000000000000e+00	2.931394347088018e-01
1.350000000000000e+00	3.435061110044038e-01
1.350000000000000e+00	2.788504008943243e-01
1.350000000000000e+00	2.964368974574191e-01
1.350000000000000e+00	3.461027320801685e-01
1.350000000000000e+00	2.832466936392877e-01
1.350000000000000e+00	2.867025562170881e-01
1.350000000000000e+00	2.788648787492141e-01
1.350000000000000e+00	2.723833031159656e-01
1.350000000000000e+00	2.356028895832140e-01
1.350000000000000e+00	2.659520758149979e-01
1.350000000000000e+00	2.972542420334846e-01
1.350000000000000e+00	2.501577827346902e-01
1.350000000000000e+00	2.761677661849690e-01
1.350000000000000e+00	3.103751798221181e-01
1.350000000000000e+00	3.138232817122042e-01
1.350000000000000e+00	2.778451103417485e-01
1.350000000000000e+00	2.442284237448650e-01
1.350000000000000e+00	2.808732197674687e-01
1.350000000000000e+00	2.742990509780989e-01
1.350000000000000e+00	3.227269122305085e-01
1.350000000000000e+00	3.156574381098390e-01
1.350000000000000e+00	3.178907166119160e-01
1.350000000000000e+00	3.140057718072520e-01
1.350000000000000e+00	2.599310071119209e-01
1.350000000000000e+00	2.683484575442434e-01
1.350000000000000e+00	2.834299039816539e-01
1.350000000000000e+00	2.327457195107900e-01
1.350000000000000e+00	2.644025080989704e-01
1.350000000000000e+00	3.284148506297956e-01
1.350000000000000e+00	3.029454480928359e-01
1.350000000000000e+00	3.574668837708931e-01
1.350000000000000e+00	2.980310367115392e-01
1.350000000000000e+00	2.887379890776493e-01
1.350000000000000e+00	2.384216027580711e-01
1.350000000000000e+00	2.512308996557833e-01
1.350000000000000e+00	2.511918470066217e-01
1.350000000000000e+00	2.647014562191843e-01
1.350000000000000e+00	2.289255743286676e-01
1.350000000000000e+00	2.621821011400601e-01
1.350000000000000e+00	2.909845368395364e-01
1.350000000000000e+00	2.406816982018418e-01
1.350000000000000e+00	2.848898360757619e-01
1.350000000000000e+00	2.741239134047895e-01
1.350000000000000e+00	2.923420871744416e-01
1.350000000000000e+00	3.335672815754142e-01
1.350000000000000e+00	3.578973122028039e-01
1.350000000000000e+00	3.136998652639605e-01
1.350000000000000e+00	1.934846224837148e-01
1.350000000000000e+00	2.829392810676511e-01
1.350000000000000e+00	2.669467619371619e-01
1.350000000000000e+00	2.801403774713192e-01
1.350000000000000e+00	3.065837003782128e-01
1.350000000000000e+00	2.630427318746841e-01
1.350000000000000e+00	2.650844940967615e-01
1.350000000000000e+00	2.727919869618682e-01
1.350000000000000e+00	2.794393062835314e-01
1.350000000000000e+00	2.829321582408998e-01
1.350000000000000e+00	3.062462129647089e-01
1.350000000000000e+00	3.274968990728487e-01
1.350000000000000e+00	2.829891807211709e-01
1.350000000000000e+00	3.065133598046410e-01
1.350000000000000e+00	3.144460436843922e-01
1.350000000000000e+00	2.375408987817454e-01
1.350000000000000e+00	3.129946029065972e-01
1.350000000000000e+00	2.471981678996216e-01
1.350000000000000e+00	3.358560279275011e-01
1.350000000000000e+00	2.639358373774367e-01
1.350000000000000e+00	3.060326138668047e-01
1.350000000000000e+00	2.719478035066216e-01
1.350000000000000e+00	1.754573854495323e-01
1.350000000000000e+00	3.065802680709926e-01
1.350000000000000e+00	2.443931008842450e-01
1.350000000000000e+00	3.186082523178348e-01
1.350000000000000e+00	2.932210222360751e-01
1.350000000000000e+00	2.317416306676430e-01
1.350000000000000e+00	3.373341715225455e-01
1.350000000000000e+00	2.316486209320945e-01
1.350000000000000e+00	2.378026096040415e-01
1.350000000000000e+00	1.998172564342627e-01
1.350000000000000e+00	2.544625575341032e-01
1.350000000000000e+00	2.627792651674560e-01
1.350000000000000e+00	2.790508890127640e-01
1.350000000000000e+00	2.945919227626969e-01
1.350000000000000e+00	2.972078020514566e-01
1.350000000000000e+00	3.367805262316462e-01
1.350000000000000e+00	3.059552303031451e-01
1.350000000000000e+00	3.165226645727889e-01
1.350000000000000e+00	3.172106647709279e-01
1.350000000000000e+00	2.641534097072792e-01
1.350000000000000e+00	2.767179931772742e-01
1.350000000000000e+00	2.296180240053976e-01
1.350000000000000e+00	3.233305529308157e-01
1.350000000000000e+00	2.774780640113349e-01
1.350000000000000e+00	3.188734161657242e-01
1.350000000000000e+00	2.881040936290886e-01
1.350000000000000e+00	2.793062994397142e-01
1.350000000000000e+00	2.613115943416832e-01
1.350000000000000e+00	2.564222762954796e-01
1.350000000000000e+00	2.907194293435220e-01
1.350000000000000e+00	2.897081550655439e-01
1.350000000000000e+00	3.351849091312373e-01
1.350000000000000e+00	2.528290558974596e-01
1.350000000000000e+00	2.866956930113060e-01
1.350000000000000e+00	2.985761092547697e-01
1.350000000000000e+00	3.010878493322862e-01
1.350000000000000e+00	2.594665290291077e-01
1.350000000000000e+00	3.085871524584207e-01
1.350000000000000e+00	2.073971504688238e-01
1.350000000000000e+00	2.685748286088752e-01
1.350000000000000e+00	2.370621286690412e-01
1.350000000000000e+00	2.887640131620808e-01
1.350000000000000e+00	2.915396046306475e-01
1.350000000000000e+00	2.480875197621059e-01
1.350000000000000e+00	3.406199974311636e-01
1.350000000000000e+00	2.337378583100794e-01
1.350000000000000e+00	2.912324841805918e-01
1.350000000000000e+00	2.369577115693092e-01
1.350000000000000e+00	2.916542761328041e-01
1.350000000000000e+00	2.841380293466890e-01
1.350000000000000e+00	2.734694254181512e-01
1.350000000000000e+00	2.239378712581016e-01
1.350000000000000e+00	2.466114308144674e-01
1.350000000000000e+00	3.258472439102771e-01
1.350000000000000e+00	2.686790725132110e-01
1.350000000000000e+00	2.695068092146332e-01
1.350000000000000e+00	3.037855065177428e-01
1.350000000000000e+00	2.554503345003361e-01
1.350000000000000e+00	2.909233631456484e-01
1.350000000000000e+00	2.847051619292414e-01
1.350000000000000e+00	1.940763433856003e-01
1.350000000000000e+00	2.351768889611020e-01
1.350000000000000e+00	3.008372668889506e-01
1.350000000000000e+00	2.329139712530498e-01
1.350000000000000e+00	2.670971749227358e-01
1.350000000000000e+00	3.138879882763217e-01
1.350000000000000e+00	3.117037205304268e-01
1.350000000000000e+00	2.726754685396421e-01
1.350000000000000e+00	3.617957097600201e-01
1.350000000000000e+00	2.898309630973405e-01
1.350000000000000e+00	3.307417690009901e-01
1.350000000000000e+00	3.433253005227452e-01
1.350000000000000e+00	3.045211220556589e-01
1.350000000000000e+00	3.753589779657202e-01
1.350000000000000e+00	2.410000512430054e-01
1.350000000000000e+00	2.375164264594300e-01
1.350000000000000e+00	3.016116037418371e-01
1.350000000000000e+00	2.228452361757076e-01
1.350000000000000e+00	2.970661478981370e-01
1.350000000000000e+00	2.879787732327502e-01
1.350000000000000e+00	2.682710581358205e-01
1.350000000000000e+00	2.858032037844667e-01
1.350000000000000e+00	2.513797436214487e-01
1.350000000000000e+00	3.007941379896629e-01
1.350000000000000e+00	3.115123803399230e-01
1.350000000000000e+00	2.592429549964034e-01
1.350000000000000e+00	2.580670660709187e-01
1.350000000000000e+00	2.895633966938933e-01
1.350000000000000e+00	2.849079800363138e-01
1.350000000000000e+00	2.941851947484086e-01
1.350000000000000e+00	2.906528366694045e-01
1.350000000000000e+00	3.072538871697065e-01
1.350000000000000e+00	2.983289889969001e-01
1.350000000000000e+00	2.668155876895237e-01
1.350000000000000e+00	3.132139041585967e-01
1.350000000000000e+00	2.430344338415463e-01
1.350000000000000e+00	2.390103612994025e-01
1.350000000000000e+00	3.094660777448774e-01
1.350000000000000e+00	2.888007357215372e-01
1.350000000000000e+00	2.403521463112192e-01
1.350000000000000e+00	2.985219343861686e-01
1.350000000000000e+00	2.914804019050015e-01
1.350000000000000e+00	2.183645547958512e-01
1.350000000000000e+00	3.258196502486770e-01
1.350000000000000e+00	2.913437923666958e-01
1.350000000000000e+00	2.901226107751420e-01
1.350000000000000e+00	3.266795577038293e-01
1.350000000000000e+00	2.815371420314703e-01
1.350000000000000e+00	2.346484217140256e-01
1.350000000000000e+00	2.373588751613535e-01
1.350000000000000e+00	2.197684995082444e-01
1.350000000000000e+00	2.626184739247880e-01
1.350000000000000e+00	3.134279854576403e-01
1.350000000000000e+00	2.792380491942563e-01
1.350000000000000e+00	2.945157052303350e-01
1.350000000000000e+00	2.260563135686246e-01
1.350000000000000e+00	2.648747871032336e-01
1.350000000000000e+00	2.515566008848928e-01
1.350000000000000e+00	2.622579355937418e-01
1.350000000000000e+00	2.097082004001246e-01
1.350000000000000e+00	3.079199260974581e-01
1.350000000000000e+00	2.797452703097523e-01
1.350000000000000e+00	2.777881850406252e-01
1.350000000000000e+00	2.718960839691790e-01
1.350000000000000e+00	2.732085842002441e-01
1.350000000000000e+00	2.528306381361340e-01
1.350000000000000e+00	3.077351308308425e-01
1.350000000000000e+00	2.600506440544049e-01
1.350000000000000e+00	3.666930322585917e-01
1.350000000000000e+00	2.699577389457214e-01
1.350000000000000e+00	2.802703545687888e-01
1.350000000000000e+00	2.447223610615410e-01
1.350000000000000e+00	2.663130999031147e-01
1.350000000000000e+00	2.825012511805164e-01
1.350000000000000e+00	3.009123002537534e-01
1.350000000000000e+00	2.576225633936807e-01
1.350000000000000e+00	2.477647620617047e-01
1.350000000000000e+00	3.046124187284590e-01
1.350000000000000e+00	2.447049588760875e-01
1.350000000000000e+00	2.835877348361223e-01
1.350000000000000e+00	2.659948766604585e-01
1.350000000000000e+00	2.888843706037403e-01
1.350000000000000e+00	2.590023167484745e-01
1.350000000000000e+00	3.152700676558562e-01
1.350000000000000e+00	2.522161949506660e-01
1.350000000000000e+00	2.983288444426868e-01
1.350000000000000e+00	2.639994002727865e-01
1.350000000000000e+00	3.058143974701907e-01
1.350000000000000e+00	3.024033779777287e-01
1.350000000000000e+00	2.875991110841211e-01
1.350000000000000e+00	3.007069326292389e-01
1.350000000000000e+00	2.810056241811386e-01
1.350000000000000e+00	3.255805281907583e-01
1.350000000000000e+00	2.794159300808370e-01
1.350000000000000e+00	3.051147420984732e-01
1.350000000000000e+00	2.666777801407498e-01
1.350000000000000e+00	3.395376877014016e-01
1.350000000000000e+00	2.940868223377132e-01
1.350000000000000e+00	2.731327400646154e-01
1.350000000000000e+00	2.587562402170599e-01
1.350000000000000e+00	2.906461609426618e-01
1.350000000000000e+00	2.807779500936874e-01
1.350000000000000e+00	2.461010037244147e-01
1.350000000000000e+00	2.512973880006048e-01
1.350000000000000e+00	2.597835992626655e-01
1.350000000000000e+00	3.017316670272532e-01
1.350000000000000e+00	2.677134285796793e-01
1.350000000000000e+00	3.081870607585673e-01
1.350000000000000e+00	2.605555212668886e-01
1.350000000000000e+00	3.502107404403986e-01
1.350000000000000e+00	1.768043341836109e-01
1.350000000000000e+00	2.970657144812675e-01
1.350000000000000e+00	2.939792356578270e-01
1.350000000000000e+00	2.919748217641601e-01
1.350000000000000e+00	2.686926270140340e-01
1.350000000000000e+00	2.690965953538538e-01
1.350000000000000e+00	3.145431981436063e-01
1.350000000000000e+00	2.956925479253177e-01
1.350000000000000e+00	2.194797740677989e-01
1.350000000000000e+00	3.095789155119297e-01
1.350000000000000e+00	2.578819321203015e-01
1.350000000000000e+00	2.789739501683853e-01
1.350000000000000e+00	2.571974825688395e-01
1.350000000000000e+00	2.289177557761792e-01
1.350000000000000e+00	2.481984913507138e-01
1.350000000000000e+00	2.809126936533500e-01
1.350000000000000e+00	3.019952234489759e-01
1.350000000000000e+00	3.527067534459241e-01
1.350000000000000e+00	3.546200021574851e-01
1.350000000000000e+00	3.546307502491585e-01
1.350000000000000e+00	1.985136964116186e-01
1.350000000000000e+00	2.352064877179166e-01
1.350000000000000e+00	2.758027531273110e-01
1.350000000000000e+00	3.390913360237457e-01
1.350000000000000e+00	2.865841251972635e-01
1.350000000000000e+00	2.486744494257599e-01
1.350000000000000e+00	2.699666762546670e-01
1.350000000000000e+00	3.179050150252339e-01
1.350000000000000e+00	2.683385952353634e-01
1.350000000000000e+00	2.713091112925445e-01
1.350000000000000e+00	3.067710976562915e-01
1.350000000000000e+00	2.986692438125837e-01
1.350000000000000e+00	2.809706501251527e-01
1.350000000000000e+00	2.828307055905984e-01
1.350000000000000e+00	2.595815149627319e-01
1.350000000000000e+00	3.019845903821780e-01
1.350000000000000e+00	3.046773985913410e-01
1.350000000000000e+00	2.664081073701893e-01
1.350000000000000e+00	2.633071472068094e-01
1.350000000000000e+00	3.054713993424362e-01
1.350000000000000e+00	3.135343410555577e-01
1.350000000000000e+00	3.059750024943292e-01
1.350000000000000e+00	3.237210675569324e-01
1.350000000000000e+00	3.144904908629346e-01
1.350000000000000e+00	3.211143379975344e-01
1.350000000000000e+00	2.578433211696347e-01
1.350000000000000e+00	2.762281663204023e-01
1.350000000000000e+00	2.477176871279739e-01
1.350000000000000e+00	2.602915009098057e-01
1.350000000000000e+00	2.736194429050054e-01
1.350000000000000e+00	2.312885934436525e-01
1.350000000000000e+00	3.341711686444978e-01
1.350000000000000e+00	2.659117166960948e-01
1.350000000000000e+00	3.025726406551085e-01
1.350000000000000e+00	2.269406203833073e-01
1.350000000000000e+00	3.357121203899869e-01
1.350000000000000e+00	2.334301987719541e-01
1.350000000000000e+00	3.220576189798445e-01
1.350000000000000e+00	3.195103661176393e-01
1.350000000000000e+00	2.245631127766864e-01
1.350000000000000e+00	2.293934435417513e-01
1.350000000000000e+00	3.055140611340880e-01
1.350000000000000e+00	2.754987957717820e-01
1.350000000000000e+00	2.746677079137468e-01
1.350000000000000e+00	3.005452927822345e-01
1.350000000000000e+00	2.913831714209729e-01
1.350000000000000e+00	2.831139656755622e-01
1.350000000000000e+00	2.637824890095625e-01
1.350000000000000e+00	3.382724641824315e-01
1.350000000000000e+00	2.743284546741311e-01
1.350000000000000e+00	2.618304205787039e-01
1.350000000000000e+00	2.546245916669140e-01
1.350000000000000e+00	3.076054399911365e-01
1.350000000000000e+00	3.070968345217819e-01
1.350000000000000e+00	3.658066796196350e-01
1.350000000000000e+00	2.869774737031602e-01
1.350000000000000e+00	3.188625665723435e-01
1.350000000000000e+00	2.780577831410662e-01
1.350000000000000e+00	2.393258284827237e-01
1.350000000000000e+00	2.672575673809127e-01
1.350000000000000e+00	2.570993573117968e-01
1.350000000000000e+00	2.801334786209805e-01
1.350000000000000e+00	2.873893763887592e-01
1.350000000000000e+00	2.642137075576169e-01
1.350000000000000e+00	2.975559016549333e-01
1.350000000000000e+00	2.975787350061150e-01
1.350000000000000e+00	2.982633243541697e-01
1.350000000000000e+00	3.178309051728809e-01
1.350000000000000e+00	2.678110425345027e-01
1.350000000000000e+00	3.638288332664083e-01
1.350000000000000e+00	3.044560683820803e-01
1.350000000000000e+00	2.967364694736688e-01
1.350000000000000e+00	2.438529629235256e-01
1.350000000000000e+00	2.660778681636927e-01
1.350000000000000e+00	3.259134068951514e-01
1.350000000000000e+00	2.495086552894865e-01
1.350000000000000e+00	2.725717881312154e-01
1.350000000000000e+00	2.511488878242738e-01
1.350000000000000e+00	2.967639874223969e-01
1.350000000000000e+00	3.447031966606831e-01
1.350000000000000e+00	2.604958940333454e-01
1.350000000000000e+00	2.939010401831202e-01
1.350000000000000e+00	3.431409668947921e-01
1.350000000000000e+00	3.005660089758835e-01
1.350000000000000e+00	3.769945715702184e-01
1.350000000000000e+00	2.630111897518653e-01
1.350000000000000e+00	2.874140531916831e-01
1.350000000000000e+00	2.705214199754447e-01
1.350000000000000e+00	3.012281681720807e-01
1.350000000000000e+00	3.291365920305782e-01
1.350000000000000e+00	2.804262533654364e-01
1.350000000000000e+00	3.708912284599645e-01
1.350000000000000e+00	2.712204984344858e-01
1.350000000000000e+00	2.447095597091060e-01
1.350000000000000e+00	2.605882441045256e-01
1.350000000000000e+00	2.473895297666224e-01
1.350000000000000e+00	2.453596633849277e-01
1.350000000000000e+00	2.386177661680927e-01
1.350000000000000e+00	3.429919629639689e-01
1.350000000000000e+00	2.385978980226663e-01
1.350000000000000e+00	3.257496899173492e-01
1.350000000000000e+00	2.837095526304137e-01
1.350000000000000e+00	2.392114853376063e-01
1.350000000000000e+00	3.226598899610821e-01
1.350000000000000e+00	2.735796094443142e-01
1.350000000000000e+00	3.279849629088298e-01
1.350000000000000e+00	2.606774500278278e-01
1.350000000000000e+00	3.014890457230853e-01
1.350000000000000e+00	2.736334266580513e-01
1.350000000000000e+00	3.005243205210921e-01
1.350000000000000e+00	2.613285495216111e-01
1.350000000000000e+00	2.902560113734373e-01
1.350000000000000e+00	2.612925825633298e-01
1.350000000000000e+00	1.980412422055445e-01
1.350000000000000e+00	2.052496833465848e-01
1.350000000000000e+00	2.702123499115781e-01
1.350000000000000e+00	3.367735144900150e-01
1.350000000000000e+00	2.614677293323600e-01
1.350000000000000e+00	2.358946235292299e-01
1.350000000000000e+00	2.200807546073423e-01
1.350000000000000e+00	2.782455318845394e-01
1.350000000000000e+00	2.822506756545364e-01
1.350000000000000e+00	3.180647906716053e-01
1.350000000000000e+00	3.034850192492177e-01
1.350000000000000e+00	3.088583356728979e-01
1.350000000000000e+00	2.852475439388398e-01
1.350000000000000e+00	3.556215171962135e-01
1.350000000000000e+00	2.948303391114048e-01
1.350000000000000e+00	2.609847163016008e-01
1.350000000000000e+00	1.850735000448199e-01
1.350000000000000e+00	2.771552056866834e-01
1.350000000000000e+00	2.422177861347586e-01
1.350000000000000e+00	2.426575903925812e-01
1.350000000000000e+00	2.674228767026496e-01
1.350000000000000e+00	2.794470406091086e-01
1.350000000000000e+00	2.596481530101860e-01
1.350000000000000e+00	2.526543246019006e-01
1.350000000000000e+00	1.996163481538098e-01
1.350000000000000e+00	2.867386056878385e-01
1.350000000000000e+00	3.116292170301950e-01
1.350000000000000e+00	2.933874461218375e-01
1.350000000000000e+00	3.136949061168713e-01
1.350000000000000e+00	2.830840940909908e-01
1.350000000000000e+00	2.636436685160725e-01
1.350000000000000e+00	2.570480493488629e-01
1.350000000000000e+00	2.367609986553577e-01
1.350000000000000e+00	2.302955764898396e-01
1.350000000000000e+00	2.663679853663612e-01
1.350000000000000e+00	2.938014054286323e-01
1.350000000000000e+00	2.977521997528976e-01
1.350000000000000e+00	2.975649176205376e-01
1.350000000000000e+00	3.080100963791931e-01
1.350000000000000e+00	2.988361921775144e-01
1.350000000000000e+00	3.368025575859330e-01
1.350000000000000e+00	2.474561053913291e-01
1.350000000000000e+00	1.842669476379720e-01
1.350000000000000e+00	2.699823811072943e-01
1.350000000000000e+00	2.460179378894968e-01
1.350000000000000e+00	2.636284071331390e-01
1.350000000000000e+00	2.344906387667786e-01
1.350000000000000e+00	2.609633199587282e-01
1.350000000000000e+00	3.004401088852787e-01
1.350000000000000e+00	2.576613573961688e-01
1.350000000000000e+00	4.031217522195417e-01
1.350000000000000e+00	3.015052629021068e-01
1.350000000000000e+00	2.780704956580566e-01
1.350000000000000e+00	2.357876674857738e-01
1.350000000000000e+00	2.393332826067193e-01
1.350000000000000e+00	2.867083289178581e-01
1.350000000000000e+00	3.308354786797232e-01
1.350000000000000e+00	3.622543425024704e-01
1.350000000000000e+00	2.837759983375211e-01
1.350000000000000e+00	2.358624781163326e-01
1.350000000000000e+00	2.190855046301560e-01
1.350000000000000e+00	3.054608687764507e-01
1.350000000000000e+00	2.238895114632308e-01
1.350000000000000e+00	1.809232420552113e-01
1.350000000000000e+00	2.516365417376931e-01
1.350000000000000e+00	3.525593050083160e-01
1.350000000000000e+00	2.752508783447178e-01
1.350000000000000e+00	2.736145176065716e-01
1.350000000000000e+00	3.557938575144726e-01
1.350000000000000e+00	2.633133521385526e-01
1.350000000000000e+00	2.523060093129533e-01
1.350000000000000e+00	2.691990695502000e-01
1.350000000000000e+00	2.513298507432217e-01
1.350000000000000e+00	2.606964975699003e-01
1.350000000000000e+00	2.936931240040650e-01
1.350000000000000e+00	3.445702479599562e-01
1.350000000000000e+00	3.693816311032125e-01
1.350000000000000e+00	3.971027101997002e-01
1.350000000000000e+00	3.384591841146766e-01
1.350000000000000e+00	3.281171658244609e-01
1.350000000000000e+00	3.525554157583154e-01
1.350000000000000e+00	3.404962767196283e-01
1.350000000000000e+00	2.229478283499098e-01
1.350000000000000e+00	2.173988889836884e-01
1.350000000000000e+00	2.167222284186724e-01
1.350000000000000e+00	1.686315705617402e-01
1.350000000000000e+00	2.376719982804069e-01
1.350000000000000e+00	2.998969590562200e-01
1.350000000000000e+00	2.742753056017748e-01
1.350000000000000e+00	3.106825414164165e-01
1.350000000000000e+00	2.428918153804208e-01
1.350000000000000e+00	2.606921728259042e-01
1.350000000000000e+00	2.341824220868373e-01
1.350000000000000e+00	2.542746421561615e-01
1.350000000000000e+00	2.798774837673745e-01
1.350000000000000e+00	2.461257719999422e-01
1.350000000000000e+00	2.300297905237422e-01
1.350000000000000e+00	2.423685132664745e-01
1.350000000000000e+00	2.439610246272593e-01
1.350000000000000e+00	2.744843450804599e-01
1.350000000000000e+00	2.937342536573823e-01
1.350000000000000e+00	2.534896609964764e-01
1.350000000000000e+00	3.177189283791249e-01
1.350000000000000e+00	3.132733194360053e-01
1.350000000000000e+00	3.066634810938809e-01
1.350000000000000e+00	3.721922527310035e-01
1.350000000000000e+00	2.473565990101753e-01
1.350000000000000e+00	2.437521057725449e-01
1.350000000000000e+00	2.688152845005830e-01
1.350000000000000e+00	3.600860494398306e-01
1.350000000000000e+00	2.387843532653240e-01
1.350000000000000e+00	2.821776593361859e-01
1.350000000000000e+00	2.642993771381305e-01
1.350000000000000e+00	3.109282278405637e-01
1.350000000000000e+00	3.021760916849939e-01
1.350000000000000e+00	2.654406795744252e-01
1.350000000000000e+00	2.387387162142332e-01
1.350000000000000e+00	2.786331651148105e-01
1.350000000000000e+00	2.973652648288364e-01
1.350000000000000e+00	3.012620597290498e-01
1.350000000000000e+00	2.697946371582792e-01
1.350000000000000e+00	2.491931251164501e-01
1.350000000000000e+00	2.385418195101684e-01
1.350000000000000e+00	2.469684257384313e-01
1.350000000000000e+00	3.016449586381855e-01
1.350000000000000e+00	4.019068703346080e-01
1.350000000000000e+00	3.455328081958963e-01
1.350000000000000e+00	2.820005614174014e-01
1.350000000000000e+00	3.085825128755965e-01
1.350000000000000e+00	3.057006407209551e-01
1.350000000000000e+00	2.735777531602749e-01
1.350000000000000e+00	2.802135100493723e-01
1.350000000000000e+00	2.613225241617757e-01
1.350000000000000e+00	2.405884890840002e-01
1.350000000000000e+00	2.474417715651875e-01
1.350000000000000e+00	2.933028419189734e-01
1.350000000000000e+00	2.246865413178101e-01
1.350000000000000e+00	2.796598770115851e-01
1.350000000000000e+00	3.261666639353173e-01
1.350000000000000e+00	2.246919774085799e-01
1.350000000000000e+00	3.196385559268277e-01
1.350000000000000e+00	2.419446302563671e-01
1.350000000000000e+00	2.438448101334244e-01
1.350000000000000e+00	3.303049914805693e-01
1.350000000000000e+00	2.461464552573984e-01
1.350000000000000e+00	2.956775632369392e-01
1.350000000000000e+00	2.777036737829593e-01
1.350000000000000e+00	4.247057862649167e-01
1.350000000000000e+00	3.369306367911984e-01
1.350000000000000e+00	3.213928652584604e-01
1.350000000000000e+00	2.437206334537154e-01
1.350000000000000e+00	3.099144385424390e-01
1.350000000000000e+00	2.338995738815241e-01
1.350000000000000e+00	2.651054783657454e-01
1.350000000000000e+00	3.216854614517228e-01
1.350000000000000e+00	2.560968482116039e-01
1.350000000000000e+00	3.012479262289843e-01
1.350000000000000e+00	2.168151693341110e-01
1.350000000000000e+00	2.841503411929822e-01
1.350000000000000e+00	2.056071332761894e-01
1.350000000000000e+00	2.473741087154754e-01
1.350000000000000e+00	3.101884247758230e-01
1.350000000000000e+00	2.914530566312032e-01
1.350000000000000e+00	2.379926846610376e-01
1.350000000000000e+00	3.157635608568186e-01
1.350000000000000e+00	2.718797821959531e-01
1.350000000000000e+00	2.962285567151303e-01
1.350000000000000e+00	3.185568829496313e-01
1.350000000000000e+00	2.857153965573824e-01
1.350000000000000e+00	2.362744554639781e-01
1.350000000000000e+00	2.843771720725259e-01
1.350000000000000e+00	3.332676526136469e-01
1.350000000000000e+00	2.371001275816630e-01
1.350000000000000e+00	2.859196323277523e-01
1.350000000000000e+00	2.338881984169532e-01
1.350000000000000e+00	2.136940697884671e-01
1.350000000000000e+00	2.057114350827594e-01
1.350000000000000e+00	3.009339906927129e-01
1.350000000000000e+00	2.378661195144222e-01
1.350000000000000e+00	2.267573733641265e-01
1.350000000000000e+00	2.586793836584056e-01
1.350000000000000e+00	2.839148806436789e-01
1.350000000000000e+00	4.121854713279505e-01
1.350000000000000e+00	3.648289692487594e-01
1.350000000000000e+00	3.188635084756686e-01
1.350000000000000e+00	2.467482658376785e-01
1.350000000000000e+00	2.549006946076233e-01
1.350000000000000e+00	2.474232315930660e-01
1.350000000000000e+00	3.341289388609084e-01
1.350000000000000e+00	2.703963263497697e-01
1.350000000000000e+00	2.217003265564224e-01
1.350000000000000e+00	2.643502967891783e-01
1.350000000000000e+00	2.946966110589442e-01
1.350000000000000e+00	2.945716293277727e-01
1.350000000000000e+00	2.039936810693268e-01
1.350000000000000e+00	3.072170127485541e-01
1.350000000000000e+00	3.718146159584565e-01
1.350000000000000e+00	2.713705699445310e-01
1.350000000000000e+00	3.005761986874702e-01
1.350000000000000e+00	2.955229625968282e-01
1.350000000000000e+00	3.488782522414182e-01
1.350000000000000e+00	3.005196847367892e-01
1.350000000000000e+00	3.325179255975435e-01
1.350000000000000e+00	2.922499696192390e-01
1.350000000000000e+00	2.434317148098220e-01
1.350000000000000e+00	2.835676490419999e-01
1.350000000000000e+00	3.288648785727388e-01
1.350000000000000e+00	3.136669355297294e-01
1.350000000000000e+00	2.912818679929923e-01
1.350000000000000e+00	3.026418672958281e-01
1.350000000000000e+00	2.511516888751555e-01
1.350000000000000e+00	2.602270025586116e-01
1.350000000000000e+00	2.253464085004330e-01
1.350000000000000e+00	2.949781750334748e-01
1.350000000000000e+00	3.159159082172001e-01
1.350000000000000e+00	2.687396525165834e-01
1.350000000000000e+00	2.561633601046295e-01
1.350000000000000e+00	2.844697710928613e-01
1.350000000000000e+00	2.840062085830708e-01
1.350000000000000e+00	3.089213762141452e-01
1.350000000000000e+00	3.179688418698940e-01
1.350000000000000e+00	3.027877037838761e-01
1.350000000000000e+00	2.447326966076599e-01
1.350000000000000e+00	3.654610589750461e-01
1.350000000000000e+00	3.482996575914474e-01
1.350000000000000e+00	2.867656022843773e-01
1.350000000000000e+00	2.231560028877784e-01
1.350000000000000e+00	2.798718728103159e-01
1.350000000000000e+00	3.040458018243650e-01
1.350000000000000e+00	2.794201444164174e-01
1.350000000000000e+00	2.839456562347365e-01
1.350000000000000e+00	2.643031826184952e-01
1.350000000000000e+00	2.730760878365264e-01
1.350000000000000e+00	2.215712624070566e-01
1.350000000000000e+00	2.802250160661323e-01
1.350000000000000e+00	3.204452447441130e-01
1.350000000000000e+00	2.776471319353301e-01
1.350000000000000e+00	2.983467630242084e-01
1.350000000000000e+00	2.963714881625195e-01
1.350000000000000e+00	2.656091882445999e-01
1.350000000000000e+00	2.783007369169541e-01
1.350000000000000e+00	2.873285936962802e-01
1.350000000000000e+00	2.659924575082243e-01
1.350000000000000e+00	2.343328759952132e-01
1.350000000000000e+00	2.304568459160485e-01
1.350000000000000e+00	2.558963513536614e-01
1.350000000000000e+00	2.184516654268883e-01
1.350000000000000e+00	2.677909058093726e-01
1.350000000000000e+00	2.325808200800305e-01
1.350000000000000e+00	2.608546835101793e-01
1.350000000000000e+00	2.762290680999343e-01
1.350000000000000e+00	2.735674801447370e-01
1.350000000000000e+00	2.441022946537291e-01
1.350000000000000e+00	2.765402739330552e-01
1.350000000000000e+00	3.486261936750908e-01
1.350000000000000e+00	3.654732576918731e-01
1.350000000000000e+00	2.941725805179951e-01
1.350000000000000e+00	2.249158480652397e-01
1.350000000000000e+00	3.113529952405746e-01
1.350000000000000e+00	2.640879419174832e-01
1.350000000000000e+00	2.692385171688426e-01
1.350000000000000e+00	2.734161104557177e-01
1.350000000000000e+00	3.355808224939705e-01
1.350000000000000e+00	3.018420474290606e-01
1.350000000000000e+00	2.357950799232343e-01
1.350000000000000e+00	2.652209743631240e-01
1.350000000000000e+00	2.197120152759735e-01
1.350000000000000e+00	3.437609451035929e-01
1.350000000000000e+00	3.436388535950246e-01
1.350000000000000e+00	3.127688725715637e-01
1.350000000000000e+00	3.097108418632218e-01
1.350000000000000e+00	3.218274939903421e-01
1.350000000000000e+00	2.636071326410418e-01
1.350000000000000e+00	3.085747028293624e-01
1.350000000000000e+00	2.415459294191734e-01
1.350000000000000e+00	3.003112787106960e-01
1.350000000000000e+00	1.917137816913987e-01
1.350000000000000e+00	2.287695796493600e-01
1.350000000000000e+00	2.991374524101055e-01
1.350000000000000e+00	3.031695139545816e-01
1.350000000000000e+00	3.063914355879860e-01
1.350000000000000e+00	2.824939513175367e-01
1.350000000000000e+00	2.657633664951816e-01
1.350000000000000e+00	3.911819978703045e-01
1.350000000000000e+00	3.019875115541861e-01
1.350000000000000e+00	2.993191416483472e-01
1.350000000000000e+00	2.689519743961389e-01
1.350000000000000e+00	2.443422783307183e-01
1.350000000000000e+00	3.379608410401713e-01
1.350000000000000e+00	2.598743708812072e-01
1.350000000000000e+00	2.950399387611712e-01
1.350000000000000e+00	2.765529595056226e-01
1.350000000000000e+00	2.763130295901730e-01
1.350000000000000e+00	2.641414578297768e-01
1.350000000000000e+00	2.816411868471344e-01
1.350000000000000e+00	2.467166523389640e-01
1.350000000000000e+00	2.758965645207687e-01
1.350000000000000e+00	2.590047301194477e-01
1.350000000000000e+00	2.505545848302733e-01
1.350000000000000e+00	3.022431843308668e-01
1.350000000000000e+00	2.952170672385112e-01
1.350000000000000e+00	2.702858808687518e-01
1.350000000000000e+00	2.755883743657205e-01
1.350000000000000e+00	2.271363595660731e-01
1.350000000000000e+00	2.968502402986125e-01
1.350000000000000e+00	2.910083022053415e-01
1.350000000000000e+00	2.866987241719001e-01
1.350000000000000e+00	2.335552245610270e-01
1.350000000000000e+00	2.770635856774947e-01
1.350000000000000e+00	2.731063201516256e-01
1.350000000000000e+00	2.691405160076921e-01
1.350000000000000e+00	2.690262423193706e-01
1.350000000000000e+00	3.418176585915745e-01
1.350000000000000e+00	2.778621625046293e-01
1.350000000000000e+00	3.085588543484671e-01
1.350000000000000e+00	2.675789583098507e-01
1.350000000000000e+00	3.139270235023116e-01
1.350000000000000e+00	2.763599919545646e-01
1.350000000000000e+00	2.680809486735920e-01
1.350000000000000e+00	2.654470368032383e-01
1.350000000000000e+00	3.092135583391387e-01
1.350000000000000e+00	3.433633631751591e-01
1.350000000000000e+00	2.555672081863140e-01
1.350000000000000e+00	2.132697489490145e-01
1.350000000000000e+00	2.299206857425574e-01
1.350000000000000e+00	2.382875296336201e-01
1.350000000000000e+00	2.083703851708307e-01
1.350000000000000e+00	2.396513744662769e-01
1.350000000000000e+00	2.532918567231712e-01
1.350000000000000e+00	3.041467911245648e-01
1.350000000000000e+00	2.762838956906987e-01
1.350000000000000e+00	2.643050570935989e-01
1.350000000000000e+00	2.900787794247519e-01
1.350000000000000e+00	2.506739524054153e-01
1.350000000000000e+00	2.901621988598709e-01
1.350000000000000e+00	2.771041679741448e-01
1.350000000000000e+00	2.240773130268213e-01
1.350000000000000e+00	2.982415877197407e-01
1.350000000000000e+00	2.390587340585593e-01
1.350000000000000e+00	2.987443338953322e-01
1.350000000000000e+00	2.008375942314739e-01
1.350000000000000e+00	3.174865945377683e-01
1.350000000000000e+00	2.864328472455204e-01
1.350000000000000e+00	2.461953044972096e-01
1.350000000000000e+00	3.302546681928568e-01
1.350000000000000e+00	2.967205699117034e-01
1.350000000000000e+00	3.079796532581199e-01
1.350000000000000e+00	2.706139991080325e-01
1.350000000000000e+00	2.955372469667117e-01
1.350000000000000e+00	2.812368859958401e-01
1.350000000000000e+00	2.886000043734903e-01
1.350000000000000e+00	2.541883184361707e-01
1.350000000000000e+00	2.778924664970901e-01
1.350000000000000e+00	3.346642769475788e-01
1.350000000000000e+00	2.418244987654680e-01
1.350000000000000e+00	2.857073517773320e-01
1.350000000000000e+00	2.361741186853377e-01
1.350000000000000e+00	3.140380227072854e-01
1.350000000000000e+00	2.330496142332742e-01
1.350000000000000e+00	2.397827989688438e-01
1.350000000000000e+00	2.967408813364104e-01
1.350000000000000e+00	2.754530569382370e-01
1.350000000000000e+00	2.871661111753227e-01
1.350000000000000e+00	2.939157288173007e-01
1.350000000000000e+00	2.540313925908716e-01
1.350000000000000e+00	2.778465063404979e-01
1.350000000000000e+00	2.249552485995443e-01
1.350000000000000e+00	2.814476127313095e-01
1.350000000000000e+00	2.727058714374387e-01
1.350000000000000e+00	2.810788947739798e-01
1.350000000000000e+00	3.272082181761007e-01
1.350000000000000e+00	3.396225378354731e-01
1.350000000000000e+00	2.715988086578873e-01
1.350000000000000e+00	2.246840418374456e-01
1.350000000000000e+00	2.579921722326491e-01
1.350000000000000e+00	3.421147254130135e-01
1.350000000000000e+00	2.353966512146873e-01
1.350000000000000e+00	2.605764533082193e-01
1.350000000000000e+00	2.715711225126178e-01
1.350000000000000e+00	2.757193692108635e-01
1.350000000000000e+00	2.339637682573781e-01
1.350000000000000e+00	2.669655989200615e-01
1.350000000000000e+00	3.283467535545798e-01
1.350000000000000e+00	2.795057889736228e-01
1.350000000000000e+00	3.058720501080471e-01
1.350000000000000e+00	2.851656680315595e-01
1.350000000000000e+00	2.493661703217246e-01
1.350000000000000e+00	2.535571575857979e-01
1.350000000000000e+00	3.317102871684618e-01
1.350000000000000e+00	2.906372661572589e-01
1.350000000000000e+00	3.192536915758826e-01
1.350000000000000e+00	2.569996386178746e-01
1.350000000000000e+00	2.583837375465150e-01
1.350000000000000e+00	3.066223925866359e-01
1.350000000000000e+00	2.836108075090844e-01
1.350000000000000e+00	2.759846000106301e-01
1.350000000000000e+00	2.275464275707084e-01
1.350000000000000e+00	2.614458199661123e-01
1.350000000000000e+00	2.970039387901608e-01
1.350000000000000e+00	2.683888040260764e-01
1.350000000000000e+00	2.859039629470673e-01
1.350000000000000e+00	2.644127108557724e-01
1.350000000000000e+00	2.908649540660108e-01
1.350000000000000e+00	2.910626835522497e-01
1.350000000000000e+00	2.796606305179963e-01
1.350000000000000e+00	2.360406962341984e-01
1.350000000000000e+00	2.444218246034365e-01
1.350000000000000e+00	2.841195582091666e-01
1.350000000000000e+00	2.698705167126060e-01
1.350000000000000e+00	2.708639709204895e-01
1.350000000000000e+00	3.005489544948881e-01
1.350000000000000e+00	2.516042477822376e-01
1.350000000000000e+00	2.878648996739821e-01
1.350000000000000e+00	2.562573918391476e-01
1.350000000000000e+00	2.326157361566674e-01
1.350000000000000e+00	2.206526784460816e-01
1.350000000000000e+00	2.722039794014551e-01
1.350000000000000e+00	2.901309371256027e-01
1.350000000000000e+00	3.219795094831019e-01
1.350000000000000e+00	2.718118240044093e-01
1.350000000000000e+00	2.610379778791404e-01
1.350000000000000e+00	2.565332852682016e-01
1.350000000000000e+00	2.688652907513821e-01
1.350000000000000e+00	2.839049464877397e-01
1.350000000000000e+00	2.584020243399732e-01
1.350000000000000e+00	3.237189890920628e-01
1.350000000000000e+00	2.986774136815483e-01
1.350000000000000e+00	2.735062247581214e-01
1.350000000000000e+00	2.328019883735868e-01
1.350000000000000e+00	2.636867835511915e-01
1.350000000000000e+00	2.932283944639648e-01
1.350000000000000e+00	3.181146864703206e-01
1.350000000000000e+00	2.839196274492596e-01
1.350000000000000e+00	2.435966527688805e-01
1.350000000000000e+00	3.033178635542107e-01
1.350000000000000e+00	2.431301324391179e-01
1.350000000000000e+00	3.391728378404993e-01
1.350000000000000e+00	2.662792420910441e-01
1.350000000000000e+00	3.599013723661312e-01
1.350000000000000e+00	2.436106649915925e-01
1.350000000000000e+00	2.151906132775981e-01
1.350000000000000e+00	2.118594982043147e-01
1.350000000000000e+00	3.347331500159760e-01
1.350000000000000e+00	2.341586609665419e-01
1.350000000000000e+00	2.799680671101596e-01
1.350000000000000e+00	2.737596534856356e-01
1.350000000000000e+00	3.595944269567125e-01
1.350000000000000e+00	2.728508802352066e-01
1.350000000000000e+00	2.892026578816467e-01
1.350000000000000e+00	2.638436043423494e-01
1.350000000000000e+00	2.831636164786021e-01
1.350000000000000e+00	2.700079028634986e-01
1.350000000000000e+00	2.896351401664347e-01
1.350000000000000e+00	2.923078499589152e-01
1.350000000000000e+00	2.790127132355006e-01
1.350000000000000e+00	2.673497596872079e-01
1.350000000000000e+00	2.888469183015858e-01
1.350000000000000e+00	2.338499559080517e-01
1.350000000000000e+00	2.758929845571073e-01
1.350000000000000e+00	2.630336086089593e-01
1.350000000000000e+00	3.397650982174505e-01
1.350000000000000e+00	2.611732978863124e-01
1.350000000000000e+00	2.987782357118633e-01
1.350000000000000e+00	2.584255630534140e-01
1.350000000000000e+00	3.039623214407037e-01
1.350000000000000e+00	2.576979747661836e-01
1.350000000000000e+00	2.653851045363040e-01
1.350000000000000e+00	2.591638617089602e-01
1.350000000000000e+00	2.743844167568282e-01
1.350000000000000e+00	2.852441435075678e-01
1.350000000000000e+00	3.240526693809920e-01
1.350000000000000e+00	3.012533169439682e-01
1.350000000000000e+00	2.896578823484704e-01
1.350000000000000e+00	3.482960076743408e-01
1.350000000000000e+00	2.792043415975105e-01
1.350000000000000e+00	2.436944900264660e-01
1.350000000000000e+00	3.139108079038680e-01
1.350000000000000e+00	3.277597484685462e-01
1.350000000000000e+00	2.949991720511518e-01
1.350000000000000e+00	2.870351276080058e-01
1.350000000000000e+00	3.315088684638787e-01
