3.500000000000000e+00	9.367706569135410e-01
3.500000000000000e+00	1.077775202893395e+00
3.500000000000000e+00	1.013639714159076e+00
3.500000000000000e+00	9.726963237090426e-01
3.500000000000000e+00	9.831618285075708e-01
3.500000000000000e+00	1.040301596868534e+00
3.500000000000000e+00	9.884790331241268e-01
3.500000000000000e+00	9.724207533525027e-01
3.500000000000000e+00	9.980159092587737e-01
3.500000000000000e+00	9.303296845623020e-01
3.500000000000000e+00	9.168822939465807e-01
3.500000000000000e+00	9.624652871689364e-01
3.500000000000000e+00	8.985258862004274e-01
3.500000000000000e+00	9.614736787961295e-01
3.500000000000000e+00	9.558437322270410e-01
3.500000000000000e+00	1.014018084404960e+00
3.500000000000000e+00	1.038300401148978e+00
3.500000000000000e+00	9.367753861192261e-01
3.500000000000000e+00	9.754560850721838e-01
3.500000000000000e+00	9.487115056372176e-01
3.500000000000000e+00	1.037593177958890e+00
3.500000000000000e+00	1.016225663923672e+00
3.500000000000000e+00	9.280601827000908e-01
3.500000000000000e+00	1.046922139749224e+00
3.500000000000000e+00	9.146409395740660e-01
3.500000000000000e+00	9.078443679670448e-01
3.500000000000000e+00	9.688919812195710e-01
3.500000000000000e+00	9.543853883580243e-01
3.500000000000000e+00	1.041524199751904e+00
3.500000000000000e+00	1.028784107163245e+00
3.500000000000000e+00	9.632236060631946e-01
3.500000000000000e+00	9.934740131587693e-01
3.500000000000000e+00	9.009459658477623e-01
3.500000000000000e+00	8.535998349543192e-01
3.500000000000000e+00	9.103901770503597e-01
3.500000000000000e+00	1.027842984305717e+00
3.500000000000000e+00	1.046368760004146e+00
3.500000000000000e+00	1.091161609062461e+00
3.500000000000000e+00	9.430287878107354e-01
3.500000000000000e+00	9.584985024864999e-01
3.500000000000000e+00	1.005783498856055e+00
3.500000000000000e+00	9.352144979669380e-01
3.500000000000000e+00	9.525092805939310e-01
3.500000000000000e+00	9.450911543439360e-01
3.500000000000000e+00	1.025230012790493e+00
3.500000000000000e+00	9.541970490854959e-01
3.500000000000000e+00	9.529509359615876e-01
3.500000000000000e+00	1.091732719987204e+00
3.500000000000000e+00	9.895795120535072e-01
3.500000000000000e+00	9.474471901766918e-01
3.500000000000000e+00	9.434128079829609e-01
3.500000000000000e+00	1.076455955902586e+00
3.500000000000000e+00	9.630328658245102e-01
3.500000000000000e+00	9.557177583429824e-01
3.500000000000000e+00	9.044777132519795e-01
3.500000000000000e+00	9.640926587555381e-01
3.500000000000000e+00	9.962057279159682e-01
3.500000000000000e+00	9.973056614091429e-01
3.500000000000000e+00	1.014866837041064e+00
3.500000000000000e+00	9.477327231204681e-01
3.500000000000000e+00	9.060404262557318e-01
3.500000000000000e+00	9.976041033615223e-01
3.500000000000000e+00	1.045633609107384e+00
3.500000000000000e+00	9.107312393755870e-01
3.500000000000000e+00	9.001985804615852e-01
3.500000000000000e+00	9.868361508444189e-01
3.500000000000000e+00	1.019029318457344e+00
3.500000000000000e+00	1.073707075037057e+00
3.500000000000000e+00	9.908140335621552e-01
3.500000000000000e+00	1.031172876586871e+00
3.500000000000000e+00	9.093773938350046e-01
3.500000000000000e+00	9.798845585346317e-01
3.500000000000000e+00	9.369972898283170e-01
3.500000000000000e+00	9.657463841183441e-01
3.500000000000000e+00	9.328192396736086e-01
3.500000000000000e+00	9.353970043043159e-01
3.500000000000000e+00	9.239359199801184e-01
3.500000000000000e+00	1.075319077558252e+00
3.500000000000000e+00	9.761567340357624e-01
3.500000000000000e+00	1.015581248679325e+00
3.500000000000000e+00	9.437975109828800e-01
3.500000000000000e+00	9.824753236660855e-01
3.500000000000000e+00	9.198880157070788e-01
3.500000000000000e+00	9.755995461123345e-01
3.500000000000000e+00	1.010745122750573e+00
3.500000000000000e+00	9.187356822267012e-01
3.500000000000000e+00	9.607895448483158e-01
3.500000000000000e+00	8.880427727091675e-01
3.500000000000000e+00	9.764378680413404e-01
3.500000000000000e+00	9.931371526631860e-01
3.500000000000000e+00	9.864910599723651e-01
3.500000000000000e+00	9.516625036879293e-01
3.500000000000000e+00	9.260002738350191e-01
3.500000000000000e+00	1.011853018737418e+00
3.500000000000000e+00	9.442886517930764e-01
3.500000000000000e+00	1.063077064868875e+00
3.500000000000000e+00	1.009178312153316e+00
3.500000000000000e+00	9.659572113452159e-01
3.500000000000000e+00	9.487157644473557e-01
3.500000000000000e+00	1.009807620257498e+00
3.500000000000000e+00	9.710439895233396e-01
3.500000000000000e+00	1.085646946931296e+00
3.500000000000000e+00	1.059676460926067e+00
3.500000000000000e+00	1.074707811503602e+00
3.500000000000000e+00	9.669635366330290e-01
3.500000000000000e+00	9.674301500764350e-01
3.500000000000000e+00	9.729167684335704e-01
3.500000000000000e+00	9.830049033682712e-01
3.500000000000000e+00	9.700917468255877e-01
3.500000000000000e+00	1.013738660632338e+00
3.500000000000000e+00	9.856273556531646e-01
3.500000000000000e+00	9.596111523958870e-01
3.500000000000000e+00	9.079924706744922e-01
3.500000000000000e+00	1.008773875580483e+00
3.500000000000000e+00	1.023024555602386e+00
3.500000000000000e+00	9.470418477525583e-01
3.500000000000000e+00	9.698965026264473e-01
3.500000000000000e+00	9.946238102836316e-01
3.500000000000000e+00	9.972630073953873e-01
3.500000000000000e+00	1.011565192336107e+00
3.500000000000000e+00	8.948625305500242e-01
3.500000000000000e+00	1.022427480884624e+00
3.500000000000000e+00	1.043444197196059e+00
3.500000000000000e+00	1.034592956905476e+00
3.500000000000000e+00	9.662600836804127e-01
3.500000000000000e+00	9.805608648546301e-01
3.500000000000000e+00	1.044133592690986e+00
3.500000000000000e+00	9.484467439956588e-01
3.500000000000000e+00	9.107694681711207e-01
3.500000000000000e+00	1.015529957332684e+00
3.500000000000000e+00	1.024583295792956e+00
3.500000000000000e+00	9.068500242188721e-01
3.500000000000000e+00	1.004351900667985e+00
3.500000000000000e+00	1.012654407887699e+00
3.500000000000000e+00	9.467987270691813e-01
3.500000000000000e+00	9.259717889420360e-01
3.500000000000000e+00	1.048662382734459e+00
3.500000000000000e+00	9.380120627817420e-01
3.500000000000000e+00	9.730976076329800e-01
3.500000000000000e+00	9.535607883915812e-01
3.500000000000000e+00	9.156364109790911e-01
3.500000000000000e+00	9.195713103933031e-01
3.500000000000000e+00	9.888575099077768e-01
3.500000000000000e+00	8.953044758834254e-01
3.500000000000000e+00	9.712833805954786e-01
3.500000000000000e+00	9.622435165583115e-01
3.500000000000000e+00	1.014574472277726e+00
3.500000000000000e+00	1.060013869801343e+00
3.500000000000000e+00	1.028948891249590e+00
3.500000000000000e+00	1.065038514690160e+00
3.500000000000000e+00	9.316068782044886e-01
3.500000000000000e+00	9.946555571366407e-01
3.500000000000000e+00	9.598026798488957e-01
3.500000000000000e+00	8.965488377836066e-01
3.500000000000000e+00	9.873070715160197e-01
3.500000000000000e+00	9.771518281754195e-01
3.500000000000000e+00	9.065238071807724e-01
3.500000000000000e+00	1.012629784158285e+00
3.500000000000000e+00	9.486148747610151e-01
3.500000000000000e+00	9.830734646227183e-01
3.500000000000000e+00	1.031001090322643e+00
3.500000000000000e+00	9.238583557470473e-01
3.500000000000000e+00	9.224766349741921e-01
3.500000000000000e+00	9.360403803436776e-01
3.500000000000000e+00	9.793055069723314e-01
3.500000000000000e+00	9.718400891107556e-01
3.500000000000000e+00	8.908852835037266e-01
3.500000000000000e+00	9.710233838598296e-01
3.500000000000000e+00	9.999979312791879e-01
3.500000000000000e+00	1.014824728891837e+00
3.500000000000000e+00	1.012735937763287e+00
3.500000000000000e+00	9.821561576025448e-01
3.500000000000000e+00	1.047212563658925e+00
3.500000000000000e+00	1.032188664416596e+00
3.500000000000000e+00	9.807780891680926e-01
3.500000000000000e+00	9.603685230278156e-01
3.500000000000000e+00	9.376134546227044e-01
3.500000000000000e+00	9.703724515607300e-01
3.500000000000000e+00	9.960584921190058e-01
3.500000000000000e+00	9.282349601717401e-01
3.500000000000000e+00	9.543147628458580e-01
3.500000000000000e+00	1.001079004061564e+00
3.500000000000000e+00	1.037391220817305e+00
3.500000000000000e+00	9.973464882841955e-01
3.500000000000000e+00	1.031393103660035e+00
3.500000000000000e+00	9.375396141293552e-01
3.500000000000000e+00	9.177368223409912e-01
3.500000000000000e+00	9.673828415649507e-01
3.500000000000000e+00	1.012858974138464e+00
3.500000000000000e+00	9.406042960812938e-01
3.500000000000000e+00	1.060391525997515e+00
3.500000000000000e+00	1.032073297803356e+00
3.500000000000000e+00	1.010339423704291e+00
3.500000000000000e+00	1.087477137955907e+00
3.500000000000000e+00	9.719816692224740e-01
3.500000000000000e+00	9.528649207364929e-01
3.500000000000000e+00	9.513427164745650e-01
3.500000000000000e+00	9.835205448457887e-01
3.500000000000000e+00	1.006640224850115e+00
3.500000000000000e+00	9.356789549431740e-01
3.500000000000000e+00	9.446891194696525e-01
3.500000000000000e+00	9.588156733759287e-01
3.500000000000000e+00	1.013151950924856e+00
3.500000000000000e+00	1.007158389316922e+00
3.500000000000000e+00	9.850897208936534e-01
3.500000000000000e+00	9.996721234280543e-01
3.500000000000000e+00	9.940619806551103e-01
3.500000000000000e+00	9.336043359672340e-01
3.500000000000000e+00	1.037672250462429e+00
3.500000000000000e+00	9.347120140109261e-01
3.500000000000000e+00	8.957341260730044e-01
3.500000000000000e+00	1.021353115443980e+00
3.500000000000000e+00	8.883273246585525e-01
3.500000000000000e+00	9.303124354226601e-01
3.500000000000000e+00	9.411066093492719e-01
3.500000000000000e+00	8.644936957605447e-01
3.500000000000000e+00	8.972751014089012e-01
3.500000000000000e+00	9.681601836953410e-01
3.500000000000000e+00	1.026029151779969e+00
3.500000000000000e+00	9.210765488024336e-01
3.500000000000000e+00	9.129433643325754e-01
3.500000000000000e+00	9.817401062605435e-01
3.500000000000000e+00	9.204461450987586e-01
3.500000000000000e+00	1.018599358454661e+00
3.500000000000000e+00	9.597992256297038e-01
3.500000000000000e+00	1.056583176089877e+00
3.500000000000000e+00	8.923176926064825e-01
3.500000000000000e+00	9.351663468202996e-01
3.500000000000000e+00	1.086415771345072e+00
3.500000000000000e+00	9.594669792343503e-01
3.500000000000000e+00	1.055718471747674e+00
3.500000000000000e+00	9.789858331747775e-01
3.500000000000000e+00	9.751675508995346e-01
3.500000000000000e+00	9.500831788713237e-01
3.500000000000000e+00	9.935865922554459e-01
3.500000000000000e+00	9.665419399370087e-01
3.500000000000000e+00	9.942118660309566e-01
3.500000000000000e+00	1.000494264599996e+00
3.500000000000000e+00	9.759160786963412e-01
3.500000000000000e+00	9.762121979239052e-01
3.500000000000000e+00	8.701351216957814e-01
3.500000000000000e+00	9.971247297339255e-01
3.500000000000000e+00	9.534076733284133e-01
3.500000000000000e+00	9.958239938307381e-01
3.500000000000000e+00	9.255032940486025e-01
3.500000000000000e+00	1.033557487514145e+00
3.500000000000000e+00	9.689260532569809e-01
3.500000000000000e+00	9.989677711906506e-01
3.500000000000000e+00	9.361102519557309e-01
3.500000000000000e+00	9.643490202708609e-01
3.500000000000000e+00	9.599823153698444e-01
3.500000000000000e+00	1.008684395300646e+00
3.500000000000000e+00	9.496711263485037e-01
3.500000000000000e+00	9.740870985600376e-01
3.500000000000000e+00	9.845633583231471e-01
3.500000000000000e+00	1.004279100520822e+00
3.500000000000000e+00	9.994726830602785e-01
3.500000000000000e+00	1.045725516044502e+00
3.500000000000000e+00	9.936070616257124e-01
3.500000000000000e+00	9.623817824899925e-01
3.500000000000000e+00	9.644305556264773e-01
3.500000000000000e+00	9.635158286996957e-01
3.500000000000000e+00	1.016937218995434e+00
3.500000000000000e+00	9.676633490031614e-01
3.500000000000000e+00	9.864281747842454e-01
3.500000000000000e+00	9.955835402954534e-01
3.500000000000000e+00	9.441844946310540e-01
3.500000000000000e+00	9.323778800719512e-01
3.500000000000000e+00	1.014480545740143e+00
3.500000000000000e+00	9.664564886568351e-01
3.500000000000000e+00	9.344028197709803e-01
3.500000000000000e+00	1.058351289757075e+00
3.500000000000000e+00	9.833518784098627e-01
3.500000000000000e+00	9.314646245569117e-01
3.500000000000000e+00	9.633414751104277e-01
3.500000000000000e+00	1.011156456110435e+00
3.500000000000000e+00	1.048247132275482e+00
3.500000000000000e+00	9.561679512423109e-01
3.500000000000000e+00	9.677090158606270e-01
3.500000000000000e+00	1.004967247484840e+00
3.500000000000000e+00	9.581908236768715e-01
3.500000000000000e+00	9.906457678081433e-01
3.500000000000000e+00	9.539357102470714e-01
3.500000000000000e+00	9.629099354705430e-01
3.500000000000000e+00	9.322447191707479e-01
3.500000000000000e+00	9.752626793070273e-01
3.500000000000000e+00	9.105716192302458e-01
3.500000000000000e+00	1.021935568905044e+00
3.500000000000000e+00	1.041524140575838e+00
3.500000000000000e+00	1.052292020303272e+00
3.500000000000000e+00	9.998813550281519e-01
3.500000000000000e+00	9.896422446173324e-01
3.500000000000000e+00	9.957487119369377e-01
3.500000000000000e+00	1.011077621733160e+00
3.500000000000000e+00	1.007632408365490e+00
3.500000000000000e+00	1.049260416090040e+00
3.500000000000000e+00	1.015474820697635e+00
3.500000000000000e+00	9.940737043880431e-01
3.500000000000000e+00	9.936492456687998e-01
3.500000000000000e+00	9.933545352354731e-01
3.500000000000000e+00	1.045528552318060e+00
3.500000000000000e+00	9.617780546872202e-01
3.500000000000000e+00	9.454785572468767e-01
3.500000000000000e+00	9.958150824036132e-01
3.500000000000000e+00	1.044721124311127e+00
3.500000000000000e+00	9.927605262327451e-01
3.500000000000000e+00	9.454169832128285e-01
3.500000000000000e+00	9.522774633802144e-01
3.500000000000000e+00	9.848246749778478e-01
3.500000000000000e+00	9.986437325239755e-01
3.500000000000000e+00	1.020986824105580e+00
3.500000000000000e+00	1.005952802521261e+00
3.500000000000000e+00	9.527072035537676e-01
3.500000000000000e+00	9.722752496154498e-01
3.500000000000000e+00	1.078092312328357e+00
3.500000000000000e+00	9.410978515162675e-01
3.500000000000000e+00	9.055169314406941e-01
3.500000000000000e+00	8.611449641660434e-01
3.500000000000000e+00	1.025019508702887e+00
3.500000000000000e+00	9.589208804457252e-01
3.500000000000000e+00	9.866969203786058e-01
3.500000000000000e+00	9.386681830177576e-01
3.500000000000000e+00	9.202401276742275e-01
3.500000000000000e+00	9.736444508011167e-01
3.500000000000000e+00	9.554850981394472e-01
3.500000000000000e+00	1.008925469038025e+00
3.500000000000000e+00	9.105407009533264e-01
3.500000000000000e+00	9.626630781013559e-01
3.500000000000000e+00	9.417689217311978e-01
3.500000000000000e+00	9.947730320181469e-01
3.500000000000000e+00	9.994525717579902e-01
3.500000000000000e+00	1.030290537174756e+00
3.500000000000000e+00	9.639094463402846e-01
3.500000000000000e+00	1.005345872590722e+00
3.500000000000000e+00	9.784593674763271e-01
3.500000000000000e+00	9.762750970276118e-01
3.500000000000000e+00	1.024374724218449e+00
3.500000000000000e+00	1.008260525896699e+00
3.500000000000000e+00	1.024397294849098e+00
3.500000000000000e+00	9.828246312913079e-01
3.500000000000000e+00	9.864596060185526e-01
3.500000000000000e+00	1.040669368734797e+00
3.500000000000000e+00	1.000424111689324e+00
3.500000000000000e+00	9.555956560801019e-01
3.500000000000000e+00	9.037228186770830e-01
3.500000000000000e+00	9.342730730457240e-01
3.500000000000000e+00	9.543116252876284e-01
3.500000000000000e+00	9.460891322680464e-01
3.500000000000000e+00	1.055696599495393e+00
3.500000000000000e+00	1.003920688339314e+00
3.500000000000000e+00	1.005558880854581e+00
3.500000000000000e+00	9.608046109786438e-01
3.500000000000000e+00	9.499224463915229e-01
3.500000000000000e+00	1.020247405799420e+00
3.500000000000000e+00	9.811355087587567e-01
3.500000000000000e+00	9.916975185601041e-01
3.500000000000000e+00	9.943948536901290e-01
3.500000000000000e+00	9.537020510095633e-01
3.500000000000000e+00	9.549218467172071e-01
3.500000000000000e+00	9.708307652913841e-01
3.500000000000000e+00	9.830231010082181e-01
3.500000000000000e+00	9.601199235894657e-01
3.500000000000000e+00	9.631645655740823e-01
3.500000000000000e+00	1.082885092243288e+00
3.500000000000000e+00	9.172482741738229e-01
3.500000000000000e+00	8.825886064770495e-01
3.500000000000000e+00	9.607153811169965e-01
3.500000000000000e+00	9.659925357319241e-01
3.500000000000000e+00	9.944458623021352e-01
3.500000000000000e+00	9.989516914670853e-01
3.500000000000000e+00	9.823936543470764e-01
3.500000000000000e+00	1.015770628932005e+00
3.500000000000000e+00	1.053478906379416e+00
3.500000000000000e+00	1.022339856185628e+00
3.500000000000000e+00	1.016182477354184e+00
3.500000000000000e+00	9.216277919232205e-01
3.500000000000000e+00	1.022391182700365e+00
3.500000000000000e+00	1.036496193106787e+00
3.500000000000000e+00	8.810275189165868e-01
3.500000000000000e+00	9.625011333141302e-01
3.500000000000000e+00	1.064890626404958e+00
3.500000000000000e+00	9.732291383120401e-01
3.500000000000000e+00	9.958818447804838e-01
3.500000000000000e+00	1.004955013928861e+00
3.500000000000000e+00	1.006122521351010e+00
3.500000000000000e+00	1.032392656870200e+00
3.500000000000000e+00	9.623181450103256e-01
3.500000000000000e+00	1.032120817253777e+00
3.500000000000000e+00	1.031833637212638e+00
3.500000000000000e+00	1.024591789851550e+00
3.500000000000000e+00	9.684786617203734e-01
3.500000000000000e+00	9.332143212303899e-01
3.500000000000000e+00	9.388159971762670e-01
3.500000000000000e+00	9.839212706649496e-01
3.500000000000000e+00	9.692707853221094e-01
3.500000000000000e+00	9.925674451862518e-01
3.500000000000000e+00	9.618170776214455e-01
3.500000000000000e+00	9.206331980776682e-01
3.500000000000000e+00	9.689493584249902e-01
3.500000000000000e+00	9.608000242027280e-01
3.500000000000000e+00	9.571878245034197e-01
3.500000000000000e+00	9.918704563745367e-01
3.500000000000000e+00	9.841520754928847e-01
3.500000000000000e+00	1.003541544850196e+00
3.500000000000000e+00	9.426530129658270e-01
3.500000000000000e+00	1.035570960120390e+00
3.500000000000000e+00	1.075674750617003e+00
3.500000000000000e+00	9.262282080512081e-01
3.500000000000000e+00	1.053929253113119e+00
3.500000000000000e+00	1.020837988051072e+00
3.500000000000000e+00	9.666697051893268e-01
3.500000000000000e+00	9.128731490343314e-01
3.500000000000000e+00	9.909864791743304e-01
3.500000000000000e+00	9.935192271979107e-01
3.500000000000000e+00	1.026899610644025e+00
3.500000000000000e+00	1.035044083207523e+00
3.500000000000000e+00	9.138240597069608e-01
3.500000000000000e+00	1.037287984587480e+00
3.500000000000000e+00	9.041072151584575e-01
3.500000000000000e+00	9.625890095870305e-01
3.500000000000000e+00	9.989232988145189e-01
3.500000000000000e+00	9.955811730901840e-01
3.500000000000000e+00	9.414128066267810e-01
3.500000000000000e+00	9.686726880085597e-01
3.500000000000000e+00	1.077345710678612e+00
3.500000000000000e+00	9.634935935379106e-01
3.500000000000000e+00	1.013379150751909e+00
3.500000000000000e+00	9.896167628366744e-01
3.500000000000000e+00	9.018006318505279e-01
3.500000000000000e+00	1.050130603271742e+00
3.500000000000000e+00	9.302651207049732e-01
3.500000000000000e+00	9.067510401847616e-01
3.500000000000000e+00	9.752598030709956e-01
3.500000000000000e+00	9.432310401932965e-01
3.500000000000000e+00	1.014267770186947e+00
3.500000000000000e+00	1.040368561212442e+00
3.500000000000000e+00	9.961399996050730e-01
3.500000000000000e+00	9.849300367239354e-01
3.500000000000000e+00	9.383375339507826e-01
3.500000000000000e+00	9.616053189852278e-01
3.500000000000000e+00	9.580834505940896e-01
3.500000000000000e+00	1.044894962573913e+00
3.500000000000000e+00	9.374004543938176e-01
3.500000000000000e+00	1.070267708877101e+00
3.500000000000000e+00	9.918991721514954e-01
3.500000000000000e+00	9.349941366002088e-01
3.500000000000000e+00	9.359923678771117e-01
3.500000000000000e+00	9.831020351429481e-01
3.500000000000000e+00	9.136078828627430e-01
3.500000000000000e+00	9.077510142312113e-01
3.500000000000000e+00	9.992343981535097e-01
3.500000000000000e+00	1.003963091417069e+00
3.500000000000000e+00	8.752861608868595e-01
3.500000000000000e+00	1.066324063892220e+00
3.500000000000000e+00	1.001119841743774e+00
3.500000000000000e+00	1.045837001894722e+00
3.500000000000000e+00	1.017642908678688e+00
3.500000000000000e+00	9.896634901999890e-01
3.500000000000000e+00	8.841594413603813e-01
3.500000000000000e+00	8.390202336319144e-01
3.500000000000000e+00	1.009324039282814e+00
3.500000000000000e+00	9.931956211677838e-01
3.500000000000000e+00	9.204374375494404e-01
3.500000000000000e+00	1.019125392785469e+00
3.500000000000000e+00	9.850601746603708e-01
3.500000000000000e+00	1.044863211858882e+00
3.500000000000000e+00	1.058446793686288e+00
3.500000000000000e+00	1.028965121605741e+00
3.500000000000000e+00	9.689089542297745e-01
3.500000000000000e+00	9.566997967117057e-01
3.500000000000000e+00	1.068095568069108e+00
3.500000000000000e+00	1.026372933532333e+00
3.500000000000000e+00	9.810423510475113e-01
3.500000000000000e+00	9.502386019637884e-01
3.500000000000000e+00	9.689624950545015e-01
3.500000000000000e+00	1.025586035213247e+00
3.500000000000000e+00	1.055504138231571e+00
3.500000000000000e+00	9.687217104280401e-01
3.500000000000000e+00	1.019709623885791e+00
3.500000000000000e+00	9.678788170943095e-01
3.500000000000000e+00	1.041291476079818e+00
3.500000000000000e+00	1.026652783973901e+00
3.500000000000000e+00	9.649110956046367e-01
3.500000000000000e+00	1.034510964661448e+00
3.500000000000000e+00	1.029758385009874e+00
3.500000000000000e+00	1.032377198218632e+00
3.500000000000000e+00	1.059946120391441e+00
3.500000000000000e+00	1.001975406654353e+00
3.500000000000000e+00	1.004337058924939e+00
3.500000000000000e+00	1.054133537411939e+00
3.500000000000000e+00	1.025851342285349e+00
3.500000000000000e+00	9.452461191982625e-01
3.500000000000000e+00	9.644487896008372e-01
3.500000000000000e+00	8.947106281956816e-01
3.500000000000000e+00	9.317207095105193e-01
3.500000000000000e+00	1.016756154489879e+00
3.500000000000000e+00	9.459905892598341e-01
3.500000000000000e+00	9.605592988194962e-01
3.500000000000000e+00	9.403089521419430e-01
3.500000000000000e+00	1.024891244265308e+00
3.500000000000000e+00	8.931139579122269e-01
3.500000000000000e+00	1.017544990267591e+00
3.500000000000000e+00	1.083013577538921e+00
3.500000000000000e+00	1.015196514920533e+00
3.500000000000000e+00	9.716498355774368e-01
3.500000000000000e+00	1.010963710214475e+00
3.500000000000000e+00	9.699670970527049e-01
3.500000000000000e+00	1.061441638887447e+00
3.500000000000000e+00	9.941238622617711e-01
3.500000000000000e+00	8.783702069240347e-01
3.500000000000000e+00	9.156845585687288e-01
3.500000000000000e+00	9.530238405416246e-01
3.500000000000000e+00	9.727590692611003e-01
3.500000000000000e+00	1.032735699824531e+00
3.500000000000000e+00	1.058047555081409e+00
3.500000000000000e+00	9.405125801116281e-01
3.500000000000000e+00	1.022684971700033e+00
3.500000000000000e+00	9.877593925889436e-01
3.500000000000000e+00	9.650815528889443e-01
3.500000000000000e+00	9.745294842193550e-01
3.500000000000000e+00	1.073883075997860e+00
3.500000000000000e+00	1.021702131913195e+00
3.500000000000000e+00	9.949177308476257e-01
3.500000000000000e+00	1.024835513525638e+00
3.500000000000000e+00	9.611253432542561e-01
3.500000000000000e+00	9.592419191942108e-01
3.500000000000000e+00	1.015946547947141e+00
3.500000000000000e+00	9.530235683639841e-01
3.500000000000000e+00	1.037370921228344e+00
3.500000000000000e+00	1.003783642212964e+00
3.500000000000000e+00	9.766339017021617e-01
3.500000000000000e+00	1.083998403494871e+00
3.500000000000000e+00	9.585019747566120e-01
3.500000000000000e+00	8.781869373636297e-01
3.500000000000000e+00	9.761405718397307e-01
3.500000000000000e+00	1.066415362061535e+00
3.500000000000000e+00	1.049485198705207e+00
3.500000000000000e+00	1.024553041116907e+00
3.500000000000000e+00	1.006280380763669e+00
3.500000000000000e+00	1.021793592021974e+00
3.500000000000000e+00	1.060954588362863e+00
3.500000000000000e+00	9.703029109338950e-01
3.500000000000000e+00	9.855927843296476e-01
3.500000000000000e+00	9.969681199792071e-01
3.500000000000000e+00	9.013579307411919e-01
3.500000000000000e+00	9.375707863762037e-01
3.500000000000000e+00	9.642848287172576e-01
3.500000000000000e+00	1.034748333071391e+00
3.500000000000000e+00	1.105144652213105e+00
3.500000000000000e+00	1.009172850725735e+00
3.500000000000000e+00	1.011698257274703e+00
3.500000000000000e+00	1.030006872659610e+00
3.500000000000000e+00	1.012899085665364e+00
3.500000000000000e+00	9.009107383995532e-01
3.500000000000000e+00	1.053078518020446e+00
3.500000000000000e+00	1.089317775787724e+00
3.500000000000000e+00	9.633474029633650e-01
3.500000000000000e+00	9.729717306816590e-01
3.500000000000000e+00	9.715092983891536e-01
3.500000000000000e+00	9.153598689610385e-01
3.500000000000000e+00	9.608696107493342e-01
3.500000000000000e+00	9.265396519575028e-01
3.500000000000000e+00	8.792942218903458e-01
3.500000000000000e+00	9.919497096718092e-01
3.500000000000000e+00	9.045629091414369e-01
3.500000000000000e+00	1.002917422896703e+00
3.500000000000000e+00	9.821514558373765e-01
3.500000000000000e+00	9.825892537121961e-01
3.500000000000000e+00	9.424180890443015e-01
3.500000000000000e+00	9.164633577473218e-01
3.500000000000000e+00	9.592870740884188e-01
3.500000000000000e+00	9.576248983274585e-01
3.500000000000000e+00	1.076259794156526e+00
3.500000000000000e+00	1.006681700808624e+00
3.500000000000000e+00	1.074112301769693e+00
3.500000000000000e+00	1.021518873750912e+00
3.500000000000000e+00	9.687202807051931e-01
3.500000000000000e+00	9.756049040335296e-01
3.500000000000000e+00	9.293604365650728e-01
3.500000000000000e+00	9.534743236335613e-01
3.500000000000000e+00	9.359785563171498e-01
3.500000000000000e+00	9.623940705866858e-01
3.500000000000000e+00	9.921096158234657e-01
3.500000000000000e+00	1.005495698396818e+00
3.500000000000000e+00	1.094558371940096e+00
3.500000000000000e+00	9.662123923081138e-01
3.500000000000000e+00	1.007409832840113e+00
3.500000000000000e+00	1.016632880973824e+00
3.500000000000000e+00	9.267669939707595e-01
3.500000000000000e+00	1.108949014564788e+00
3.500000000000000e+00	1.031866822313250e+00
3.500000000000000e+00	9.920283876634451e-01
3.500000000000000e+00	9.353682702326735e-01
3.500000000000000e+00	1.011999022554071e+00
3.500000000000000e+00	9.416752537635754e-01
3.500000000000000e+00	9.015765620988254e-01
3.500000000000000e+00	8.778093450418754e-01
3.500000000000000e+00	1.009644031396747e+00
3.500000000000000e+00	9.586953422916472e-01
3.500000000000000e+00	9.568225539024620e-01
3.500000000000000e+00	9.289031349443256e-01
3.500000000000000e+00	9.224170451087703e-01
3.500000000000000e+00	9.891421191944456e-01
3.500000000000000e+00	9.686209231304621e-01
3.500000000000000e+00	9.965766675116695e-01
3.500000000000000e+00	9.114682709578744e-01
3.500000000000000e+00	9.791566227798001e-01
3.500000000000000e+00	9.708690404340573e-01
3.500000000000000e+00	9.435535118795183e-01
3.500000000000000e+00	1.016767045167724e+00
3.500000000000000e+00	1.067734274759596e+00
3.500000000000000e+00	9.825256582201929e-01
3.500000000000000e+00	1.035239921785744e+00
3.500000000000000e+00	1.021994928344556e+00
3.500000000000000e+00	9.678710410744533e-01
3.500000000000000e+00	9.538739680475680e-01
3.500000000000000e+00	9.356504964622890e-01
3.500000000000000e+00	9.313521155771540e-01
3.500000000000000e+00	1.079316708867750e+00
3.500000000000000e+00	9.482006437082087e-01
3.500000000000000e+00	9.680785515331900e-01
3.500000000000000e+00	9.792222763335724e-01
3.500000000000000e+00	9.633024580674935e-01
3.500000000000000e+00	9.126535808110797e-01
3.500000000000000e+00	9.873033472365281e-01
3.500000000000000e+00	9.442568639192758e-01
3.500000000000000e+00	9.923125071845152e-01
3.500000000000000e+00	9.595674573783104e-01
3.500000000000000e+00	1.041908099649845e+00
3.500000000000000e+00	9.068485065264796e-01
3.500000000000000e+00	1.032203825212236e+00
3.500000000000000e+00	1.144766098617683e+00
3.500000000000000e+00	1.000893160154096e+00
3.500000000000000e+00	9.928105177482471e-01
3.500000000000000e+00	1.030701596810614e+00
3.500000000000000e+00	9.719158450382303e-01
3.500000000000000e+00	1.035771176729582e+00
3.500000000000000e+00	9.086353035538731e-01
3.500000000000000e+00	1.007187353276246e+00
3.500000000000000e+00	9.141461283453897e-01
3.500000000000000e+00	9.537876423524406e-01
3.500000000000000e+00	9.707335254478987e-01
3.500000000000000e+00	9.403413487973850e-01
3.500000000000000e+00	9.519479163323487e-01
3.500000000000000e+00	9.147182182709239e-01
3.500000000000000e+00	9.889384827037411e-01
3.500000000000000e+00	1.087328257945917e+00
3.500000000000000e+00	1.020392493126580e+00
3.500000000000000e+00	1.037209095110170e+00
3.500000000000000e+00	1.025637657338337e+00
3.500000000000000e+00	9.703421385382878e-01
3.500000000000000e+00	9.938102219177464e-01
3.500000000000000e+00	9.497121131287311e-01
3.500000000000000e+00	9.808664466441198e-01
3.500000000000000e+00	9.945489188947642e-01
3.500000000000000e+00	1.000415504107836e+00
3.500000000000000e+00	9.573028493192597e-01
3.500000000000000e+00	9.264514510433808e-01
3.500000000000000e+00	9.382714353734233e-01
3.500000000000000e+00	1.034903857200337e+00
3.500000000000000e+00	1.004116067493893e+00
3.500000000000000e+00	9.942554659688422e-01
3.500000000000000e+00	1.019167285693005e+00
3.500000000000000e+00	1.060708915964039e+00
3.500000000000000e+00	1.006851487794834e+00
3.500000000000000e+00	9.116946065887280e-01
3.500000000000000e+00	9.632816394083779e-01
3.500000000000000e+00	1.067705213771660e+00
3.500000000000000e+00	9.561308058698224e-01
3.500000000000000e+00	1.018675733825436e+00
3.500000000000000e+00	9.092788462613173e-01
3.500000000000000e+00	9.407534185280438e-01
3.500000000000000e+00	1.014399355808975e+00
3.500000000000000e+00	9.854904344896276e-01
3.500000000000000e+00	9.532596024758989e-01
3.500000000000000e+00	9.928969354025214e-01
3.500000000000000e+00	1.008118213998229e+00
3.500000000000000e+00	1.059240677686232e+00
3.500000000000000e+00	9.967210884078961e-01
3.500000000000000e+00	1.044867505114441e+00
3.500000000000000e+00	1.028605031954383e+00
3.500000000000000e+00	1.072816795433884e+00
3.500000000000000e+00	9.596492507620825e-01
3.500000000000000e+00	9.889006977146667e-01
3.500000000000000e+00	9.939346312352673e-01
3.500000000000000e+00	1.021371101030564e+00
3.500000000000000e+00	8.974788286389003e-01
3.500000000000000e+00	9.998427952593355e-01
3.500000000000000e+00	1.055652975784521e+00
3.500000000000000e+00	9.757293461988213e-01
3.500000000000000e+00	9.848848843994255e-01
3.500000000000000e+00	9.719641614011737e-01
3.500000000000000e+00	8.613196298656542e-01
3.500000000000000e+00	9.142026013885677e-01
3.500000000000000e+00	9.711930392629237e-01
3.500000000000000e+00	9.177070516041155e-01
3.500000000000000e+00	9.848257263074512e-01
3.500000000000000e+00	9.810663668336519e-01
3.500000000000000e+00	9.190390764726433e-01
3.500000000000000e+00	9.526632957239355e-01
3.500000000000000e+00	9.809809829108835e-01
3.500000000000000e+00	1.001029001902138e+00
3.500000000000000e+00	9.796190387510378e-01
3.500000000000000e+00	1.061285300297210e+00
3.500000000000000e+00	9.320677657278116e-01
3.500000000000000e+00	1.016565315778766e+00
3.500000000000000e+00	1.065763328283278e+00
3.500000000000000e+00	1.003843992214824e+00
3.500000000000000e+00	9.790679473201919e-01
3.500000000000000e+00	9.177581163375503e-01
3.500000000000000e+00	1.025114598295603e+00
3.500000000000000e+00	9.877795029303110e-01
3.500000000000000e+00	9.208441326341772e-01
3.500000000000000e+00	9.168802884843197e-01
3.500000000000000e+00	9.826280227518526e-01
3.500000000000000e+00	9.668476294711081e-01
3.500000000000000e+00	9.947865185319280e-01
3.500000000000000e+00	9.981464356775147e-01
3.500000000000000e+00	9.280630716225300e-01
3.500000000000000e+00	9.230955354844838e-01
3.500000000000000e+00	9.478156091480350e-01
3.500000000000000e+00	9.603112115304091e-01
3.500000000000000e+00	9.752937771771678e-01
3.500000000000000e+00	1.011376852521120e+00
3.500000000000000e+00	1.005682753128654e+00
3.500000000000000e+00	1.054572969085217e+00
3.500000000000000e+00	1.055511633365748e+00
3.500000000000000e+00	9.158016125485267e-01
3.500000000000000e+00	9.860752723367573e-01
3.500000000000000e+00	9.133119220046546e-01
3.500000000000000e+00	1.032583075787739e+00
3.500000000000000e+00	1.021671404147255e+00
3.500000000000000e+00	1.021245474369037e+00
3.500000000000000e+00	1.036336936490986e+00
3.500000000000000e+00	9.614117959314460e-01
3.500000000000000e+00	9.758443026110099e-01
3.500000000000000e+00	9.762942133551811e-01
3.500000000000000e+00	9.013593961416970e-01
3.500000000000000e+00	9.705641451011832e-01
3.500000000000000e+00	1.013217141985572e+00
3.500000000000000e+00	9.563171324619865e-01
3.500000000000000e+00	8.948957858685729e-01
3.500000000000000e+00	9.898130383075943e-01
3.500000000000000e+00	9.295658395712575e-01
3.500000000000000e+00	9.478846706213008e-01
3.500000000000000e+00	9.174643097095871e-01
3.500000000000000e+00	1.030377202813139e+00
3.500000000000000e+00	9.528354557810185e-01
3.500000000000000e+00	9.702926985557289e-01
3.500000000000000e+00	1.008125286681576e+00
3.500000000000000e+00	1.067934596512615e+00
3.500000000000000e+00	1.063054320432295e+00
3.500000000000000e+00	8.919962477829250e-01
3.500000000000000e+00	9.132181663830036e-01
3.500000000000000e+00	9.820836453502634e-01
3.500000000000000e+00	9.140130799181245e-01
3.500000000000000e+00	9.687925475495037e-01
3.500000000000000e+00	1.097487173746716e+00
3.500000000000000e+00	9.938868872083696e-01
3.500000000000000e+00	9.366479732406311e-01
3.500000000000000e+00	9.573970580113583e-01
3.500000000000000e+00	1.023204598727014e+00
3.500000000000000e+00	9.496315159325330e-01
3.500000000000000e+00	8.981881914106484e-01
3.500000000000000e+00	9.863768889667136e-01
3.500000000000000e+00	1.047287479103311e+00
3.500000000000000e+00	1.042141868435865e+00
3.500000000000000e+00	1.041149508280462e+00
3.500000000000000e+00	1.019444246566704e+00
3.500000000000000e+00	9.868236767320152e-01
3.500000000000000e+00	1.029475747629773e+00
3.500000000000000e+00	9.288722580870417e-01
3.500000000000000e+00	9.376387519421968e-01
3.500000000000000e+00	9.369921103380265e-01
3.500000000000000e+00	9.472220750033122e-01
3.500000000000000e+00	9.644669196906200e-01
3.500000000000000e+00	9.895208188050950e-01
3.500000000000000e+00	1.035508367457302e+00
3.500000000000000e+00	1.060456124109518e+00
3.500000000000000e+00	1.018824286007658e+00
3.500000000000000e+00	9.264731621525804e-01
3.500000000000000e+00	9.708887774509304e-01
3.500000000000000e+00	1.001735693483392e+00
3.500000000000000e+00	9.519861830246772e-01
3.500000000000000e+00	9.531625228829361e-01
3.500000000000000e+00	9.557401506928713e-01
3.500000000000000e+00	1.045917000470507e+00
3.500000000000000e+00	1.081306058720545e+00
3.500000000000000e+00	1.037456545837213e+00
3.500000000000000e+00	9.856288701323112e-01
3.500000000000000e+00	1.086752060552262e+00
3.500000000000000e+00	1.033756637868045e+00
3.500000000000000e+00	1.050989394764901e+00
3.500000000000000e+00	1.011748872652686e+00
3.500000000000000e+00	9.512349770920034e-01
3.500000000000000e+00	9.588286414841524e-01
3.500000000000000e+00	1.010847210208700e+00
3.500000000000000e+00	9.117742375034320e-01
3.500000000000000e+00	1.036052952742326e+00
3.500000000000000e+00	9.983984854585869e-01
3.500000000000000e+00	9.891447546689041e-01
3.500000000000000e+00	9.394782148357822e-01
3.500000000000000e+00	9.414056554657261e-01
3.500000000000000e+00	9.989501606986876e-01
3.500000000000000e+00	1.005896624064294e+00
3.500000000000000e+00	1.068642671292812e+00
3.500000000000000e+00	1.015906445294366e+00
3.500000000000000e+00	9.819223677380551e-01
3.500000000000000e+00	1.039324137127351e+00
3.500000000000000e+00	8.399985671317738e-01
3.500000000000000e+00	8.772789148828518e-01
3.500000000000000e+00	9.331313498863438e-01
3.500000000000000e+00	9.370392183480090e-01
3.500000000000000e+00	8.711346254425403e-01
3.500000000000000e+00	9.547288338644009e-01
3.500000000000000e+00	1.021247578250739e+00
3.500000000000000e+00	1.032744508288367e+00
3.500000000000000e+00	9.850833239192911e-01
3.500000000000000e+00	9.765343145653105e-01
3.500000000000000e+00	9.191973441254445e-01
3.500000000000000e+00	1.013138762335209e+00
3.500000000000000e+00	9.643505290442064e-01
3.500000000000000e+00	9.638819403336529e-01
3.500000000000000e+00	1.005201643253658e+00
3.500000000000000e+00	9.481297470589638e-01
3.500000000000000e+00	1.041039841216827e+00
3.500000000000000e+00	9.697338322694529e-01
3.500000000000000e+00	9.313480724029735e-01
3.500000000000000e+00	1.003507906073511e+00
3.500000000000000e+00	9.203216069004351e-01
3.500000000000000e+00	9.581532011621978e-01
3.500000000000000e+00	9.786086566326707e-01
3.500000000000000e+00	1.092089691708518e+00
3.500000000000000e+00	9.814078493303485e-01
3.500000000000000e+00	9.822165752712146e-01
3.500000000000000e+00	1.024876534977324e+00
3.500000000000000e+00	9.505695654600936e-01
3.500000000000000e+00	9.912300903450233e-01
3.500000000000000e+00	9.593646222581327e-01
3.500000000000000e+00	9.999004614065915e-01
3.500000000000000e+00	9.474696481593311e-01
3.500000000000000e+00	1.021799984314376e+00
3.500000000000000e+00	1.041924004597033e+00
3.500000000000000e+00	1.000526620944478e+00
3.500000000000000e+00	9.820025445642538e-01
3.500000000000000e+00	9.709986872488464e-01
3.500000000000000e+00	9.393045298171239e-01
3.500000000000000e+00	1.047415089596850e+00
3.500000000000000e+00	1.042900698853033e+00
3.500000000000000e+00	9.182609994825729e-01
3.500000000000000e+00	1.004509191579504e+00
3.500000000000000e+00	9.356522860894178e-01
3.500000000000000e+00	9.227492126530213e-01
3.500000000000000e+00	9.430348845440373e-01
3.500000000000000e+00	9.449282156078234e-01
3.500000000000000e+00	1.004209457313653e+00
3.500000000000000e+00	1.023916882165418e+00
3.500000000000000e+00	1.030876446357840e+00
3.500000000000000e+00	9.427960773603477e-01
3.500000000000000e+00	1.058050649402838e+00
3.500000000000000e+00	1.031927883911630e+00
3.500000000000000e+00	9.454417123040849e-01
3.500000000000000e+00	9.715780247792958e-01
3.500000000000000e+00	9.162824093742965e-01
3.500000000000000e+00	9.536531419009614e-01
3.500000000000000e+00	9.395314957244165e-01
3.500000000000000e+00	1.038250758724938e+00
3.500000000000000e+00	9.950909247377588e-01
3.500000000000000e+00	9.453109304591631e-01
3.500000000000000e+00	1.050944958876462e+00
3.500000000000000e+00	9.989145394883682e-01
3.500000000000000e+00	9.135252957224409e-01
3.500000000000000e+00	8.945576457063497e-01
3.500000000000000e+00	9.443517902652572e-01
3.500000000000000e+00	9.347611851793036e-01
3.500000000000000e+00	1.020190312156448e+00
3.500000000000000e+00	9.646003466385631e-01
3.500000000000000e+00	1.009833028806422e+00
3.500000000000000e+00	1.053715921435760e+00
3.500000000000000e+00	9.770463142895116e-01
3.500000000000000e+00	9.796106544676464e-01
3.500000000000000e+00	9.680702573294619e-01
3.500000000000000e+00	9.488918382829397e-01
3.500000000000000e+00	1.102557421436131e+00
3.500000000000000e+00	9.034534302070176e-01
3.500000000000000e+00	9.652603765670483e-01
3.500000000000000e+00	1.079651463452016e+00
3.500000000000000e+00	9.076633001015696e-01
3.500000000000000e+00	9.314223057082425e-01
3.500000000000000e+00	9.797187595455159e-01
3.500000000000000e+00	1.025995610792640e+00
3.500000000000000e+00	1.012223122118591e+00
3.500000000000000e+00	9.884454435982315e-01
3.500000000000000e+00	9.641210102713396e-01
3.500000000000000e+00	9.923330873077740e-01
3.500000000000000e+00	1.019302605860025e+00
3.500000000000000e+00	9.717004595834512e-01
3.500000000000000e+00	1.021323299699387e+00
3.500000000000000e+00	9.760177106591514e-01
3.500000000000000e+00	9.859032998501436e-01
3.500000000000000e+00	9.029365160122460e-01
3.500000000000000e+00	9.618019960022822e-01
3.500000000000000e+00	9.186945297934412e-01
3.500000000000000e+00	9.590880293047593e-01
3.500000000000000e+00	9.794369930303555e-01
3.500000000000000e+00	1.056265029933842e+00
3.500000000000000e+00	9.591178643905672e-01
3.500000000000000e+00	9.413006620441826e-01
3.500000000000000e+00	9.164484335439375e-01
3.500000000000000e+00	9.864243217603568e-01
3.500000000000000e+00	1.023392141912245e+00
3.500000000000000e+00	1.076281631915445e+00
3.500000000000000e+00	1.019742554711812e+00
3.500000000000000e+00	1.124804429945989e+00
3.500000000000000e+00	8.989835244360178e-01
3.500000000000000e+00	1.063522020199677e+00
3.500000000000000e+00	9.316754843658620e-01
3.500000000000000e+00	1.028387952197429e+00
3.500000000000000e+00	9.865549776260695e-01
3.500000000000000e+00	9.153897880694490e-01
3.500000000000000e+00	1.029436068338943e+00
3.500000000000000e+00	9.685766992624691e-01
3.500000000000000e+00	1.054763528310157e+00
3.500000000000000e+00	1.007072733583881e+00
3.500000000000000e+00	9.237127846254108e-01
3.500000000000000e+00	9.329787679495855e-01
3.500000000000000e+00	1.003805895091347e+00
3.500000000000000e+00	1.031241008915137e+00
3.500000000000000e+00	9.456646308174702e-01
3.500000000000000e+00	9.586910369642414e-01
3.500000000000000e+00	9.995435111457870e-01
3.500000000000000e+00	9.366812145320045e-01
3.500000000000000e+00	9.232191844198755e-01
3.500000000000000e+00	1.030527256180953e+00
3.500000000000000e+00	9.400188713440600e-01
3.500000000000000e+00	9.892488836552553e-01
3.500000000000000e+00	9.409006364120555e-01
3.500000000000000e+00	9.795651561619424e-01
3.500000000000000e+00	9.968486916218033e-01
3.500000000000000e+00	9.325976391224342e-01
3.500000000000000e+00	9.448486798433104e-01
3.500000000000000e+00	9.562575886529910e-01
3.500000000000000e+00	1.000998910582864e+00
3.500000000000000e+00	1.061009170664574e+00
3.500000000000000e+00	9.462011949634777e-01
3.500000000000000e+00	1.021560167066758e+00
3.500000000000000e+00	1.069547812886560e+00
3.500000000000000e+00	9.090763063654078e-01
3.500000000000000e+00	1.060945096700301e+00
3.500000000000000e+00	9.651130694141202e-01
3.500000000000000e+00	9.280413839042331e-01
3.500000000000000e+00	9.987656400185987e-01
3.500000000000000e+00	9.940154912461934e-01
3.500000000000000e+00	9.821596275746263e-01
3.500000000000000e+00	9.517130366331107e-01
3.500000000000000e+00	9.669493081644870e-01
3.500000000000000e+00	9.705847465040905e-01
3.500000000000000e+00	9.493863459237080e-01
3.500000000000000e+00	1.008943456908486e+00
3.500000000000000e+00	1.019858611825321e+00
3.500000000000000e+00	9.000799381799863e-01
3.500000000000000e+00	9.924472500854297e-01
3.500000000000000e+00	9.366958114303071e-01
3.500000000000000e+00	1.108537397224522e+00
3.500000000000000e+00	1.013314965283830e+00
3.500000000000000e+00	1.043843250262301e+00
3.500000000000000e+00	1.095632378657150e+00
3.500000000000000e+00	1.031579985131842e+00
3.500000000000000e+00	1.030327599063366e+00
3.500000000000000e+00	1.072546900644663e+00
3.500000000000000e+00	9.924825126369489e-01
3.500000000000000e+00	9.567908391948211e-01
3.500000000000000e+00	9.685493440902340e-01
3.500000000000000e+00	1.012927564773346e+00
3.500000000000000e+00	9.405297652509379e-01
3.500000000000000e+00	9.595545823299746e-01
3.500000000000000e+00	9.120795926219660e-01
3.500000000000000e+00	9.356342782648154e-01
3.500000000000000e+00	9.634252057433657e-01
3.500000000000000e+00	1.002949942225140e+00
3.500000000000000e+00	1.004173556569726e+00
3.500000000000000e+00	9.993694452833685e-01
3.500000000000000e+00	1.006211692446261e+00
3.500000000000000e+00	9.762915851658412e-01
3.500000000000000e+00	1.019334516026405e+00
3.500000000000000e+00	8.640898749835141e-01
3.500000000000000e+00	9.596645953514035e-01
3.500000000000000e+00	1.022970422974798e+00
3.500000000000000e+00	9.179546123541158e-01
3.500000000000000e+00	9.996392666926581e-01
3.500000000000000e+00	9.713239569618262e-01
3.500000000000000e+00	1.036485223221530e+00
3.500000000000000e+00	9.506334443607555e-01
3.500000000000000e+00	1.002866550751939e+00
3.500000000000000e+00	1.066642338257923e+00
3.500000000000000e+00	9.444997095554375e-01
3.500000000000000e+00	1.004141492715095e+00
3.500000000000000e+00	9.990076492416935e-01
3.500000000000000e+00	1.076748151602922e+00
3.500000000000000e+00	1.051869943632503e+00
