1.150000000000000e+00	4.655276040454482e+00
1.150000000000000e+00	4.744846243553626e+00
1.150000000000000e+00	4.806851382877525e+00
1.150000000000000e+00	4.752521216914581e+00
1.150000000000000e+00	4.866838647946248e+00
1.150000000000000e+00	4.700149783653886e+00
1.150000000000000e+00	4.757504609715669e+00
1.150000000000000e+00	4.687594240917051e+00
1.150000000000000e+00	4.792848494822765e+00
1.150000000000000e+00	4.655445941123304e+00
1.150000000000000e+00	4.759617099496011e+00
1.150000000000000e+00	4.765276866477928e+00
1.150000000000000e+00	4.604079142793183e+00
1.150000000000000e+00	4.843600248015758e+00
1.150000000000000e+00	4.829505498705578e+00
1.150000000000000e+00	4.897394524158120e+00
1.150000000000000e+00	4.714360361903632e+00
1.150000000000000e+00	4.728452017568298e+00
1.150000000000000e+00	4.770915070990386e+00
1.150000000000000e+00	4.682376929117666e+00
1.150000000000000e+00	4.838660848853404e+00
1.150000000000000e+00	4.660429178533088e+00
1.150000000000000e+00	4.829103096939954e+00
1.150000000000000e+00	4.670171178290033e+00
1.150000000000000e+00	4.824737279071124e+00
1.150000000000000e+00	4.830189335755582e+00
1.150000000000000e+00	4.795190190459254e+00
1.150000000000000e+00	4.950303279036911e+00
1.150000000000000e+00	4.671587039831351e+00
1.150000000000000e+00	4.698112944295015e+00
1.150000000000000e+00	4.790113034018656e+00
1.150000000000000e+00	4.842638383123408e+00
1.150000000000000e+00	4.597716973836427e+00
1.150000000000000e+00	4.699277575207244e+00
1.150000000000000e+00	4.707185773939514e+00
1.150000000000000e+00	4.780475847949587e+00
1.150000000000000e+00	4.802788826380679e+00
1.150000000000000e+00	4.771350307935440e+00
1.150000000000000e+00	4.624247808962788e+00
1.150000000000000e+00	4.683621982841549e+00
1.150000000000000e+00	4.834523336065535e+00
1.150000000000000e+00	4.760811051955599e+00
1.150000000000000e+00	4.840912731887189e+00
1.150000000000000e+00	4.760468059289816e+00
1.150000000000000e+00	4.855565983265493e+00
1.150000000000000e+00	4.693439276829046e+00
1.150000000000000e+00	4.681437983972984e+00
1.150000000000000e+00	4.670496166789956e+00
1.150000000000000e+00	4.838044157347038e+00
1.150000000000000e+00	4.898392310153370e+00
1.150000000000000e+00	4.615657082452880e+00
1.150000000000000e+00	4.810194051796985e+00
1.150000000000000e+00	4.766257926736761e+00
1.150000000000000e+00	4.637017153840954e+00
1.150000000000000e+00	4.766661825724774e+00
1.150000000000000e+00	4.789355282402703e+00
1.150000000000000e+00	4.664409570644756e+00
1.150000000000000e+00	4.804873287736633e+00
1.150000000000000e+00	4.724305163015464e+00
1.150000000000000e+00	4.762231500238295e+00
1.150000000000000e+00	4.558382007972940e+00
1.150000000000000e+00	4.721151260371432e+00
1.150000000000000e+00	4.756694058169164e+00
1.150000000000000e+00	4.730564342213937e+00
1.150000000000000e+00	4.771393366641577e+00
1.150000000000000e+00	4.804298907225903e+00
1.150000000000000e+00	4.727435077796619e+00
1.150000000000000e+00	4.702531644323704e+00
1.150000000000000e+00	4.730789056463744e+00
1.150000000000000e+00	4.879809543933655e+00
1.150000000000000e+00	4.783164744522328e+00
1.150000000000000e+00	4.640807444936279e+00
1.150000000000000e+00	4.642127484063492e+00
1.150000000000000e+00	4.649742974139692e+00
1.150000000000000e+00	4.699617202731152e+00
1.150000000000000e+00	4.809815008696528e+00
1.150000000000000e+00	4.676218572547028e+00
1.150000000000000e+00	4.741432606986791e+00
1.150000000000000e+00	4.687974073106537e+00
1.150000000000000e+00	4.776607636446387e+00
1.150000000000000e+00	4.846732441437975e+00
1.150000000000000e+00	4.747067813019889e+00
1.150000000000000e+00	4.626003742653117e+00
1.150000000000000e+00	4.691761164623562e+00
1.150000000000000e+00	4.729434109747375e+00
1.150000000000000e+00	4.756827061244519e+00
1.150000000000000e+00	4.687640150672361e+00
1.150000000000000e+00	4.702837794855430e+00
1.150000000000000e+00	4.717314256031635e+00
1.150000000000000e+00	4.780508081869925e+00
1.150000000000000e+00	4.865034608198453e+00
1.150000000000000e+00	4.769836224667976e+00
1.150000000000000e+00	4.924145709950622e+00
1.150000000000000e+00	4.711696778262502e+00
1.150000000000000e+00	4.807443060709259e+00
1.150000000000000e+00	4.742683649274586e+00
1.150000000000000e+00	4.792306312475262e+00
1.150000000000000e+00	4.723731929242852e+00
1.150000000000000e+00	4.837865693211564e+00
1.150000000000000e+00	4.777127587893306e+00
1.150000000000000e+00	4.708438317841561e+00
1.150000000000000e+00	4.889522706468826e+00
1.150000000000000e+00	4.662939767965455e+00
1.150000000000000e+00	4.877732182568273e+00
1.150000000000000e+00	4.754634901620826e+00
1.150000000000000e+00	4.742294680110923e+00
1.150000000000000e+00	4.752459363462641e+00
1.150000000000000e+00	4.730302426209074e+00
1.150000000000000e+00	4.697006329273751e+00
1.150000000000000e+00	4.798908410963212e+00
1.150000000000000e+00	4.846206457425582e+00
1.150000000000000e+00	4.811195445796013e+00
1.150000000000000e+00	4.841572291290907e+00
1.150000000000000e+00	4.743333265306656e+00
1.150000000000000e+00	4.855162085596042e+00
1.150000000000000e+00	4.704963199471791e+00
1.150000000000000e+00	4.706274375931638e+00
1.150000000000000e+00	4.673077836023127e+00
1.150000000000000e+00	4.818185339184199e+00
1.150000000000000e+00	4.716770431528488e+00
1.150000000000000e+00	4.672726315735247e+00
1.150000000000000e+00	4.847736265585977e+00
1.150000000000000e+00	4.653529349757828e+00
1.150000000000000e+00	4.686705581524349e+00
1.150000000000000e+00	4.784096171589127e+00
1.150000000000000e+00	4.761027895908293e+00
1.150000000000000e+00	4.741108362796029e+00
1.150000000000000e+00	4.690941381739980e+00
1.150000000000000e+00	4.711673857861374e+00
1.150000000000000e+00	4.749813484443261e+00
1.150000000000000e+00	4.844276817665707e+00
1.150000000000000e+00	4.827543716581349e+00
1.150000000000000e+00	4.865770125755512e+00
1.150000000000000e+00	4.787746803181598e+00
1.150000000000000e+00	4.841738142704360e+00
1.150000000000000e+00	4.748634080526463e+00
1.150000000000000e+00	4.694431374112831e+00
1.150000000000000e+00	4.747065888931428e+00
1.150000000000000e+00	4.803380712366199e+00
1.150000000000000e+00	4.626294732153058e+00
1.150000000000000e+00	4.690513295993511e+00
1.150000000000000e+00	4.804330170723381e+00
1.150000000000000e+00	4.678900831716557e+00
1.150000000000000e+00	4.764682376083017e+00
1.150000000000000e+00	4.758918732563920e+00
1.150000000000000e+00	4.841837000114397e+00
1.150000000000000e+00	4.704453890752429e+00
1.150000000000000e+00	4.668363616659077e+00
1.150000000000000e+00	4.835774640837426e+00
1.150000000000000e+00	4.780675363807182e+00
1.150000000000000e+00	4.647698678346545e+00
1.150000000000000e+00	4.817217986957159e+00
1.150000000000000e+00	4.793598444336562e+00
1.150000000000000e+00	4.761130347842844e+00
1.150000000000000e+00	4.790932416363698e+00
1.150000000000000e+00	4.773738221405795e+00
1.150000000000000e+00	4.771880835813510e+00
1.150000000000000e+00	4.823004532732015e+00
1.150000000000000e+00	4.767053945720942e+00
1.150000000000000e+00	4.778585829086524e+00
1.150000000000000e+00	4.859341298436783e+00
1.150000000000000e+00	4.823563815044427e+00
1.150000000000000e+00	4.797660140426698e+00
1.150000000000000e+00	4.745868096573670e+00
1.150000000000000e+00	4.755673964299721e+00
1.150000000000000e+00	4.769610601978564e+00
1.150000000000000e+00	4.810412669061512e+00
1.150000000000000e+00	4.754877855163017e+00
1.150000000000000e+00	4.850737434896629e+00
1.150000000000000e+00	4.717267384845576e+00
1.150000000000000e+00	4.721730679830813e+00
1.150000000000000e+00	4.587649298308294e+00
1.150000000000000e+00	4.693938637101944e+00
1.150000000000000e+00	4.913880465664889e+00
1.150000000000000e+00	4.792681562320505e+00
1.150000000000000e+00	4.746779694940619e+00
1.150000000000000e+00	4.759052300703354e+00
1.150000000000000e+00	4.656464303620828e+00
1.150000000000000e+00	4.833626390487444e+00
1.150000000000000e+00	4.747943719947532e+00
1.150000000000000e+00	4.823227577157607e+00
1.150000000000000e+00	4.785057277605918e+00
1.150000000000000e+00	4.669962268697490e+00
1.150000000000000e+00	4.717323470232087e+00
1.150000000000000e+00	4.635724343753194e+00
1.150000000000000e+00	4.599419737877215e+00
1.150000000000000e+00	4.812767416569448e+00
1.150000000000000e+00	4.739392472393984e+00
1.150000000000000e+00	4.679498222756424e+00
1.150000000000000e+00	4.805807461187686e+00
1.150000000000000e+00	4.762669272170307e+00
1.150000000000000e+00	4.681857685925205e+00
1.150000000000000e+00	4.675742411353539e+00
1.150000000000000e+00	4.641678535281806e+00
1.150000000000000e+00	4.703407457460671e+00
1.150000000000000e+00	4.758929258144301e+00
1.150000000000000e+00	4.782750826616065e+00
1.150000000000000e+00	4.806861844290907e+00
1.150000000000000e+00	4.700523681498229e+00
1.150000000000000e+00	4.895706747520780e+00
1.150000000000000e+00	4.734057923758401e+00
1.150000000000000e+00	4.525517850073540e+00
1.150000000000000e+00	4.767858539406996e+00
1.150000000000000e+00	4.858379007917277e+00
1.150000000000000e+00	4.763634886472041e+00
1.150000000000000e+00	4.642439879955642e+00
1.150000000000000e+00	4.757091453780465e+00
1.150000000000000e+00	4.685467918311947e+00
1.150000000000000e+00	4.820943155378685e+00
1.150000000000000e+00	4.735277953559466e+00
1.150000000000000e+00	4.779065216674268e+00
1.150000000000000e+00	4.735588584826781e+00
1.150000000000000e+00	4.709171509348598e+00
1.150000000000000e+00	4.653652083855746e+00
1.150000000000000e+00	4.814470322053307e+00
1.150000000000000e+00	4.767498841800021e+00
1.150000000000000e+00	4.806695357176612e+00
1.150000000000000e+00	4.755435964681679e+00
1.150000000000000e+00	4.769476693863554e+00
1.150000000000000e+00	4.725944090179453e+00
1.150000000000000e+00	4.870176454933172e+00
1.150000000000000e+00	4.771448823706380e+00
1.150000000000000e+00	4.798790452810628e+00
1.150000000000000e+00	4.805838773806952e+00
1.150000000000000e+00	4.899230553192834e+00
1.150000000000000e+00	4.848621877355413e+00
1.150000000000000e+00	4.669529497316807e+00
1.150000000000000e+00	4.701956960977551e+00
1.150000000000000e+00	4.675199931131459e+00
1.150000000000000e+00	4.665602963932966e+00
1.150000000000000e+00	4.630763264455735e+00
1.150000000000000e+00	4.798598064965402e+00
1.150000000000000e+00	4.670304041636090e+00
1.150000000000000e+00	4.769585119993631e+00
1.150000000000000e+00	4.769617570210960e+00
1.150000000000000e+00	4.811685889457083e+00
1.150000000000000e+00	4.715700055748885e+00
1.150000000000000e+00	4.761655729481103e+00
1.150000000000000e+00	4.755498772798890e+00
1.150000000000000e+00	4.794000235129350e+00
1.150000000000000e+00	4.828810782699310e+00
1.150000000000000e+00	4.678615106706230e+00
1.150000000000000e+00	4.684286149583546e+00
1.150000000000000e+00	4.703822964378238e+00
1.150000000000000e+00	4.631959242292778e+00
1.150000000000000e+00	4.783026062407698e+00
1.150000000000000e+00	4.838007275366241e+00
1.150000000000000e+00	4.752048406877917e+00
1.150000000000000e+00	4.810049909679282e+00
1.150000000000000e+00	4.635007960137125e+00
1.150000000000000e+00	4.766115238769491e+00
1.150000000000000e+00	4.728344330960836e+00
1.150000000000000e+00	4.651205909441784e+00
1.150000000000000e+00	4.700590725630223e+00
1.150000000000000e+00	4.769930065110104e+00
1.150000000000000e+00	4.797318992792504e+00
1.150000000000000e+00	4.724951427232007e+00
1.150000000000000e+00	4.872144476011213e+00
1.150000000000000e+00	4.759747688975148e+00
1.150000000000000e+00	4.663893093166879e+00
1.150000000000000e+00	4.674001376728684e+00
1.150000000000000e+00	4.742857755633866e+00
1.150000000000000e+00	4.643564751281845e+00
1.150000000000000e+00	4.854756008841774e+00
1.150000000000000e+00	4.832600148291656e+00
1.150000000000000e+00	4.850475299934750e+00
1.150000000000000e+00	4.833707093659175e+00
1.150000000000000e+00	4.700370221834384e+00
1.150000000000000e+00	4.728444865541706e+00
1.150000000000000e+00	4.748106324742913e+00
1.150000000000000e+00	4.567202430206924e+00
1.150000000000000e+00	4.753600094720376e+00
1.150000000000000e+00	4.713639582397762e+00
1.150000000000000e+00	4.694892798533891e+00
1.150000000000000e+00	4.726141005750510e+00
1.150000000000000e+00	4.596292550110764e+00
1.150000000000000e+00	4.876109821596554e+00
1.150000000000000e+00	4.766233412876498e+00
1.150000000000000e+00	4.760683940434726e+00
1.150000000000000e+00	4.767612552290954e+00
1.150000000000000e+00	4.722848587414749e+00
1.150000000000000e+00	4.616108106808715e+00
1.150000000000000e+00	4.850303007016833e+00
1.150000000000000e+00	4.848661407858350e+00
1.150000000000000e+00	4.687305273096143e+00
1.150000000000000e+00	4.717424933729465e+00
1.150000000000000e+00	4.843239892624502e+00
1.150000000000000e+00	4.761079743206794e+00
1.150000000000000e+00	4.751280317830432e+00
1.150000000000000e+00	4.725778823385973e+00
1.150000000000000e+00	4.743653800004822e+00
1.150000000000000e+00	4.663081436173186e+00
1.150000000000000e+00	4.799568829797654e+00
1.150000000000000e+00	4.735867562651018e+00
1.150000000000000e+00	4.799880770888565e+00
1.150000000000000e+00	4.846185827570296e+00
1.150000000000000e+00	4.650459053166909e+00
1.150000000000000e+00	4.818001735559709e+00
1.150000000000000e+00	4.692323652403299e+00
1.150000000000000e+00	4.754861669162961e+00
1.150000000000000e+00	4.759862867995674e+00
1.150000000000000e+00	4.882999910073670e+00
1.150000000000000e+00	4.785721319488676e+00
1.150000000000000e+00	4.700348695483469e+00
1.150000000000000e+00	4.745603675412314e+00
1.150000000000000e+00	4.665815806756942e+00
1.150000000000000e+00	4.865506529064794e+00
1.150000000000000e+00	4.725201071762799e+00
1.150000000000000e+00	4.689452348919803e+00
1.150000000000000e+00	4.819897539740104e+00
1.150000000000000e+00	4.673488366451664e+00
1.150000000000000e+00	4.799315754034275e+00
1.150000000000000e+00	4.626602384374550e+00
1.150000000000000e+00	4.826330852659787e+00
1.150000000000000e+00	4.714585105993251e+00
1.150000000000000e+00	4.699599570131952e+00
1.150000000000000e+00	4.767436734063845e+00
1.150000000000000e+00	4.752308265334825e+00
1.150000000000000e+00	4.783551004558369e+00
1.150000000000000e+00	4.761929208299108e+00
1.150000000000000e+00	4.649424670947527e+00
1.150000000000000e+00	4.717979365078257e+00
1.150000000000000e+00	4.834107813742442e+00
1.150000000000000e+00	4.773676105759344e+00
1.150000000000000e+00	4.683631469401874e+00
1.150000000000000e+00	4.858284643972388e+00
1.150000000000000e+00	4.727111838907901e+00
1.150000000000000e+00	4.780706992267861e+00
1.150000000000000e+00	4.771696925073920e+00
1.150000000000000e+00	4.744033247766053e+00
1.150000000000000e+00	4.639794428150417e+00
1.150000000000000e+00	4.729491281069205e+00
1.150000000000000e+00	4.765636072457847e+00
1.150000000000000e+00	4.806375898215185e+00
1.150000000000000e+00	4.737060035746082e+00
1.150000000000000e+00	4.700691305046478e+00
1.150000000000000e+00	4.797182680187030e+00
1.150000000000000e+00	4.737679337217339e+00
1.150000000000000e+00	4.766124614758683e+00
1.150000000000000e+00	4.678757727476784e+00
1.150000000000000e+00	4.691019486477455e+00
1.150000000000000e+00	4.683212968492860e+00
1.150000000000000e+00	4.751848086025646e+00
1.150000000000000e+00	4.779856081681800e+00
1.150000000000000e+00	4.619688208785692e+00
1.150000000000000e+00	4.792917561882629e+00
1.150000000000000e+00	4.814776449961549e+00
1.150000000000000e+00	4.743741715558446e+00
1.150000000000000e+00	4.678491175988293e+00
1.150000000000000e+00	4.866064051095634e+00
1.150000000000000e+00	4.743906553575568e+00
1.150000000000000e+00	4.765834783624830e+00
1.150000000000000e+00	4.732330228548248e+00
1.150000000000000e+00	4.765963403568836e+00
1.150000000000000e+00	4.804882423054046e+00
1.150000000000000e+00	4.764795993254573e+00
1.150000000000000e+00	4.667027628798306e+00
1.150000000000000e+00	4.850345547039669e+00
1.150000000000000e+00	4.675716175264543e+00
1.150000000000000e+00	4.627422720144995e+00
1.150000000000000e+00	4.797813937476349e+00
1.150000000000000e+00	4.774115352670449e+00
1.150000000000000e+00	4.748931781910551e+00
1.150000000000000e+00	4.614866080480555e+00
1.150000000000000e+00	4.698195762005554e+00
1.150000000000000e+00	4.753600195757649e+00
1.150000000000000e+00	4.828933888702680e+00
1.150000000000000e+00	4.663255650300805e+00
1.150000000000000e+00	4.740343885086868e+00
1.150000000000000e+00	4.757386133084892e+00
1.150000000000000e+00	4.781303014626266e+00
1.150000000000000e+00	4.888040971359475e+00
1.150000000000000e+00	4.793781062820075e+00
1.150000000000000e+00	4.614585346933365e+00
1.150000000000000e+00	4.738803487878888e+00
1.150000000000000e+00	4.926738827971098e+00
1.150000000000000e+00	4.840518682752878e+00
1.150000000000000e+00	4.746931812676297e+00
1.150000000000000e+00	4.751832621540910e+00
1.150000000000000e+00	4.743619213695919e+00
1.150000000000000e+00	4.778261414769387e+00
1.150000000000000e+00	4.702299481825554e+00
1.150000000000000e+00	4.744156049527851e+00
1.150000000000000e+00	4.624432668532775e+00
1.150000000000000e+00	4.713927708407992e+00
1.150000000000000e+00	4.741710612197163e+00
1.150000000000000e+00	4.656850897429410e+00
1.150000000000000e+00	4.772837251397265e+00
1.150000000000000e+00	4.813899042150248e+00
1.150000000000000e+00	4.800676444524678e+00
1.150000000000000e+00	4.800929942883559e+00
1.150000000000000e+00	4.723713007488656e+00
1.150000000000000e+00	4.683164999041657e+00
1.150000000000000e+00	4.875313473215672e+00
1.150000000000000e+00	4.708731115038919e+00
1.150000000000000e+00	4.821608465165273e+00
1.150000000000000e+00	4.753106002906706e+00
1.150000000000000e+00	4.801702592824093e+00
1.150000000000000e+00	4.796304116963384e+00
1.150000000000000e+00	4.666059001758489e+00
1.150000000000000e+00	4.831286342407619e+00
1.150000000000000e+00	4.712837236832607e+00
1.150000000000000e+00	4.673508193810436e+00
1.150000000000000e+00	4.758061865423659e+00
1.150000000000000e+00	4.761910503838541e+00
1.150000000000000e+00	4.712919287590823e+00
1.150000000000000e+00	4.778772561362327e+00
1.150000000000000e+00	4.833076616237858e+00
1.150000000000000e+00	4.664718039514893e+00
1.150000000000000e+00	4.621976738675942e+00
1.150000000000000e+00	4.672986904190407e+00
1.150000000000000e+00	4.869548463379725e+00
1.150000000000000e+00	4.761026230586222e+00
1.150000000000000e+00	4.709190004001101e+00
1.150000000000000e+00	4.772000927387650e+00
1.150000000000000e+00	4.687255689819461e+00
1.150000000000000e+00	4.624924051982321e+00
1.150000000000000e+00	4.703482663690719e+00
1.150000000000000e+00	4.719419490659442e+00
1.150000000000000e+00	4.851087937449261e+00
1.150000000000000e+00	4.744703138713183e+00
1.150000000000000e+00	4.658449410485698e+00
1.150000000000000e+00	4.785501717110860e+00
1.150000000000000e+00	4.661067980988157e+00
1.150000000000000e+00	4.791449883930900e+00
1.150000000000000e+00	4.813717852814672e+00
1.150000000000000e+00	4.764006400769155e+00
1.150000000000000e+00	4.804023087157402e+00
1.150000000000000e+00	4.726135209567757e+00
1.150000000000000e+00	4.625369786011630e+00
1.150000000000000e+00	4.725133959810235e+00
1.150000000000000e+00	4.724938821632067e+00
1.150000000000000e+00	4.718105153952506e+00
1.150000000000000e+00	4.724539481443268e+00
1.150000000000000e+00	4.719939009013425e+00
1.150000000000000e+00	4.765932197701169e+00
1.150000000000000e+00	4.882057091397696e+00
1.150000000000000e+00	4.745486217037854e+00
1.150000000000000e+00	4.712507552059730e+00
1.150000000000000e+00	4.751211234810297e+00
1.150000000000000e+00	4.761166702219380e+00
1.150000000000000e+00	4.622673063288910e+00
1.150000000000000e+00	4.815836437615648e+00
1.150000000000000e+00	4.708636944259711e+00
1.150000000000000e+00	4.709426988633933e+00
1.150000000000000e+00	4.803203161769981e+00
1.150000000000000e+00	4.814443374225855e+00
1.150000000000000e+00	4.766176184850549e+00
1.150000000000000e+00	4.646433020671287e+00
1.150000000000000e+00	4.773435123614907e+00
1.150000000000000e+00	4.777206908526889e+00
1.150000000000000e+00	4.572441613496299e+00
1.150000000000000e+00	4.764596255292171e+00
1.150000000000000e+00	4.834933606164600e+00
1.150000000000000e+00	4.690072640062438e+00
1.150000000000000e+00	4.688751163675071e+00
1.150000000000000e+00	4.696042808796228e+00
1.150000000000000e+00	4.676736308801003e+00
1.150000000000000e+00	4.840298771400725e+00
1.150000000000000e+00	4.760885006841280e+00
1.150000000000000e+00	4.791169737978268e+00
1.150000000000000e+00	4.817823710494276e+00
1.150000000000000e+00	4.755868798516116e+00
1.150000000000000e+00	4.900924050431320e+00
1.150000000000000e+00	4.739928246867597e+00
1.150000000000000e+00	4.705570780776224e+00
1.150000000000000e+00	4.789170980329265e+00
1.150000000000000e+00	4.758392375221008e+00
1.150000000000000e+00	4.608725440025584e+00
1.150000000000000e+00	4.748558797616075e+00
1.150000000000000e+00	4.734753254064716e+00
1.150000000000000e+00	4.853192387033488e+00
1.150000000000000e+00	4.643996167693798e+00
1.150000000000000e+00	4.800082300131278e+00
1.150000000000000e+00	4.610758599398213e+00
1.150000000000000e+00	4.678043423508468e+00
1.150000000000000e+00	4.745931846399783e+00
1.150000000000000e+00	4.665241445478461e+00
1.150000000000000e+00	4.706163703307821e+00
1.150000000000000e+00	4.706869571425353e+00
1.150000000000000e+00	4.917305895763230e+00
1.150000000000000e+00	4.697807371247920e+00
1.150000000000000e+00	4.773386137236200e+00
1.150000000000000e+00	4.675274406427644e+00
1.150000000000000e+00	4.736173319112893e+00
1.150000000000000e+00	4.779372941072253e+00
1.150000000000000e+00	4.704532265699001e+00
1.150000000000000e+00	4.681310398717408e+00
1.150000000000000e+00	4.686449298466293e+00
1.150000000000000e+00	4.732500057191225e+00
1.150000000000000e+00	4.719457455975765e+00
1.150000000000000e+00	4.763783943749367e+00
1.150000000000000e+00	4.760777888055762e+00
1.150000000000000e+00	4.781202789919023e+00
1.150000000000000e+00	4.698415502135626e+00
1.150000000000000e+00	4.707761140832838e+00
1.150000000000000e+00	4.770432709862427e+00
1.150000000000000e+00	4.775319785194990e+00
1.150000000000000e+00	4.774448769207730e+00
1.150000000000000e+00	4.801188387073007e+00
1.150000000000000e+00	4.740731161266359e+00
1.150000000000000e+00	4.817523389956252e+00
1.150000000000000e+00	4.815328062220968e+00
1.150000000000000e+00	4.625675057827721e+00
1.150000000000000e+00	4.723557895110474e+00
1.150000000000000e+00	4.771960776719983e+00
1.150000000000000e+00	4.736716881158608e+00
1.150000000000000e+00	4.698716762753106e+00
1.150000000000000e+00	4.690246733795933e+00
1.150000000000000e+00	4.704712098668816e+00
1.150000000000000e+00	4.811243492485721e+00
1.150000000000000e+00	4.669328617461803e+00
1.150000000000000e+00	4.866341646613220e+00
1.150000000000000e+00	4.765807363321051e+00
1.150000000000000e+00	4.752281347595616e+00
1.150000000000000e+00	4.769145808691034e+00
1.150000000000000e+00	4.732914972958929e+00
1.150000000000000e+00	4.626719486438565e+00
1.150000000000000e+00	4.687796630173706e+00
1.150000000000000e+00	4.807220401790793e+00
1.150000000000000e+00	4.852561468229390e+00
1.150000000000000e+00	4.658597365821881e+00
1.150000000000000e+00	4.813779762436436e+00
1.150000000000000e+00	4.770836407430421e+00
1.150000000000000e+00	4.762194834613004e+00
1.150000000000000e+00	4.691997849209222e+00
1.150000000000000e+00	4.801374310560054e+00
1.150000000000000e+00	4.713835315363592e+00
1.150000000000000e+00	4.767965245043490e+00
1.150000000000000e+00	4.788358851462172e+00
1.150000000000000e+00	4.763316703607947e+00
1.150000000000000e+00	4.756728844534136e+00
1.150000000000000e+00	4.776883183273849e+00
1.150000000000000e+00	4.789932849653432e+00
1.150000000000000e+00	4.766527451186935e+00
1.150000000000000e+00	4.654929591193026e+00
1.150000000000000e+00	4.626275625074054e+00
1.150000000000000e+00	4.685476770094049e+00
1.150000000000000e+00	4.770935662448977e+00
1.150000000000000e+00	4.787979380191213e+00
1.150000000000000e+00	4.702393339305187e+00
1.150000000000000e+00	4.685863766282480e+00
1.150000000000000e+00	4.830163745789190e+00
1.150000000000000e+00	4.754290476349494e+00
1.150000000000000e+00	4.853285117404988e+00
1.150000000000000e+00	4.706809563597622e+00
1.150000000000000e+00	4.795105644219008e+00
1.150000000000000e+00	4.768077785601604e+00
1.150000000000000e+00	4.694108486322704e+00
1.150000000000000e+00	4.674693364653192e+00
1.150000000000000e+00	4.720404226446949e+00
1.150000000000000e+00	4.744317592725872e+00
1.150000000000000e+00	4.683414843237623e+00
1.150000000000000e+00	4.742723281623720e+00
1.150000000000000e+00	4.643629021195721e+00
1.150000000000000e+00	4.742530851242846e+00
1.150000000000000e+00	4.752736272586981e+00
1.150000000000000e+00	4.824932390273752e+00
1.150000000000000e+00	4.782862550146080e+00
1.150000000000000e+00	4.587060030406397e+00
1.150000000000000e+00	4.695217121647916e+00
1.150000000000000e+00	4.725047683349727e+00
1.150000000000000e+00	4.696963443550976e+00
1.150000000000000e+00	4.697455681627394e+00
1.150000000000000e+00	4.814258667494443e+00
1.150000000000000e+00	4.719678429017714e+00
1.150000000000000e+00	4.719712838478017e+00
1.150000000000000e+00	4.649397556660571e+00
1.150000000000000e+00	4.836990293713458e+00
1.150000000000000e+00	4.721371977742758e+00
1.150000000000000e+00	4.919843509344823e+00
1.150000000000000e+00	4.782959022849099e+00
1.150000000000000e+00	4.762191419667012e+00
1.150000000000000e+00	4.766905985549672e+00
1.150000000000000e+00	4.779344447232191e+00
1.150000000000000e+00	4.885613214502186e+00
1.150000000000000e+00	4.643206954148159e+00
1.150000000000000e+00	4.691704384216390e+00
1.150000000000000e+00	4.749665300407445e+00
1.150000000000000e+00	4.808241203023866e+00
1.150000000000000e+00	4.709829974694227e+00
1.150000000000000e+00	4.710481442469009e+00
1.150000000000000e+00	4.678060606315251e+00
1.150000000000000e+00	4.745058830109473e+00
1.150000000000000e+00	4.710148843466810e+00
1.150000000000000e+00	4.755222671302641e+00
1.150000000000000e+00	4.796249371896160e+00
1.150000000000000e+00	4.642770762421613e+00
1.150000000000000e+00	4.687451081803347e+00
1.150000000000000e+00	4.816937674110692e+00
1.150000000000000e+00	4.665831386354537e+00
1.150000000000000e+00	4.695968591685491e+00
1.150000000000000e+00	4.830161167341147e+00
1.150000000000000e+00	4.632691014388062e+00
1.150000000000000e+00	4.681573451473311e+00
1.150000000000000e+00	4.666926937916440e+00
1.150000000000000e+00	4.660214114315266e+00
1.150000000000000e+00	4.762086165105416e+00
1.150000000000000e+00	4.683883648840078e+00
1.150000000000000e+00	4.705049972277319e+00
1.150000000000000e+00	4.828220066658504e+00
1.150000000000000e+00	4.688582061750908e+00
1.150000000000000e+00	4.725078904302689e+00
1.150000000000000e+00	4.779287345775431e+00
1.150000000000000e+00	4.879800925140514e+00
1.150000000000000e+00	4.753692436890967e+00
1.150000000000000e+00	4.711350505629319e+00
1.150000000000000e+00	4.747448216951920e+00
1.150000000000000e+00	4.676219404892345e+00
1.150000000000000e+00	4.732999755434591e+00
1.150000000000000e+00	4.784777504722019e+00
1.150000000000000e+00	4.654151343780843e+00
1.150000000000000e+00	4.662059051510830e+00
1.150000000000000e+00	4.820246452355994e+00
1.150000000000000e+00	4.702020123399326e+00
1.150000000000000e+00	4.653638792489033e+00
1.150000000000000e+00	4.781297471308034e+00
1.150000000000000e+00	4.718807993780576e+00
1.150000000000000e+00	4.855943151418071e+00
1.150000000000000e+00	4.842587044415263e+00
1.150000000000000e+00	4.759839584287251e+00
1.150000000000000e+00	4.766197079441316e+00
1.150000000000000e+00	4.740276238826457e+00
1.150000000000000e+00	4.692103525766790e+00
1.150000000000000e+00	4.843626991520933e+00
1.150000000000000e+00	4.871056447552818e+00
1.150000000000000e+00	4.756453356187342e+00
1.150000000000000e+00	4.829638138521812e+00
1.150000000000000e+00	4.818648613656225e+00
1.150000000000000e+00	4.737416083048567e+00
1.150000000000000e+00	4.696951298608845e+00
1.150000000000000e+00	4.763431050082378e+00
1.150000000000000e+00	4.722200021765963e+00
1.150000000000000e+00	4.844630400879185e+00
1.150000000000000e+00	4.648760043443061e+00
1.150000000000000e+00	4.690442556083864e+00
1.150000000000000e+00	4.750813683287552e+00
1.150000000000000e+00	4.844426792372293e+00
1.150000000000000e+00	4.824116190384515e+00
1.150000000000000e+00	4.791153976961359e+00
1.150000000000000e+00	4.806161065970215e+00
1.150000000000000e+00	4.688742007950085e+00
1.150000000000000e+00	4.790470100046427e+00
1.150000000000000e+00	4.613169370836156e+00
1.150000000000000e+00	4.705589345236438e+00
1.150000000000000e+00	4.716643689773344e+00
1.150000000000000e+00	4.796032623771927e+00
1.150000000000000e+00	4.709915000010861e+00
1.150000000000000e+00	4.859854161180379e+00
1.150000000000000e+00	4.783305947057322e+00
1.150000000000000e+00	4.766305987552231e+00
1.150000000000000e+00	4.606190857645596e+00
1.150000000000000e+00	4.709446070864489e+00
1.150000000000000e+00	4.708004185670585e+00
1.150000000000000e+00	4.662265325635860e+00
1.150000000000000e+00	4.805790576107918e+00
1.150000000000000e+00	4.763664860754938e+00
1.150000000000000e+00	4.697961440874458e+00
1.150000000000000e+00	4.771440611714789e+00
1.150000000000000e+00	4.851430010921256e+00
1.150000000000000e+00	4.833740844276592e+00
1.150000000000000e+00	4.812609816364666e+00
1.150000000000000e+00	4.765112012391261e+00
1.150000000000000e+00	4.772566050962426e+00
1.150000000000000e+00	4.728590942590681e+00
1.150000000000000e+00	4.752341438332548e+00
1.150000000000000e+00	4.773987378517228e+00
1.150000000000000e+00	4.768920457093957e+00
1.150000000000000e+00	4.738222472564216e+00
1.150000000000000e+00	4.741257968474471e+00
1.150000000000000e+00	4.666259683330555e+00
1.150000000000000e+00	4.748548799231479e+00
1.150000000000000e+00	4.832011434299645e+00
1.150000000000000e+00	4.825431961990240e+00
1.150000000000000e+00	4.922385498768137e+00
1.150000000000000e+00	4.708654629538506e+00
1.150000000000000e+00	4.695476403274457e+00
1.150000000000000e+00	4.812051578801136e+00
1.150000000000000e+00	4.575569425256952e+00
1.150000000000000e+00	4.641744373395406e+00
1.150000000000000e+00	4.690023926521744e+00
1.150000000000000e+00	4.776973686634840e+00
1.150000000000000e+00	4.835775230222628e+00
1.150000000000000e+00	4.717028158467421e+00
1.150000000000000e+00	4.876341946699451e+00
1.150000000000000e+00	4.679645380348298e+00
1.150000000000000e+00	4.851020219055616e+00
1.150000000000000e+00	4.608412084674087e+00
1.150000000000000e+00	4.726175171786872e+00
1.150000000000000e+00	4.762709083043831e+00
1.150000000000000e+00	4.820448173217368e+00
1.150000000000000e+00	4.685408084816338e+00
1.150000000000000e+00	4.714652581880165e+00
1.150000000000000e+00	4.673598013691590e+00
1.150000000000000e+00	4.672741717224901e+00
1.150000000000000e+00	4.820924705713924e+00
1.150000000000000e+00	4.797171722150665e+00
1.150000000000000e+00	4.802668066321446e+00
1.150000000000000e+00	4.700587645983153e+00
1.150000000000000e+00	4.724135938879369e+00
1.150000000000000e+00	4.781317888693020e+00
1.150000000000000e+00	4.781704786451016e+00
1.150000000000000e+00	4.782771143908551e+00
1.150000000000000e+00	4.751603276874455e+00
1.150000000000000e+00	4.829153216927358e+00
1.150000000000000e+00	4.901139633883659e+00
1.150000000000000e+00	4.780091955234616e+00
1.150000000000000e+00	4.714478336802927e+00
1.150000000000000e+00	4.607580749861823e+00
1.150000000000000e+00	4.768805776978959e+00
1.150000000000000e+00	4.761649232600675e+00
1.150000000000000e+00	4.790801410641156e+00
1.150000000000000e+00	4.754681805692440e+00
1.150000000000000e+00	4.726673013726108e+00
1.150000000000000e+00	4.741293378150268e+00
1.150000000000000e+00	4.600818160726057e+00
1.150000000000000e+00	4.829673690345651e+00
1.150000000000000e+00	4.764546782427181e+00
1.150000000000000e+00	4.788162181845260e+00
1.150000000000000e+00	4.696521816096617e+00
1.150000000000000e+00	4.721845741931006e+00
1.150000000000000e+00	4.667336844912484e+00
1.150000000000000e+00	4.791937238778583e+00
1.150000000000000e+00	4.814385093898339e+00
1.150000000000000e+00	4.734357584064714e+00
1.150000000000000e+00	4.680041539977308e+00
1.150000000000000e+00	4.690373982926829e+00
1.150000000000000e+00	4.750187623099858e+00
1.150000000000000e+00	4.806338799568388e+00
1.150000000000000e+00	4.829509718932617e+00
1.150000000000000e+00	4.716858412073442e+00
1.150000000000000e+00	4.789745286652313e+00
1.150000000000000e+00	4.685399745628551e+00
1.150000000000000e+00	4.808864696509761e+00
1.150000000000000e+00	4.760060255972462e+00
1.150000000000000e+00	4.845159966891238e+00
1.150000000000000e+00	4.679098645981087e+00
1.150000000000000e+00	4.617364635582934e+00
1.150000000000000e+00	4.734570441903344e+00
1.150000000000000e+00	4.757436860875250e+00
1.150000000000000e+00	4.830254862622034e+00
1.150000000000000e+00	4.622470645716133e+00
1.150000000000000e+00	4.699096886255766e+00
1.150000000000000e+00	4.766149561919487e+00
1.150000000000000e+00	4.765328531731581e+00
1.150000000000000e+00	4.703699639285952e+00
1.150000000000000e+00	4.859419912262651e+00
1.150000000000000e+00	4.774815873793935e+00
1.150000000000000e+00	4.747274112148975e+00
1.150000000000000e+00	4.687008737560850e+00
1.150000000000000e+00	4.684116107207219e+00
1.150000000000000e+00	4.820405215437473e+00
1.150000000000000e+00	4.769525479576072e+00
1.150000000000000e+00	4.633683988198575e+00
1.150000000000000e+00	4.783813784298159e+00
1.150000000000000e+00	4.851265921782016e+00
1.150000000000000e+00	4.743833107166698e+00
1.150000000000000e+00	4.680202696144596e+00
1.150000000000000e+00	4.781970501714476e+00
1.150000000000000e+00	4.774721956421019e+00
1.150000000000000e+00	4.734228232314940e+00
1.150000000000000e+00	4.648089327862708e+00
1.150000000000000e+00	4.728756660140717e+00
1.150000000000000e+00	4.742799635852104e+00
1.150000000000000e+00	4.850229526789948e+00
1.150000000000000e+00	4.783627600916037e+00
1.150000000000000e+00	4.731424644815005e+00
1.150000000000000e+00	4.664143216782747e+00
1.150000000000000e+00	4.772004297847888e+00
1.150000000000000e+00	4.870346942110445e+00
1.150000000000000e+00	4.719941623105560e+00
1.150000000000000e+00	4.739909023543385e+00
1.150000000000000e+00	4.755919286911028e+00
1.150000000000000e+00	4.883554592952649e+00
1.150000000000000e+00	4.726011650005421e+00
1.150000000000000e+00	4.853768195966250e+00
1.150000000000000e+00	4.739411594127728e+00
1.150000000000000e+00	4.823832650530530e+00
1.150000000000000e+00	4.797508871551175e+00
1.150000000000000e+00	4.752286619534031e+00
1.150000000000000e+00	4.893162871432413e+00
1.150000000000000e+00	4.675582155581489e+00
1.150000000000000e+00	4.696068791614035e+00
1.150000000000000e+00	4.732984860785346e+00
1.150000000000000e+00	4.769933728774364e+00
1.150000000000000e+00	4.686958683724688e+00
1.150000000000000e+00	4.842021556946430e+00
1.150000000000000e+00	4.817113373846326e+00
1.150000000000000e+00	4.815128253206847e+00
1.150000000000000e+00	4.756716804288401e+00
1.150000000000000e+00	4.860321878164894e+00
1.150000000000000e+00	4.811277124702905e+00
1.150000000000000e+00	4.821360258708049e+00
1.150000000000000e+00	4.713811913870941e+00
1.150000000000000e+00	4.653185495955556e+00
1.150000000000000e+00	4.762761305711978e+00
1.150000000000000e+00	4.770417298878485e+00
1.150000000000000e+00	4.743833493844601e+00
1.150000000000000e+00	4.636727232465260e+00
1.150000000000000e+00	4.723071666508807e+00
1.150000000000000e+00	4.718165645906536e+00
1.150000000000000e+00	4.660435431939089e+00
1.150000000000000e+00	4.787140609413699e+00
1.150000000000000e+00	4.683833528862680e+00
1.150000000000000e+00	4.794130517355843e+00
1.150000000000000e+00	4.748648359814128e+00
1.150000000000000e+00	4.641077997030683e+00
1.150000000000000e+00	4.758745578285927e+00
1.150000000000000e+00	4.707340060346872e+00
1.150000000000000e+00	4.681893820828284e+00
1.150000000000000e+00	4.685476471524899e+00
1.150000000000000e+00	4.666123292820911e+00
1.150000000000000e+00	4.856799026582481e+00
1.150000000000000e+00	4.787428143932452e+00
1.150000000000000e+00	4.759663978266327e+00
1.150000000000000e+00	4.713514850705167e+00
1.150000000000000e+00	4.695032142205301e+00
1.150000000000000e+00	4.722094916512514e+00
1.150000000000000e+00	4.714313344962161e+00
1.150000000000000e+00	4.719514876841410e+00
1.150000000000000e+00	4.856319776170687e+00
1.150000000000000e+00	4.772801607512534e+00
1.150000000000000e+00	4.709636898412615e+00
1.150000000000000e+00	4.788171647030597e+00
1.150000000000000e+00	4.821236616773398e+00
1.150000000000000e+00	4.717420894548670e+00
1.150000000000000e+00	4.766738509576493e+00
1.150000000000000e+00	4.792377555700327e+00
1.150000000000000e+00	4.742275924004012e+00
1.150000000000000e+00	4.733107040791531e+00
1.150000000000000e+00	4.795726445136369e+00
1.150000000000000e+00	4.686951901882067e+00
1.150000000000000e+00	4.832726246056460e+00
1.150000000000000e+00	4.686417304278113e+00
1.150000000000000e+00	4.759759275023218e+00
1.150000000000000e+00	4.679973954572361e+00
1.150000000000000e+00	4.694650114994197e+00
1.150000000000000e+00	4.707879975678065e+00
1.150000000000000e+00	4.609036307438137e+00
1.150000000000000e+00	4.891277431298648e+00
1.150000000000000e+00	4.787609042146159e+00
1.150000000000000e+00	4.799998486393148e+00
1.150000000000000e+00	4.823645731046231e+00
1.150000000000000e+00	4.687472679061925e+00
1.150000000000000e+00	4.860342667194624e+00
1.150000000000000e+00	4.770665167542077e+00
1.150000000000000e+00	4.735433551932190e+00
1.150000000000000e+00	4.722601343374497e+00
1.150000000000000e+00	4.599623601761381e+00
1.150000000000000e+00	4.631450158431770e+00
1.150000000000000e+00	4.785572979883501e+00
1.150000000000000e+00	4.713358526556611e+00
1.150000000000000e+00	4.721458329977003e+00
1.150000000000000e+00	4.789761925969419e+00
1.150000000000000e+00	4.611832596507695e+00
1.150000000000000e+00	4.772866438448093e+00
1.150000000000000e+00	4.763748667803050e+00
1.150000000000000e+00	4.729357064891533e+00
1.150000000000000e+00	4.837312780338657e+00
1.150000000000000e+00	4.797166680608838e+00
1.150000000000000e+00	4.810529680984774e+00
1.150000000000000e+00	4.784246342128751e+00
1.150000000000000e+00	4.865126554826476e+00
1.150000000000000e+00	4.819180141986488e+00
1.150000000000000e+00	4.719087344598300e+00
1.150000000000000e+00	4.678858568090823e+00
1.150000000000000e+00	4.699634715131451e+00
1.150000000000000e+00	4.722308878324588e+00
1.150000000000000e+00	4.879486273005222e+00
1.150000000000000e+00	4.592501756417847e+00
1.150000000000000e+00	4.880218639070138e+00
1.150000000000000e+00	4.844348548296914e+00
1.150000000000000e+00	4.728668386945156e+00
1.150000000000000e+00	4.873843301925257e+00
1.150000000000000e+00	4.841147047730103e+00
1.150000000000000e+00	4.652499846149825e+00
1.150000000000000e+00	4.715207036044506e+00
1.150000000000000e+00	4.765713202681868e+00
1.150000000000000e+00	4.682517955208635e+00
1.150000000000000e+00	4.694410713640413e+00
1.150000000000000e+00	4.701054040853671e+00
1.150000000000000e+00	4.604840225532316e+00
1.150000000000000e+00	4.739846737105301e+00
1.150000000000000e+00	4.703999194830766e+00
1.150000000000000e+00	4.767245062422624e+00
1.150000000000000e+00	4.861969535254904e+00
1.150000000000000e+00	4.758819475640893e+00
1.150000000000000e+00	4.631873512315077e+00
1.150000000000000e+00	4.794740616095067e+00
1.150000000000000e+00	4.805637511759153e+00
1.150000000000000e+00	4.767410226751114e+00
1.150000000000000e+00	4.811495116238907e+00
1.150000000000000e+00	4.840179903870967e+00
1.150000000000000e+00	4.740783422937555e+00
1.150000000000000e+00	4.861568814750160e+00
1.150000000000000e+00	4.817166116770244e+00
1.150000000000000e+00	4.817163323659205e+00
1.150000000000000e+00	4.727841586410052e+00
1.150000000000000e+00	4.637298825853435e+00
1.150000000000000e+00	4.824683875957746e+00
1.150000000000000e+00	4.639418479052601e+00
1.150000000000000e+00	4.836615242028582e+00
1.150000000000000e+00	4.708119994902458e+00
1.150000000000000e+00	4.834055228735971e+00
1.150000000000000e+00	4.817281252536437e+00
1.150000000000000e+00	4.938114136802595e+00
1.150000000000000e+00	4.652727390375943e+00
1.150000000000000e+00	4.772448484827355e+00
1.150000000000000e+00	4.762994555617883e+00
1.150000000000000e+00	4.685863520578660e+00
1.150000000000000e+00	4.807090284097773e+00
1.150000000000000e+00	4.838953170274802e+00
1.150000000000000e+00	4.778095588488646e+00
1.150000000000000e+00	4.777741574539640e+00
1.150000000000000e+00	4.781849993014990e+00
1.150000000000000e+00	4.824891366493183e+00
1.150000000000000e+00	4.755359388825227e+00
1.150000000000000e+00	4.749832386858255e+00
1.150000000000000e+00	4.820986095795424e+00
1.150000000000000e+00	4.802572793668196e+00
1.150000000000000e+00	4.856740765752915e+00
1.150000000000000e+00	4.751516260440580e+00
1.150000000000000e+00	4.689133895975612e+00
1.150000000000000e+00	4.655254738249184e+00
1.150000000000000e+00	4.708825956237940e+00
1.150000000000000e+00	4.738766369809444e+00
1.150000000000000e+00	4.758955358105517e+00
1.150000000000000e+00	4.762647317932794e+00
1.150000000000000e+00	4.839408480528929e+00
1.150000000000000e+00	4.706323095242407e+00
1.150000000000000e+00	4.884982345807744e+00
1.150000000000000e+00	4.832182127969714e+00
1.150000000000000e+00	4.878208653233365e+00
1.150000000000000e+00	4.767468915713814e+00
1.150000000000000e+00	4.773968472582007e+00
1.150000000000000e+00	4.740249710053988e+00
1.150000000000000e+00	4.699583495949412e+00
1.150000000000000e+00	4.751212420966654e+00
1.150000000000000e+00	4.757593183169057e+00
1.150000000000000e+00	4.701293373970096e+00
1.150000000000000e+00	4.758357890434899e+00
1.150000000000000e+00	4.816624575722434e+00
1.150000000000000e+00	4.789293665849383e+00
1.150000000000000e+00	4.822273437458799e+00
1.150000000000000e+00	4.799728570466087e+00
1.150000000000000e+00	4.678274507433585e+00
1.150000000000000e+00	4.825690563109414e+00
1.150000000000000e+00	4.645740183003762e+00
1.150000000000000e+00	4.790306968624419e+00
1.150000000000000e+00	4.807184628353406e+00
1.150000000000000e+00	4.807629621822839e+00
1.150000000000000e+00	4.865445198388033e+00
1.150000000000000e+00	4.829392063548134e+00
1.150000000000000e+00	4.774173007440680e+00
1.150000000000000e+00	4.607379031917228e+00
1.150000000000000e+00	4.838333926716356e+00
1.150000000000000e+00	4.773791116023848e+00
1.150000000000000e+00	4.745017731947937e+00
1.150000000000000e+00	4.881705754470635e+00
1.150000000000000e+00	4.798639273530367e+00
1.150000000000000e+00	4.823069031741361e+00
1.150000000000000e+00	4.752305817459511e+00
1.150000000000000e+00	4.682293354602137e+00
1.150000000000000e+00	4.675957578046094e+00
1.150000000000000e+00	4.807961491205538e+00
1.150000000000000e+00	4.619053699449250e+00
1.150000000000000e+00	4.809613077219012e+00
1.150000000000000e+00	4.711359960913862e+00
1.150000000000000e+00	4.688151327867581e+00
1.150000000000000e+00	4.695006868850529e+00
1.150000000000000e+00	4.741245460147685e+00
1.150000000000000e+00	4.843343326798831e+00
1.150000000000000e+00	4.794130785068616e+00
1.150000000000000e+00	4.821500169528916e+00
1.150000000000000e+00	4.679421220668433e+00
1.150000000000000e+00	4.625875234489918e+00
1.150000000000000e+00	4.825920386243621e+00
1.150000000000000e+00	4.684766914098875e+00
1.150000000000000e+00	4.765023540909517e+00
1.150000000000000e+00	4.651215361412976e+00
1.150000000000000e+00	4.751216685134270e+00
1.150000000000000e+00	4.864931778472923e+00
1.150000000000000e+00	4.769477218984765e+00
1.150000000000000e+00	4.677312140874914e+00
1.150000000000000e+00	4.703935947397478e+00
1.150000000000000e+00	4.756594934697485e+00
1.150000000000000e+00	4.835791702855278e+00
1.150000000000000e+00	4.747992902024886e+00
1.150000000000000e+00	4.683511222781334e+00
1.150000000000000e+00	4.728378054744063e+00
1.150000000000000e+00	4.836930174122553e+00
1.150000000000000e+00	4.812562082860065e+00
1.150000000000000e+00	4.775092998168391e+00
1.150000000000000e+00	4.914170969343875e+00
1.150000000000000e+00	4.681133334490508e+00
1.150000000000000e+00	4.721932669470895e+00
1.150000000000000e+00	4.732991682965366e+00
1.150000000000000e+00	4.686135819822764e+00
1.150000000000000e+00	4.726267887316133e+00
1.150000000000000e+00	4.778117567465153e+00
