3.450000000000000e+00	9.725894759815078e-01
3.450000000000000e+00	9.901239705417966e-01
3.450000000000000e+00	1.046698189043513e+00
3.450000000000000e+00	1.037274817885483e+00
3.450000000000000e+00	1.042297550379966e+00
3.450000000000000e+00	8.667202940734517e-01
3.450000000000000e+00	8.734085945764342e-01
3.450000000000000e+00	1.033054175519936e+00
3.450000000000000e+00	9.368864798408172e-01
3.450000000000000e+00	9.922921344530031e-01
3.450000000000000e+00	9.961819908765270e-01
3.450000000000000e+00	9.239317451841879e-01
3.450000000000000e+00	9.680533981157987e-01
3.450000000000000e+00	9.663338691292134e-01
3.450000000000000e+00	9.138216506544122e-01
3.450000000000000e+00	9.875055051592694e-01
3.450000000000000e+00	9.778610422928792e-01
3.450000000000000e+00	9.596879343424947e-01
3.450000000000000e+00	9.536459459976588e-01
3.450000000000000e+00	9.472439703140785e-01
3.450000000000000e+00	9.302591570919435e-01
3.450000000000000e+00	1.003454428260129e+00
3.450000000000000e+00	9.119823115185622e-01
3.450000000000000e+00	9.587374391391390e-01
3.450000000000000e+00	1.005881289607750e+00
3.450000000000000e+00	9.663524757722046e-01
3.450000000000000e+00	9.458689067366011e-01
3.450000000000000e+00	9.292900987364797e-01
3.450000000000000e+00	9.455400545842946e-01
3.450000000000000e+00	9.839339609917525e-01
3.450000000000000e+00	9.775537716009876e-01
3.450000000000000e+00	9.413978153759909e-01
3.450000000000000e+00	9.919744727171050e-01
3.450000000000000e+00	9.987227202510398e-01
3.450000000000000e+00	9.847809714935678e-01
3.450000000000000e+00	9.414869486134450e-01
3.450000000000000e+00	9.350694728665536e-01
3.450000000000000e+00	9.925379634179481e-01
3.450000000000000e+00	9.859246274115492e-01
3.450000000000000e+00	1.007975300115971e+00
3.450000000000000e+00	8.764694573718307e-01
3.450000000000000e+00	9.817691059439025e-01
3.450000000000000e+00	9.590579651700383e-01
3.450000000000000e+00	1.008453875647251e+00
3.450000000000000e+00	1.002836052436558e+00
3.450000000000000e+00	9.744624457149188e-01
3.450000000000000e+00	9.422554493793349e-01
3.450000000000000e+00	9.896228439391652e-01
3.450000000000000e+00	9.562836806303464e-01
3.450000000000000e+00	1.040385978194507e+00
3.450000000000000e+00	9.566112917837362e-01
3.450000000000000e+00	1.022156166937794e+00
3.450000000000000e+00	9.234004969756343e-01
3.450000000000000e+00	9.588593761627144e-01
3.450000000000000e+00	8.859704148318669e-01
3.450000000000000e+00	9.806995325999722e-01
3.450000000000000e+00	9.151835324815067e-01
3.450000000000000e+00	9.652043512343482e-01
3.450000000000000e+00	9.604173726274011e-01
3.450000000000000e+00	9.230549631687445e-01
3.450000000000000e+00	1.000209955573059e+00
3.450000000000000e+00	9.234838151503196e-01
3.450000000000000e+00	9.452383795266374e-01
3.450000000000000e+00	9.826088375357214e-01
3.450000000000000e+00	1.016308947172616e+00
3.450000000000000e+00	1.012019425476639e+00
3.450000000000000e+00	9.683211199521986e-01
3.450000000000000e+00	9.679976295371368e-01
3.450000000000000e+00	1.010689382605472e+00
3.450000000000000e+00	9.479701476409481e-01
3.450000000000000e+00	9.858626269727968e-01
3.450000000000000e+00	9.225882726340070e-01
3.450000000000000e+00	9.780030355741786e-01
3.450000000000000e+00	1.009722119899311e+00
3.450000000000000e+00	1.013480453864093e+00
3.450000000000000e+00	9.741335179865838e-01
3.450000000000000e+00	9.023575743266075e-01
3.450000000000000e+00	9.505002714293737e-01
3.450000000000000e+00	9.462044735281188e-01
3.450000000000000e+00	1.055775542263737e+00
3.450000000000000e+00	9.756639196288693e-01
3.450000000000000e+00	9.638667263956732e-01
3.450000000000000e+00	9.045053667615628e-01
3.450000000000000e+00	1.020718440517248e+00
3.450000000000000e+00	9.612768911966367e-01
3.450000000000000e+00	9.508043964340698e-01
3.450000000000000e+00	9.329390731851539e-01
3.450000000000000e+00	9.038225970051242e-01
3.450000000000000e+00	1.058710800200189e+00
3.450000000000000e+00	1.038715454246580e+00
3.450000000000000e+00	9.868921285272937e-01
3.450000000000000e+00	9.206237002727907e-01
3.450000000000000e+00	9.237751748258420e-01
3.450000000000000e+00	1.056248573630299e+00
3.450000000000000e+00	9.341494582700077e-01
3.450000000000000e+00	1.000443696083690e+00
3.450000000000000e+00	1.005989517777872e+00
3.450000000000000e+00	1.023580006194305e+00
3.450000000000000e+00	9.838775613017056e-01
3.450000000000000e+00	9.445023699814782e-01
3.450000000000000e+00	9.714091397964347e-01
3.450000000000000e+00	9.404520063074409e-01
3.450000000000000e+00	9.045691957380850e-01
3.450000000000000e+00	9.217466268470190e-01
3.450000000000000e+00	9.356730244702536e-01
3.450000000000000e+00	9.625663346788982e-01
3.450000000000000e+00	1.011056190574655e+00
3.450000000000000e+00	1.036929813647634e+00
3.450000000000000e+00	1.033472073472016e+00
3.450000000000000e+00	1.023594273734416e+00
3.450000000000000e+00	9.760744277114815e-01
3.450000000000000e+00	9.764337936292623e-01
3.450000000000000e+00	9.474934239244890e-01
3.450000000000000e+00	8.942626503117540e-01
3.450000000000000e+00	9.680287834120760e-01
3.450000000000000e+00	9.983712642520854e-01
3.450000000000000e+00	9.850494836177028e-01
3.450000000000000e+00	1.017850034768191e+00
3.450000000000000e+00	8.815505254163241e-01
3.450000000000000e+00	1.019425423395025e+00
3.450000000000000e+00	9.994776322996971e-01
3.450000000000000e+00	1.031131128867615e+00
3.450000000000000e+00	9.964202091614659e-01
3.450000000000000e+00	9.657554295740769e-01
3.450000000000000e+00	9.671236259026574e-01
3.450000000000000e+00	9.063685314337965e-01
3.450000000000000e+00	9.566732066893401e-01
3.450000000000000e+00	8.903094522681295e-01
3.450000000000000e+00	1.006120502271987e+00
3.450000000000000e+00	8.886801329681656e-01
3.450000000000000e+00	1.012959898358774e+00
3.450000000000000e+00	9.305277708623264e-01
3.450000000000000e+00	9.970550681293716e-01
3.450000000000000e+00	9.459436833234820e-01
3.450000000000000e+00	9.524590526966702e-01
3.450000000000000e+00	9.868116406234851e-01
3.450000000000000e+00	9.788488621750939e-01
3.450000000000000e+00	9.032912993021395e-01
3.450000000000000e+00	9.979240788162084e-01
3.450000000000000e+00	9.850241510347499e-01
3.450000000000000e+00	9.087952429767354e-01
3.450000000000000e+00	1.034285268620475e+00
3.450000000000000e+00	8.751583732793951e-01
3.450000000000000e+00	9.651707787312304e-01
3.450000000000000e+00	9.032128361850049e-01
3.450000000000000e+00	9.303684297831396e-01
3.450000000000000e+00	9.093024063964424e-01
3.450000000000000e+00	9.062190558425391e-01
3.450000000000000e+00	1.004521771423040e+00
3.450000000000000e+00	9.360069521487728e-01
3.450000000000000e+00	9.179119923349918e-01
3.450000000000000e+00	9.895893676879672e-01
3.450000000000000e+00	1.134362798058845e+00
3.450000000000000e+00	9.038464868135546e-01
3.450000000000000e+00	9.465025549300268e-01
3.450000000000000e+00	9.317851973254850e-01
3.450000000000000e+00	8.785943421714648e-01
3.450000000000000e+00	9.728972297159799e-01
3.450000000000000e+00	9.345323451714386e-01
3.450000000000000e+00	1.060432372453179e+00
3.450000000000000e+00	1.065936187476040e+00
3.450000000000000e+00	9.633224849521065e-01
3.450000000000000e+00	9.520996197865428e-01
3.450000000000000e+00	9.612729900251502e-01
3.450000000000000e+00	9.729918081527600e-01
3.450000000000000e+00	9.878122512090672e-01
3.450000000000000e+00	1.039255341381890e+00
3.450000000000000e+00	8.956642392054260e-01
3.450000000000000e+00	8.379616741263921e-01
3.450000000000000e+00	9.645002578915286e-01
3.450000000000000e+00	9.670069363892432e-01
3.450000000000000e+00	9.053198033937020e-01
3.450000000000000e+00	8.754381782616194e-01
3.450000000000000e+00	9.806502494956845e-01
3.450000000000000e+00	9.475351195743099e-01
3.450000000000000e+00	9.555694011402035e-01
3.450000000000000e+00	9.670180705445639e-01
3.450000000000000e+00	9.106981387972195e-01
3.450000000000000e+00	9.727726879467259e-01
3.450000000000000e+00	8.972612506912658e-01
3.450000000000000e+00	8.915311476785228e-01
3.450000000000000e+00	8.801786678122780e-01
3.450000000000000e+00	9.278812729538062e-01
3.450000000000000e+00	1.053900468026738e+00
3.450000000000000e+00	9.107754394488444e-01
3.450000000000000e+00	1.007397675256176e+00
3.450000000000000e+00	9.644072605887830e-01
3.450000000000000e+00	8.901647185424251e-01
3.450000000000000e+00	9.354505399731742e-01
3.450000000000000e+00	9.565895147243845e-01
3.450000000000000e+00	9.675128131702735e-01
3.450000000000000e+00	8.772034544891038e-01
3.450000000000000e+00	9.922039618138259e-01
3.450000000000000e+00	9.847864227410903e-01
3.450000000000000e+00	8.793873574792914e-01
3.450000000000000e+00	9.097806036173807e-01
3.450000000000000e+00	9.476500608681427e-01
3.450000000000000e+00	9.101037546547073e-01
3.450000000000000e+00	1.040246990953464e+00
3.450000000000000e+00	9.778504610509443e-01
3.450000000000000e+00	1.008640435172009e+00
3.450000000000000e+00	8.646594945457942e-01
3.450000000000000e+00	9.851487979945801e-01
3.450000000000000e+00	9.926526601250938e-01
3.450000000000000e+00	9.393588259911574e-01
3.450000000000000e+00	9.539802113052254e-01
3.450000000000000e+00	8.650226260196692e-01
3.450000000000000e+00	9.642190474014436e-01
3.450000000000000e+00	9.150819933558282e-01
3.450000000000000e+00	1.045631500451086e+00
3.450000000000000e+00	9.258701917900305e-01
3.450000000000000e+00	1.004006028198779e+00
3.450000000000000e+00	9.287992824587046e-01
3.450000000000000e+00	1.006361118397061e+00
3.450000000000000e+00	1.063440077329097e+00
3.450000000000000e+00	1.011479210948236e+00
3.450000000000000e+00	9.782266322185177e-01
3.450000000000000e+00	9.258299950612433e-01
3.450000000000000e+00	9.668074937429499e-01
3.450000000000000e+00	9.685698474124997e-01
3.450000000000000e+00	9.283169655088219e-01
3.450000000000000e+00	8.562649864322343e-01
3.450000000000000e+00	9.086326197551177e-01
3.450000000000000e+00	9.165356589120349e-01
3.450000000000000e+00	9.843489545521930e-01
3.450000000000000e+00	9.179876227102303e-01
3.450000000000000e+00	9.418702738672595e-01
3.450000000000000e+00	1.041680116285524e+00
3.450000000000000e+00	9.883840610022626e-01
3.450000000000000e+00	9.678766895357104e-01
3.450000000000000e+00	9.643704798626445e-01
3.450000000000000e+00	9.545570470506595e-01
3.450000000000000e+00	1.037419886627720e+00
3.450000000000000e+00	9.656200433181099e-01
3.450000000000000e+00	9.294343466923248e-01
3.450000000000000e+00	9.810599281100632e-01
3.450000000000000e+00	1.037811338208980e+00
3.450000000000000e+00	9.525103675726965e-01
3.450000000000000e+00	9.088321324911848e-01
3.450000000000000e+00	1.022362790952221e+00
3.450000000000000e+00	9.731960050208484e-01
3.450000000000000e+00	9.084986443200889e-01
3.450000000000000e+00	9.321706364049019e-01
3.450000000000000e+00	9.702485950575820e-01
3.450000000000000e+00	9.125989821943578e-01
3.450000000000000e+00	9.272605149137071e-01
3.450000000000000e+00	9.454275642348287e-01
3.450000000000000e+00	9.218058954521232e-01
3.450000000000000e+00	8.806112122977287e-01
3.450000000000000e+00	1.014952171499593e+00
3.450000000000000e+00	9.395556668657206e-01
3.450000000000000e+00	9.589325684815606e-01
3.450000000000000e+00	1.048782859976411e+00
3.450000000000000e+00	1.027998528359622e+00
3.450000000000000e+00	9.655476755312743e-01
3.450000000000000e+00	9.549572679712925e-01
3.450000000000000e+00	8.547229456042702e-01
3.450000000000000e+00	9.978518431459172e-01
3.450000000000000e+00	9.413833878967937e-01
3.450000000000000e+00	9.374244432354754e-01
3.450000000000000e+00	1.038100037681436e+00
3.450000000000000e+00	9.765922808769950e-01
3.450000000000000e+00	1.013781574207061e+00
3.450000000000000e+00	1.060288407335073e+00
3.450000000000000e+00	9.493499247108526e-01
3.450000000000000e+00	9.544063767438632e-01
3.450000000000000e+00	1.029157714055693e+00
3.450000000000000e+00	1.043666228639974e+00
3.450000000000000e+00	9.314387060955936e-01
3.450000000000000e+00	9.780495421127006e-01
3.450000000000000e+00	1.019513362430213e+00
3.450000000000000e+00	1.016050291371261e+00
3.450000000000000e+00	9.250834899351681e-01
3.450000000000000e+00	9.093351805967055e-01
3.450000000000000e+00	9.824023606052026e-01
3.450000000000000e+00	1.059912853149569e+00
3.450000000000000e+00	9.244391683750287e-01
3.450000000000000e+00	9.004591524335966e-01
3.450000000000000e+00	1.070340373890849e+00
3.450000000000000e+00	1.024177887113403e+00
3.450000000000000e+00	1.033946714420863e+00
3.450000000000000e+00	9.334118427032784e-01
3.450000000000000e+00	8.635835449114471e-01
3.450000000000000e+00	9.125104714152144e-01
3.450000000000000e+00	9.451268174369102e-01
3.450000000000000e+00	1.037829360191254e+00
3.450000000000000e+00	1.022672089576603e+00
3.450000000000000e+00	9.301723045356809e-01
3.450000000000000e+00	1.006101401015118e+00
3.450000000000000e+00	9.854079991042972e-01
3.450000000000000e+00	1.019804761612563e+00
3.450000000000000e+00	9.820703611865661e-01
3.450000000000000e+00	9.036361886545561e-01
3.450000000000000e+00	9.260893586768231e-01
3.450000000000000e+00	9.436018129563309e-01
3.450000000000000e+00	9.233167385650799e-01
3.450000000000000e+00	9.564770565758991e-01
3.450000000000000e+00	8.369044301805902e-01
3.450000000000000e+00	9.615770724486439e-01
3.450000000000000e+00	1.023306170784043e+00
3.450000000000000e+00	9.514225702215826e-01
3.450000000000000e+00	9.744973167053327e-01
3.450000000000000e+00	9.419417822483427e-01
3.450000000000000e+00	9.393110757301516e-01
3.450000000000000e+00	8.943389879572032e-01
3.450000000000000e+00	9.297450090415207e-01
3.450000000000000e+00	1.007575009867341e+00
3.450000000000000e+00	9.638326279601002e-01
3.450000000000000e+00	1.019369616778232e+00
3.450000000000000e+00	1.020679328843039e+00
3.450000000000000e+00	9.618494624675887e-01
3.450000000000000e+00	9.467899485076966e-01
3.450000000000000e+00	9.467315889437707e-01
3.450000000000000e+00	9.859569294113281e-01
3.450000000000000e+00	1.055268626252896e+00
3.450000000000000e+00	9.095088433359297e-01
3.450000000000000e+00	9.717726995091491e-01
3.450000000000000e+00	9.882067452709828e-01
3.450000000000000e+00	1.008286042764636e+00
3.450000000000000e+00	9.347509971117525e-01
3.450000000000000e+00	9.285692484578700e-01
3.450000000000000e+00	9.585939382314947e-01
3.450000000000000e+00	1.042681615250953e+00
3.450000000000000e+00	1.066917285459765e+00
3.450000000000000e+00	8.982332981844978e-01
3.450000000000000e+00	9.357326102516714e-01
3.450000000000000e+00	1.010969519911900e+00
3.450000000000000e+00	9.993616142533034e-01
3.450000000000000e+00	1.001573801298057e+00
3.450000000000000e+00	8.624514087110755e-01
3.450000000000000e+00	1.006337756022307e+00
3.450000000000000e+00	1.023191032586485e+00
3.450000000000000e+00	9.226726265056739e-01
3.450000000000000e+00	9.042101861642181e-01
3.450000000000000e+00	1.066670462279593e+00
3.450000000000000e+00	9.528964368885190e-01
3.450000000000000e+00	8.995623556153268e-01
3.450000000000000e+00	9.266553263375268e-01
3.450000000000000e+00	9.743207505483389e-01
3.450000000000000e+00	9.243824418558837e-01
3.450000000000000e+00	9.308395482948015e-01
3.450000000000000e+00	1.034129908884736e+00
3.450000000000000e+00	9.825171596363691e-01
3.450000000000000e+00	1.006280682862177e+00
3.450000000000000e+00	8.795058537408275e-01
3.450000000000000e+00	9.199904543143993e-01
3.450000000000000e+00	9.386926481228680e-01
3.450000000000000e+00	9.587718011582784e-01
3.450000000000000e+00	8.762118829709820e-01
3.450000000000000e+00	8.998498770108192e-01
3.450000000000000e+00	9.566379376776161e-01
3.450000000000000e+00	9.781415823801127e-01
3.450000000000000e+00	9.979676124468450e-01
3.450000000000000e+00	9.399259741482161e-01
3.450000000000000e+00	9.291098834751796e-01
3.450000000000000e+00	1.055140161192726e+00
3.450000000000000e+00	9.458631446629890e-01
3.450000000000000e+00	9.419827157454309e-01
3.450000000000000e+00	9.843770653804557e-01
3.450000000000000e+00	1.013740510742655e+00
3.450000000000000e+00	9.384192425460747e-01
3.450000000000000e+00	1.053144687581574e+00
3.450000000000000e+00	1.117650093516936e+00
3.450000000000000e+00	1.002419893070558e+00
3.450000000000000e+00	1.062241501443133e+00
3.450000000000000e+00	1.012104742664694e+00
3.450000000000000e+00	1.064247091214234e+00
3.450000000000000e+00	9.813941031055075e-01
3.450000000000000e+00	8.830421739566413e-01
3.450000000000000e+00	9.476716514183710e-01
3.450000000000000e+00	9.909991218171510e-01
3.450000000000000e+00	9.706613622009286e-01
3.450000000000000e+00	9.780014428047693e-01
3.450000000000000e+00	9.486130596357376e-01
3.450000000000000e+00	1.060337280667849e+00
3.450000000000000e+00	9.852198197066275e-01
3.450000000000000e+00	1.049502637117969e+00
3.450000000000000e+00	9.528106456020660e-01
3.450000000000000e+00	9.151544280008386e-01
3.450000000000000e+00	9.824347263843771e-01
3.450000000000000e+00	9.321706210469358e-01
3.450000000000000e+00	9.890582095525752e-01
3.450000000000000e+00	9.418994531987819e-01
3.450000000000000e+00	9.031873686008457e-01
3.450000000000000e+00	8.948299922795789e-01
3.450000000000000e+00	9.631210382034464e-01
3.450000000000000e+00	8.959319263696784e-01
3.450000000000000e+00	9.703179511645805e-01
3.450000000000000e+00	1.026012737062730e+00
3.450000000000000e+00	1.010734281695243e+00
3.450000000000000e+00	9.689241322821134e-01
3.450000000000000e+00	8.967611746565776e-01
3.450000000000000e+00	1.029284375701538e+00
3.450000000000000e+00	9.760118814852388e-01
3.450000000000000e+00	9.395748986574727e-01
3.450000000000000e+00	9.465944212850541e-01
3.450000000000000e+00	9.930333864488898e-01
3.450000000000000e+00	9.372295258090841e-01
3.450000000000000e+00	9.196847814317418e-01
3.450000000000000e+00	1.016466155650444e+00
3.450000000000000e+00	1.031298142960458e+00
3.450000000000000e+00	8.918427139880324e-01
3.450000000000000e+00	9.909187394762969e-01
3.450000000000000e+00	1.077807364142180e+00
3.450000000000000e+00	9.723836747404367e-01
3.450000000000000e+00	9.741438816290676e-01
3.450000000000000e+00	9.636703579726186e-01
3.450000000000000e+00	9.240449505935161e-01
3.450000000000000e+00	9.653415584596539e-01
3.450000000000000e+00	9.638851256228426e-01
3.450000000000000e+00	1.029543547806050e+00
3.450000000000000e+00	9.279835483830435e-01
3.450000000000000e+00	8.741991707284178e-01
3.450000000000000e+00	9.100222974645054e-01
3.450000000000000e+00	8.729544457133129e-01
3.450000000000000e+00	1.022759150077163e+00
3.450000000000000e+00	1.039160055324130e+00
3.450000000000000e+00	1.006410231760303e+00
3.450000000000000e+00	9.587893133093246e-01
3.450000000000000e+00	9.121801435389686e-01
3.450000000000000e+00	9.481123106452731e-01
3.450000000000000e+00	1.033572410941112e+00
3.450000000000000e+00	9.411122657605895e-01
3.450000000000000e+00	8.637570798144254e-01
3.450000000000000e+00	9.960575687500268e-01
3.450000000000000e+00	9.261922645961457e-01
3.450000000000000e+00	9.862927120956358e-01
3.450000000000000e+00	8.587352364483070e-01
3.450000000000000e+00	9.840006595527048e-01
3.450000000000000e+00	9.703695853042905e-01
3.450000000000000e+00	1.045479552482202e+00
3.450000000000000e+00	1.027129299289458e+00
3.450000000000000e+00	9.990593929170121e-01
3.450000000000000e+00	1.007323183905187e+00
3.450000000000000e+00	9.909377413582366e-01
3.450000000000000e+00	1.035469447672998e+00
3.450000000000000e+00	9.384564195984957e-01
3.450000000000000e+00	9.668772815245713e-01
3.450000000000000e+00	9.136074621027430e-01
3.450000000000000e+00	9.832602915265695e-01
3.450000000000000e+00	9.983753870145973e-01
3.450000000000000e+00	1.017157139667479e+00
3.450000000000000e+00	1.008265583748805e+00
3.450000000000000e+00	1.016931532551438e+00
3.450000000000000e+00	9.459235673866506e-01
3.450000000000000e+00	8.910712261200266e-01
3.450000000000000e+00	9.138221307467362e-01
3.450000000000000e+00	1.049008455781995e+00
3.450000000000000e+00	8.940030250648457e-01
3.450000000000000e+00	1.011968021707076e+00
3.450000000000000e+00	1.021947557638806e+00
3.450000000000000e+00	9.768777586326571e-01
3.450000000000000e+00	9.678315911898927e-01
3.450000000000000e+00	1.035743015613419e+00
3.450000000000000e+00	9.653420534460569e-01
3.450000000000000e+00	9.974888146706768e-01
3.450000000000000e+00	1.011831540522349e+00
3.450000000000000e+00	9.915989609335321e-01
3.450000000000000e+00	1.031795615821504e+00
3.450000000000000e+00	1.010570697648219e+00
3.450000000000000e+00	9.021015735781555e-01
3.450000000000000e+00	9.181695457140757e-01
3.450000000000000e+00	8.973602127267771e-01
3.450000000000000e+00	9.505537459574028e-01
3.450000000000000e+00	9.790517579015207e-01
3.450000000000000e+00	9.344161258748516e-01
3.450000000000000e+00	1.035661477656110e+00
3.450000000000000e+00	9.530804684211623e-01
3.450000000000000e+00	9.743281673310734e-01
3.450000000000000e+00	9.543346246742853e-01
3.450000000000000e+00	1.064297782793126e+00
3.450000000000000e+00	8.792040960620644e-01
3.450000000000000e+00	9.776909238285693e-01
3.450000000000000e+00	1.008798300439509e+00
3.450000000000000e+00	1.017991366262629e+00
3.450000000000000e+00	9.445996942507117e-01
3.450000000000000e+00	9.649951962868818e-01
3.450000000000000e+00	1.073982938332412e+00
3.450000000000000e+00	9.347152349149299e-01
3.450000000000000e+00	1.043867511563801e+00
3.450000000000000e+00	9.177765585471906e-01
3.450000000000000e+00	8.387380095288083e-01
3.450000000000000e+00	9.571965553785843e-01
3.450000000000000e+00	9.236027317600236e-01
3.450000000000000e+00	9.824494880548206e-01
3.450000000000000e+00	9.975943250997678e-01
3.450000000000000e+00	8.586082184919868e-01
3.450000000000000e+00	9.213429696920835e-01
3.450000000000000e+00	1.031345898238813e+00
3.450000000000000e+00	9.714205408364437e-01
3.450000000000000e+00	9.731771803000744e-01
3.450000000000000e+00	1.052277300419020e+00
3.450000000000000e+00	9.829707765921829e-01
3.450000000000000e+00	9.699983405730199e-01
3.450000000000000e+00	9.224938449375449e-01
3.450000000000000e+00	9.607911753627298e-01
3.450000000000000e+00	1.002970271639005e+00
3.450000000000000e+00	9.504984844891383e-01
3.450000000000000e+00	9.227776107090531e-01
3.450000000000000e+00	9.797351592087757e-01
3.450000000000000e+00	9.432005822448666e-01
3.450000000000000e+00	1.031058353682460e+00
3.450000000000000e+00	8.975192716264070e-01
3.450000000000000e+00	9.915553583272924e-01
3.450000000000000e+00	1.014440876148806e+00
3.450000000000000e+00	8.749751840082276e-01
3.450000000000000e+00	9.430210814479905e-01
3.450000000000000e+00	9.971610904419147e-01
3.450000000000000e+00	9.850729815835847e-01
3.450000000000000e+00	9.621975861204342e-01
3.450000000000000e+00	9.143094019944698e-01
3.450000000000000e+00	9.253781940366522e-01
3.450000000000000e+00	1.016651695098577e+00
3.450000000000000e+00	9.766447752899389e-01
3.450000000000000e+00	1.057759935527944e+00
3.450000000000000e+00	9.656581456758935e-01
3.450000000000000e+00	9.463078365069906e-01
3.450000000000000e+00	1.002369946347898e+00
3.450000000000000e+00	9.750096962367478e-01
3.450000000000000e+00	9.671308638857471e-01
3.450000000000000e+00	9.033419009418087e-01
3.450000000000000e+00	9.379602359234593e-01
3.450000000000000e+00	1.068155693879930e+00
3.450000000000000e+00	9.542765536805721e-01
3.450000000000000e+00	1.014282542872907e+00
3.450000000000000e+00	9.405547321683631e-01
3.450000000000000e+00	1.057595743201692e+00
3.450000000000000e+00	9.167655150485000e-01
3.450000000000000e+00	9.868386181926789e-01
3.450000000000000e+00	1.013963350125316e+00
3.450000000000000e+00	1.059141451907223e+00
3.450000000000000e+00	1.013181219331946e+00
3.450000000000000e+00	9.776424538299757e-01
3.450000000000000e+00	1.009025185555478e+00
3.450000000000000e+00	9.153107593500772e-01
3.450000000000000e+00	9.786563612284817e-01
3.450000000000000e+00	1.008649485665264e+00
3.450000000000000e+00	1.065256513680029e+00
3.450000000000000e+00	9.609277850057844e-01
3.450000000000000e+00	9.391224531766825e-01
3.450000000000000e+00	9.201459236640487e-01
3.450000000000000e+00	9.932634051831241e-01
3.450000000000000e+00	8.934659730844529e-01
3.450000000000000e+00	1.026161689727905e+00
3.450000000000000e+00	1.046600627126378e+00
3.450000000000000e+00	9.797741442156841e-01
3.450000000000000e+00	9.704070112455493e-01
3.450000000000000e+00	9.823579931658818e-01
3.450000000000000e+00	9.472005906517930e-01
3.450000000000000e+00	9.633330844876232e-01
3.450000000000000e+00	9.651248689637351e-01
3.450000000000000e+00	8.889041574074467e-01
3.450000000000000e+00	9.698736807710616e-01
3.450000000000000e+00	9.787217780867759e-01
3.450000000000000e+00	9.689855705449791e-01
3.450000000000000e+00	1.008417811921446e+00
3.450000000000000e+00	1.012749277168267e+00
3.450000000000000e+00	8.844696802003723e-01
3.450000000000000e+00	9.621377379686264e-01
3.450000000000000e+00	9.845594401290614e-01
3.450000000000000e+00	1.002462649417899e+00
3.450000000000000e+00	9.890798300388027e-01
3.450000000000000e+00	9.936692734306721e-01
3.450000000000000e+00	9.146613817800660e-01
3.450000000000000e+00	9.227433190433360e-01
3.450000000000000e+00	8.939250458931153e-01
3.450000000000000e+00	9.894302442003298e-01
3.450000000000000e+00	1.015327503739915e+00
3.450000000000000e+00	9.275160972099878e-01
3.450000000000000e+00	8.677994672162554e-01
3.450000000000000e+00	9.363924599882665e-01
3.450000000000000e+00	9.432976560239184e-01
3.450000000000000e+00	9.356186011674008e-01
3.450000000000000e+00	8.677903771256812e-01
3.450000000000000e+00	9.132755374147994e-01
3.450000000000000e+00	9.052988279098230e-01
3.450000000000000e+00	1.001992598576340e+00
3.450000000000000e+00	1.079523518182455e+00
3.450000000000000e+00	1.067936622636492e+00
3.450000000000000e+00	9.551735876779414e-01
3.450000000000000e+00	8.622859164236626e-01
3.450000000000000e+00	1.040834456746226e+00
3.450000000000000e+00	1.042398354047885e+00
3.450000000000000e+00	9.754789557700226e-01
3.450000000000000e+00	9.295933678059808e-01
3.450000000000000e+00	1.029482463653644e+00
3.450000000000000e+00	1.011747224489607e+00
3.450000000000000e+00	1.030448266130884e+00
3.450000000000000e+00	9.514118393356750e-01
3.450000000000000e+00	9.109442125797679e-01
3.450000000000000e+00	1.038141660900416e+00
3.450000000000000e+00	8.867012491676373e-01
3.450000000000000e+00	9.433638799475587e-01
3.450000000000000e+00	8.148661238717499e-01
3.450000000000000e+00	9.353431533734520e-01
3.450000000000000e+00	1.001341363777444e+00
3.450000000000000e+00	9.400512555862599e-01
3.450000000000000e+00	9.180441688855964e-01
3.450000000000000e+00	1.003407059582725e+00
3.450000000000000e+00	9.328705555371387e-01
3.450000000000000e+00	9.761122505669068e-01
3.450000000000000e+00	1.051507669356607e+00
3.450000000000000e+00	1.017738350611147e+00
3.450000000000000e+00	9.443074956768446e-01
3.450000000000000e+00	9.221354575097958e-01
3.450000000000000e+00	9.391715274982467e-01
3.450000000000000e+00	9.491046738694645e-01
3.450000000000000e+00	9.845335710413132e-01
3.450000000000000e+00	9.599507700253154e-01
3.450000000000000e+00	1.016932458103299e+00
3.450000000000000e+00	9.305290668169882e-01
3.450000000000000e+00	1.069280662795805e+00
3.450000000000000e+00	9.788333417434090e-01
3.450000000000000e+00	9.675115445948106e-01
3.450000000000000e+00	9.297222876833975e-01
3.450000000000000e+00	9.154808001034073e-01
3.450000000000000e+00	9.827555571168067e-01
3.450000000000000e+00	9.593894921800112e-01
3.450000000000000e+00	9.535671627383624e-01
3.450000000000000e+00	9.799630340938924e-01
3.450000000000000e+00	9.672206609567033e-01
3.450000000000000e+00	8.601284008620423e-01
3.450000000000000e+00	1.008153302392239e+00
3.450000000000000e+00	9.244138424158260e-01
3.450000000000000e+00	9.591748778809094e-01
3.450000000000000e+00	9.314592088292809e-01
3.450000000000000e+00	1.100760543658513e+00
3.450000000000000e+00	9.743248642088415e-01
3.450000000000000e+00	9.172253265657002e-01
3.450000000000000e+00	9.982614662248972e-01
3.450000000000000e+00	9.781888006875384e-01
3.450000000000000e+00	9.723832873048315e-01
3.450000000000000e+00	1.013522570735328e+00
3.450000000000000e+00	9.946057748006860e-01
3.450000000000000e+00	8.783890269763602e-01
3.450000000000000e+00	9.209315415575459e-01
3.450000000000000e+00	9.707551745384151e-01
3.450000000000000e+00	9.424217177205950e-01
3.450000000000000e+00	9.503655526078951e-01
3.450000000000000e+00	9.872775369218009e-01
3.450000000000000e+00	1.010030275614732e+00
3.450000000000000e+00	9.241083648168812e-01
3.450000000000000e+00	9.580212754831366e-01
3.450000000000000e+00	9.138421264408305e-01
3.450000000000000e+00	9.158744130516605e-01
3.450000000000000e+00	9.411281095721037e-01
3.450000000000000e+00	1.051907568714445e+00
3.450000000000000e+00	9.146499552253423e-01
3.450000000000000e+00	8.788837708645113e-01
3.450000000000000e+00	8.964593777437475e-01
3.450000000000000e+00	9.163748265779627e-01
3.450000000000000e+00	9.624913726198562e-01
3.450000000000000e+00	8.555046028899449e-01
3.450000000000000e+00	1.046004077877733e+00
3.450000000000000e+00	9.966102497740956e-01
3.450000000000000e+00	1.050410132424682e+00
3.450000000000000e+00	9.119892364153698e-01
3.450000000000000e+00	9.373268816317356e-01
3.450000000000000e+00	9.782917449657689e-01
3.450000000000000e+00	9.790475748458961e-01
3.450000000000000e+00	1.002172787047115e+00
3.450000000000000e+00	9.371363130740361e-01
3.450000000000000e+00	9.651843370914707e-01
3.450000000000000e+00	9.505581650500493e-01
3.450000000000000e+00	1.046731358102025e+00
3.450000000000000e+00	9.675623684450542e-01
3.450000000000000e+00	9.003247593442272e-01
3.450000000000000e+00	1.015630233637797e+00
3.450000000000000e+00	9.617206969317668e-01
3.450000000000000e+00	9.353710089923194e-01
3.450000000000000e+00	9.340717325796070e-01
3.450000000000000e+00	9.390573677341167e-01
3.450000000000000e+00	9.297366784862586e-01
3.450000000000000e+00	1.039778806136719e+00
3.450000000000000e+00	9.868372243581464e-01
3.450000000000000e+00	9.270393484397786e-01
3.450000000000000e+00	1.047757061649385e+00
3.450000000000000e+00	9.766992363612346e-01
3.450000000000000e+00	9.858479062938521e-01
3.450000000000000e+00	1.031772704732049e+00
3.450000000000000e+00	9.845204040527696e-01
3.450000000000000e+00	9.104815329819610e-01
3.450000000000000e+00	9.894162871214437e-01
3.450000000000000e+00	9.797552551753492e-01
3.450000000000000e+00	9.341129552229241e-01
3.450000000000000e+00	9.243436749435459e-01
3.450000000000000e+00	9.857087285696197e-01
3.450000000000000e+00	9.350175959191744e-01
3.450000000000000e+00	9.614625334163954e-01
3.450000000000000e+00	9.265714947280727e-01
3.450000000000000e+00	1.017644022575617e+00
3.450000000000000e+00	9.619413395720090e-01
3.450000000000000e+00	9.571562387047732e-01
3.450000000000000e+00	9.376322274869683e-01
3.450000000000000e+00	9.488855817850123e-01
3.450000000000000e+00	9.484750798903135e-01
3.450000000000000e+00	8.371503320539587e-01
3.450000000000000e+00	9.583695306032860e-01
3.450000000000000e+00	9.519989381865206e-01
3.450000000000000e+00	1.008626858429606e+00
3.450000000000000e+00	1.019996651136431e+00
3.450000000000000e+00	9.930272257230682e-01
3.450000000000000e+00	1.022144275977802e+00
3.450000000000000e+00	9.504851050301164e-01
3.450000000000000e+00	9.437576453491434e-01
3.450000000000000e+00	1.006010630408462e+00
3.450000000000000e+00	8.993206303676358e-01
3.450000000000000e+00	9.613795580641421e-01
3.450000000000000e+00	1.003135857508543e+00
3.450000000000000e+00	9.171857445132291e-01
3.450000000000000e+00	9.469746744826790e-01
3.450000000000000e+00	9.748966165157988e-01
3.450000000000000e+00	8.395272880078867e-01
3.450000000000000e+00	1.015928588488257e+00
3.450000000000000e+00	1.023760474470084e+00
3.450000000000000e+00	9.787472102179150e-01
3.450000000000000e+00	8.993513582213808e-01
3.450000000000000e+00	9.339117175328725e-01
3.450000000000000e+00	1.004035255118030e+00
3.450000000000000e+00	8.589850033042948e-01
3.450000000000000e+00	9.293248047548881e-01
3.450000000000000e+00	9.109935928495234e-01
3.450000000000000e+00	9.791683804601723e-01
3.450000000000000e+00	9.469726046219122e-01
3.450000000000000e+00	9.034025798504546e-01
3.450000000000000e+00	1.000884450457555e+00
3.450000000000000e+00	1.015383389322708e+00
3.450000000000000e+00	9.060162485297180e-01
3.450000000000000e+00	8.694139146255423e-01
3.450000000000000e+00	9.988766276870632e-01
3.450000000000000e+00	8.832678276135182e-01
3.450000000000000e+00	1.043232598404934e+00
3.450000000000000e+00	9.478920279901136e-01
3.450000000000000e+00	9.629152715817016e-01
3.450000000000000e+00	9.992705587094337e-01
3.450000000000000e+00	1.048522201706257e+00
3.450000000000000e+00	9.314325837572670e-01
3.450000000000000e+00	9.874861194335074e-01
3.450000000000000e+00	1.039059520853065e+00
3.450000000000000e+00	9.798338428598699e-01
3.450000000000000e+00	9.847489536084235e-01
3.450000000000000e+00	9.385393992678938e-01
3.450000000000000e+00	8.724749666803426e-01
3.450000000000000e+00	9.187199597785347e-01
3.450000000000000e+00	8.997575993122381e-01
3.450000000000000e+00	9.435335014776666e-01
3.450000000000000e+00	9.499973357282199e-01
3.450000000000000e+00	8.848422270096524e-01
3.450000000000000e+00	1.021981765843198e+00
3.450000000000000e+00	9.993227641164932e-01
3.450000000000000e+00	1.006634031240891e+00
3.450000000000000e+00	9.712839087883230e-01
3.450000000000000e+00	1.013630093541053e+00
3.450000000000000e+00	9.067260569928434e-01
3.450000000000000e+00	9.979557363502308e-01
3.450000000000000e+00	9.520105939102275e-01
3.450000000000000e+00	9.887628317892025e-01
3.450000000000000e+00	9.638468974089516e-01
3.450000000000000e+00	9.451693408340315e-01
3.450000000000000e+00	9.319344797765758e-01
3.450000000000000e+00	8.799465027432438e-01
3.450000000000000e+00	1.039678053966414e+00
3.450000000000000e+00	9.650641868468889e-01
3.450000000000000e+00	9.078874438536590e-01
3.450000000000000e+00	9.078372271668904e-01
3.450000000000000e+00	9.799439886285624e-01
3.450000000000000e+00	9.846480809723885e-01
3.450000000000000e+00	9.510365533141310e-01
3.450000000000000e+00	8.957756382890008e-01
3.450000000000000e+00	9.814198711635926e-01
3.450000000000000e+00	1.073485291759530e+00
3.450000000000000e+00	8.459582123553436e-01
3.450000000000000e+00	9.629359919516932e-01
3.450000000000000e+00	9.292979149608123e-01
3.450000000000000e+00	9.060159498454546e-01
3.450000000000000e+00	8.653079823637765e-01
3.450000000000000e+00	9.287140499228376e-01
3.450000000000000e+00	9.855457703191500e-01
3.450000000000000e+00	9.264286409122640e-01
3.450000000000000e+00	9.273313156842380e-01
3.450000000000000e+00	9.003435246826246e-01
3.450000000000000e+00	9.877489067059414e-01
3.450000000000000e+00	9.859551921677351e-01
3.450000000000000e+00	9.141543411614090e-01
3.450000000000000e+00	9.398812233895518e-01
3.450000000000000e+00	9.126582782024901e-01
3.450000000000000e+00	8.587689059594266e-01
3.450000000000000e+00	1.053021301150406e+00
3.450000000000000e+00	1.031876673088109e+00
3.450000000000000e+00	9.900648612112823e-01
3.450000000000000e+00	9.443152747973194e-01
3.450000000000000e+00	1.044453932647810e+00
3.450000000000000e+00	9.743268602738023e-01
3.450000000000000e+00	8.867585468274995e-01
3.450000000000000e+00	9.541715218688446e-01
3.450000000000000e+00	9.755394196232675e-01
3.450000000000000e+00	9.517136264110321e-01
3.450000000000000e+00	9.686419800792171e-01
3.450000000000000e+00	8.676596185672215e-01
3.450000000000000e+00	9.270366961100013e-01
3.450000000000000e+00	9.461879335422352e-01
3.450000000000000e+00	1.019576638981813e+00
3.450000000000000e+00	9.855828525537126e-01
3.450000000000000e+00	1.020602998860449e+00
3.450000000000000e+00	9.208896560879483e-01
3.450000000000000e+00	9.029852496670271e-01
3.450000000000000e+00	9.870317672841180e-01
3.450000000000000e+00	9.000385238301105e-01
3.450000000000000e+00	9.106772414049965e-01
3.450000000000000e+00	9.558314276599249e-01
3.450000000000000e+00	1.021895496452562e+00
3.450000000000000e+00	9.267169174893438e-01
3.450000000000000e+00	9.208665821599460e-01
3.450000000000000e+00	9.862303406490174e-01
3.450000000000000e+00	9.447834687615774e-01
3.450000000000000e+00	8.925676997323789e-01
3.450000000000000e+00	9.874170311305623e-01
3.450000000000000e+00	9.346116123996783e-01
3.450000000000000e+00	9.386784151924341e-01
3.450000000000000e+00	9.947102774357256e-01
3.450000000000000e+00	8.837027464365387e-01
3.450000000000000e+00	1.006445384504918e+00
3.450000000000000e+00	9.567081636794621e-01
3.450000000000000e+00	9.133658176354873e-01
3.450000000000000e+00	9.523362624412448e-01
3.450000000000000e+00	9.321752420898123e-01
3.450000000000000e+00	9.761365839948720e-01
3.450000000000000e+00	9.722897278355804e-01
3.450000000000000e+00	9.668162612728085e-01
3.450000000000000e+00	8.743325069324545e-01
3.450000000000000e+00	9.824724726580558e-01
3.450000000000000e+00	9.284274776476281e-01
3.450000000000000e+00	9.863708165396841e-01
3.450000000000000e+00	9.705859603861697e-01
3.450000000000000e+00	9.250132535344541e-01
3.450000000000000e+00	9.867281303877254e-01
3.450000000000000e+00	9.889702903342108e-01
3.450000000000000e+00	9.993654767409027e-01
3.450000000000000e+00	9.479069330462842e-01
3.450000000000000e+00	9.227335824496712e-01
3.450000000000000e+00	8.526278152222440e-01
3.450000000000000e+00	9.779097190030471e-01
3.450000000000000e+00	1.053270007724036e+00
3.450000000000000e+00	8.851987197499364e-01
3.450000000000000e+00	1.035288870600000e+00
3.450000000000000e+00	9.377571022796826e-01
3.450000000000000e+00	9.686182523401605e-01
3.450000000000000e+00	9.270592572081964e-01
3.450000000000000e+00	1.089588668154876e+00
3.450000000000000e+00	9.700960430885975e-01
3.450000000000000e+00	9.833621232958941e-01
3.450000000000000e+00	9.553508677285160e-01
3.450000000000000e+00	8.739383459547373e-01
3.450000000000000e+00	9.157719332667853e-01
3.450000000000000e+00	9.450112060520170e-01
3.450000000000000e+00	1.030322482366078e+00
3.450000000000000e+00	1.014175600246550e+00
3.450000000000000e+00	8.758414505784572e-01
3.450000000000000e+00	1.033752973439698e+00
3.450000000000000e+00	1.011451204572171e+00
3.450000000000000e+00	9.781168964890298e-01
3.450000000000000e+00	1.044902808391071e+00
3.450000000000000e+00	9.802145860768003e-01
3.450000000000000e+00	9.181808937815706e-01
3.450000000000000e+00	9.411279207172846e-01
3.450000000000000e+00	9.889428158435654e-01
3.450000000000000e+00	9.980165565362404e-01
3.450000000000000e+00	9.724127739332578e-01
3.450000000000000e+00	9.794013591285941e-01
3.450000000000000e+00	9.479478858123194e-01
3.450000000000000e+00	1.057381557372747e+00
3.450000000000000e+00	9.945588250008512e-01
3.450000000000000e+00	9.934064230030946e-01
3.450000000000000e+00	8.957697554210966e-01
3.450000000000000e+00	9.660268763821939e-01
3.450000000000000e+00	1.046298745755863e+00
3.450000000000000e+00	9.767295324417087e-01
3.450000000000000e+00	9.550971876499728e-01
3.450000000000000e+00	1.029073639840000e+00
3.450000000000000e+00	1.023895121334099e+00
3.450000000000000e+00	9.846596368878394e-01
3.450000000000000e+00	9.510749437706945e-01
3.450000000000000e+00	9.536366230136013e-01
3.450000000000000e+00	8.931617530195620e-01
3.450000000000000e+00	1.014825119658593e+00
3.450000000000000e+00	9.274894462063669e-01
3.450000000000000e+00	9.733248804375427e-01
3.450000000000000e+00	9.065715458806439e-01
3.450000000000000e+00	1.039068989578385e+00
3.450000000000000e+00	9.786616125415922e-01
3.450000000000000e+00	9.432625745897272e-01
3.450000000000000e+00	9.156668328625609e-01
3.450000000000000e+00	1.037082273802780e+00
3.450000000000000e+00	1.014376886446344e+00
3.450000000000000e+00	1.007115100760838e+00
3.450000000000000e+00	1.007290218819583e+00
3.450000000000000e+00	9.549064967149310e-01
3.450000000000000e+00	1.005298583642620e+00
3.450000000000000e+00	8.640686625794560e-01
3.450000000000000e+00	9.041188595386290e-01
3.450000000000000e+00	1.006459105734513e+00
3.450000000000000e+00	8.891782989613516e-01
3.450000000000000e+00	9.616241977951129e-01
3.450000000000000e+00	9.124296773743396e-01
3.450000000000000e+00	9.604400289695675e-01
3.450000000000000e+00	9.830009658446506e-01
3.450000000000000e+00	8.775452187828233e-01
3.450000000000000e+00	9.274243639124296e-01
3.450000000000000e+00	9.444123972886176e-01
3.450000000000000e+00	9.512978668565578e-01
3.450000000000000e+00	9.938163325911514e-01
3.450000000000000e+00	1.012067948364917e+00
3.450000000000000e+00	9.193539112151364e-01
3.450000000000000e+00	9.899354323777215e-01
3.450000000000000e+00	9.142620715438969e-01
3.450000000000000e+00	9.473992012732457e-01
3.450000000000000e+00	9.218095740282587e-01
3.450000000000000e+00	9.767882059939056e-01
3.450000000000000e+00	9.800990441045879e-01
3.450000000000000e+00	9.179117856680937e-01
3.450000000000000e+00	9.752315563141918e-01
3.450000000000000e+00	1.005005247715543e+00
3.450000000000000e+00	9.475245441467934e-01
3.450000000000000e+00	9.236732529507344e-01
3.450000000000000e+00	9.273569085389768e-01
3.450000000000000e+00	8.861359618379401e-01
3.450000000000000e+00	9.578078992562269e-01
3.450000000000000e+00	9.353577170793721e-01
3.450000000000000e+00	8.912894636453731e-01
3.450000000000000e+00	9.556218936403221e-01
3.450000000000000e+00	9.608860262034001e-01
3.450000000000000e+00	1.030460811017210e+00
3.450000000000000e+00	9.564860581716237e-01
3.450000000000000e+00	1.001956468267197e+00
3.450000000000000e+00	8.857957426890194e-01
3.450000000000000e+00	1.012153678807334e+00
3.450000000000000e+00	9.941955296662813e-01
3.450000000000000e+00	9.731700854097723e-01
3.450000000000000e+00	9.185044024304930e-01
3.450000000000000e+00	9.609244190774470e-01
3.450000000000000e+00	9.700453822838473e-01
3.450000000000000e+00	9.387643896676381e-01
3.450000000000000e+00	9.314673179569078e-01
3.450000000000000e+00	9.908051185797584e-01
3.450000000000000e+00	9.994870583769768e-01
3.450000000000000e+00	1.042840180243614e+00
3.450000000000000e+00	9.859266813765928e-01
3.450000000000000e+00	8.916931462114578e-01
3.450000000000000e+00	9.396823241020401e-01
3.450000000000000e+00	9.988560414021175e-01
3.450000000000000e+00	9.998706252018251e-01
3.450000000000000e+00	1.029854246182655e+00
3.450000000000000e+00	9.457030727073068e-01
3.450000000000000e+00	9.358949701692435e-01
3.450000000000000e+00	1.007094044382743e+00
3.450000000000000e+00	9.386757922121316e-01
3.450000000000000e+00	9.810863942122118e-01
3.450000000000000e+00	9.187709232281505e-01
3.450000000000000e+00	9.165234963253875e-01
3.450000000000000e+00	9.747939808691330e-01
3.450000000000000e+00	9.498864960177920e-01
3.450000000000000e+00	1.024944445774143e+00
3.450000000000000e+00	1.055927793372986e+00
3.450000000000000e+00	1.059496050454399e+00
3.450000000000000e+00	1.029422167829851e+00
3.450000000000000e+00	9.060790626570833e-01
3.450000000000000e+00	9.579240362084421e-01
3.450000000000000e+00	8.307829530067232e-01
3.450000000000000e+00	9.769460551643930e-01
3.450000000000000e+00	9.877178959962035e-01
3.450000000000000e+00	9.684282206801419e-01
3.450000000000000e+00	1.052263254464395e+00
3.450000000000000e+00	9.657486426400254e-01
3.450000000000000e+00	1.011688677872617e+00
3.450000000000000e+00	9.702080524344389e-01
3.450000000000000e+00	9.492455820729983e-01
3.450000000000000e+00	1.012414382463342e+00
3.450000000000000e+00	9.578789695943266e-01
3.450000000000000e+00	1.036267966872455e+00
3.450000000000000e+00	9.541470857745548e-01
3.450000000000000e+00	9.187726614186462e-01
3.450000000000000e+00	1.013591243391732e+00
3.450000000000000e+00	9.692414945958329e-01
3.450000000000000e+00	9.641587652688531e-01
3.450000000000000e+00	9.582345973183521e-01
3.450000000000000e+00	1.035449960186259e+00
3.450000000000000e+00	9.477924187761985e-01
3.450000000000000e+00	9.982902350433704e-01
3.450000000000000e+00	1.003176882087230e+00
3.450000000000000e+00	1.009085173035071e+00
3.450000000000000e+00	1.064682854185446e+00
3.450000000000000e+00	9.951611061328121e-01
3.450000000000000e+00	9.808796125061677e-01
3.450000000000000e+00	9.739587636930851e-01
3.450000000000000e+00	9.679714547528357e-01
3.450000000000000e+00	9.141672318166649e-01
3.450000000000000e+00	1.062504579714651e+00
3.450000000000000e+00	9.534086626337966e-01
3.450000000000000e+00	8.715703708366442e-01
3.450000000000000e+00	1.028541166361812e+00
