3.450000000000000e+00	9.682247700562161e+00
3.450000000000000e+00	9.792178486194423e+00
3.450000000000000e+00	9.509794630767319e+00
3.450000000000000e+00	9.537864306669496e+00
3.450000000000000e+00	9.737108393057781e+00
3.450000000000000e+00	9.660454538157662e+00
3.450000000000000e+00	9.706674045599115e+00
3.450000000000000e+00	9.524793534440706e+00
3.450000000000000e+00	9.594175645699638e+00
3.450000000000000e+00	9.713927062923052e+00
3.450000000000000e+00	9.597978132341872e+00
3.450000000000000e+00	9.777667507252968e+00
3.450000000000000e+00	9.666392459735230e+00
3.450000000000000e+00	9.614953779588602e+00
3.450000000000000e+00	9.569880746219249e+00
3.450000000000000e+00	9.683190109980476e+00
3.450000000000000e+00	9.696010401220427e+00
3.450000000000000e+00	9.650974680256541e+00
3.450000000000000e+00	9.636501290283146e+00
3.450000000000000e+00	9.699021328973352e+00
3.450000000000000e+00	9.505801611210519e+00
3.450000000000000e+00	9.723485661659954e+00
3.450000000000000e+00	9.677383501548636e+00
3.450000000000000e+00	9.609768415820573e+00
3.450000000000000e+00	9.502519584249182e+00
3.450000000000000e+00	9.519302533033398e+00
3.450000000000000e+00	9.598140272825795e+00
3.450000000000000e+00	9.698961416401046e+00
3.450000000000000e+00	9.635857843530969e+00
3.450000000000000e+00	9.675917995430051e+00
3.450000000000000e+00	9.684356677754648e+00
3.450000000000000e+00	9.859068539108957e+00
3.450000000000000e+00	9.630411687382363e+00
3.450000000000000e+00	9.501180965408846e+00
3.450000000000000e+00	9.523124365491526e+00
3.450000000000000e+00	9.625547029593173e+00
3.450000000000000e+00	9.630887828306193e+00
3.450000000000000e+00	9.652590433985210e+00
3.450000000000000e+00	9.623419212632884e+00
3.450000000000000e+00	9.522512554333655e+00
3.450000000000000e+00	9.616528897815051e+00
3.450000000000000e+00	9.748599439242435e+00
3.450000000000000e+00	9.703077308694599e+00
3.450000000000000e+00	9.726875937238223e+00
3.450000000000000e+00	9.731681539274289e+00
3.450000000000000e+00	9.578602032956368e+00
3.450000000000000e+00	9.642698498357740e+00
3.450000000000000e+00	9.617090488396521e+00
3.450000000000000e+00	9.656080786850890e+00
3.450000000000000e+00	9.621771719659993e+00
3.450000000000000e+00	9.629806194090104e+00
3.450000000000000e+00	9.621339639263685e+00
3.450000000000000e+00	9.520952354593780e+00
3.450000000000000e+00	9.556082415610316e+00
3.450000000000000e+00	9.695945922780012e+00
3.450000000000000e+00	9.564993367099097e+00
3.450000000000000e+00	9.597910858028213e+00
3.450000000000000e+00	9.649328635869624e+00
3.450000000000000e+00	9.749610287384833e+00
3.450000000000000e+00	9.379780405526649e+00
3.450000000000000e+00	9.600884001553329e+00
3.450000000000000e+00	9.566025365607182e+00
3.450000000000000e+00	9.512411589514947e+00
3.450000000000000e+00	9.593090317148187e+00
3.450000000000000e+00	9.723614449194578e+00
3.450000000000000e+00	9.641675348522465e+00
3.450000000000000e+00	9.626544619661338e+00
3.450000000000000e+00	9.469745887007363e+00
3.450000000000000e+00	9.611351888264906e+00
3.450000000000000e+00	9.588593377620471e+00
3.450000000000000e+00	9.726245286319536e+00
3.450000000000000e+00	9.611676195758118e+00
3.450000000000000e+00	9.573002556466786e+00
3.450000000000000e+00	9.825495840036536e+00
3.450000000000000e+00	9.540218352831744e+00
3.450000000000000e+00	9.645422571078385e+00
3.450000000000000e+00	9.475342803455700e+00
3.450000000000000e+00	9.575460653440180e+00
3.450000000000000e+00	9.621544741476468e+00
3.450000000000000e+00	9.660548475928209e+00
3.450000000000000e+00	9.722324674399761e+00
3.450000000000000e+00	9.674188360505427e+00
3.450000000000000e+00	9.561377142743174e+00
3.450000000000000e+00	9.595960265295773e+00
3.450000000000000e+00	9.639624401338921e+00
3.450000000000000e+00	9.550483343447269e+00
3.450000000000000e+00	9.644074400105946e+00
3.450000000000000e+00	9.672845275008111e+00
3.450000000000000e+00	9.617526298513528e+00
3.450000000000000e+00	9.695040173133307e+00
3.450000000000000e+00	9.781238483823621e+00
3.450000000000000e+00	9.472399342875832e+00
3.450000000000000e+00	9.621538498286300e+00
3.450000000000000e+00	9.548409035828866e+00
3.450000000000000e+00	9.782711537135384e+00
3.450000000000000e+00	9.601681874527696e+00
3.450000000000000e+00	9.621843682748564e+00
3.450000000000000e+00	9.542022064927233e+00
3.450000000000000e+00	9.431135220757952e+00
3.450000000000000e+00	9.467005826777124e+00
3.450000000000000e+00	9.712669564939471e+00
3.450000000000000e+00	9.704363841723895e+00
3.450000000000000e+00	9.757230868572471e+00
3.450000000000000e+00	9.756498889588414e+00
3.450000000000000e+00	9.661972806515392e+00
3.450000000000000e+00	9.662915732410379e+00
3.450000000000000e+00	9.592283540116226e+00
3.450000000000000e+00	9.617612961698942e+00
3.450000000000000e+00	9.778511681929057e+00
3.450000000000000e+00	9.683017906780282e+00
3.450000000000000e+00	9.628468658657532e+00
3.450000000000000e+00	9.796323054053465e+00
3.450000000000000e+00	9.677491566990044e+00
3.450000000000000e+00	9.598637999546280e+00
3.450000000000000e+00	9.831977121222423e+00
3.450000000000000e+00	9.586031432306720e+00
3.450000000000000e+00	9.639402028962188e+00
3.450000000000000e+00	9.802178146483858e+00
3.450000000000000e+00	9.576881733668031e+00
3.450000000000000e+00	9.627228186174641e+00
3.450000000000000e+00	9.752521437215043e+00
3.450000000000000e+00	9.659795724962649e+00
3.450000000000000e+00	9.543053876118710e+00
3.450000000000000e+00	9.715919631621219e+00
3.450000000000000e+00	9.654035628625898e+00
3.450000000000000e+00	9.757305440837875e+00
3.450000000000000e+00	9.366174843964179e+00
3.450000000000000e+00	9.544364275358310e+00
3.450000000000000e+00	9.560281776344830e+00
3.450000000000000e+00	9.679520652370154e+00
3.450000000000000e+00	9.600789366751775e+00
3.450000000000000e+00	9.601147243684927e+00
3.450000000000000e+00	9.674764708149203e+00
3.450000000000000e+00	9.627036510765279e+00
3.450000000000000e+00	9.739539111837459e+00
3.450000000000000e+00	9.663443021888320e+00
3.450000000000000e+00	9.397564222027020e+00
3.450000000000000e+00	9.590238276907199e+00
3.450000000000000e+00	9.551641878910708e+00
3.450000000000000e+00	9.656479157645164e+00
3.450000000000000e+00	9.668959517633215e+00
3.450000000000000e+00	9.447287089579049e+00
3.450000000000000e+00	9.675379160851413e+00
3.450000000000000e+00	9.376622200629656e+00
3.450000000000000e+00	9.594865384353680e+00
3.450000000000000e+00	9.657193116066775e+00
3.450000000000000e+00	9.629024185405463e+00
3.450000000000000e+00	9.639075925883640e+00
3.450000000000000e+00	9.637195140961929e+00
3.450000000000000e+00	9.644246607583561e+00
3.450000000000000e+00	9.476046402465245e+00
3.450000000000000e+00	9.455427159966003e+00
3.450000000000000e+00	9.669426535651525e+00
3.450000000000000e+00	9.467311267569414e+00
3.450000000000000e+00	9.768216396064927e+00
3.450000000000000e+00	9.660529645296521e+00
3.450000000000000e+00	9.657221915188305e+00
3.450000000000000e+00	9.630690684284129e+00
3.450000000000000e+00	9.531546693270970e+00
3.450000000000000e+00	9.571539466116818e+00
3.450000000000000e+00	9.661688722867268e+00
3.450000000000000e+00	9.424766951307118e+00
3.450000000000000e+00	9.644713049998446e+00
3.450000000000000e+00	9.697223066045122e+00
3.450000000000000e+00	9.566620154343369e+00
3.450000000000000e+00	9.518215755983110e+00
3.450000000000000e+00	9.471872532729474e+00
3.450000000000000e+00	9.716491145014876e+00
3.450000000000000e+00	9.663754841207403e+00
3.450000000000000e+00	9.576015050455442e+00
3.450000000000000e+00	9.654904936597854e+00
3.450000000000000e+00	9.549768967922354e+00
3.450000000000000e+00	9.662546006715317e+00
3.450000000000000e+00	9.551918814590241e+00
3.450000000000000e+00	9.528547406704508e+00
3.450000000000000e+00	9.706538529455717e+00
3.450000000000000e+00	9.479686507765711e+00
3.450000000000000e+00	9.496708280153218e+00
3.450000000000000e+00	9.556688970980954e+00
3.450000000000000e+00	9.488517327405518e+00
3.450000000000000e+00	9.673631952201612e+00
3.450000000000000e+00	9.658288753427376e+00
3.450000000000000e+00	9.781327684868447e+00
3.450000000000000e+00	9.738155251854794e+00
3.450000000000000e+00	9.701762115837894e+00
3.450000000000000e+00	9.542061927326948e+00
3.450000000000000e+00	9.574176809924246e+00
3.450000000000000e+00	9.561409817361620e+00
3.450000000000000e+00	9.582218242515147e+00
3.450000000000000e+00	9.627466420921358e+00
3.450000000000000e+00	9.537223145832343e+00
3.450000000000000e+00	9.694328887424286e+00
3.450000000000000e+00	9.480011689216663e+00
3.450000000000000e+00	9.651009638007292e+00
3.450000000000000e+00	9.613475932405171e+00
3.450000000000000e+00	9.650455138371807e+00
3.450000000000000e+00	9.639440435610812e+00
3.450000000000000e+00	9.838675930237276e+00
3.450000000000000e+00	9.776518333240723e+00
3.450000000000000e+00	9.650503550917325e+00
3.450000000000000e+00	9.613380324625599e+00
3.450000000000000e+00	9.710386657584468e+00
3.450000000000000e+00	9.579777755060871e+00
3.450000000000000e+00	9.590643936391599e+00
3.450000000000000e+00	9.616573641017389e+00
3.450000000000000e+00	9.669797624626437e+00
3.450000000000000e+00	9.618274806485340e+00
3.450000000000000e+00	9.683172481584872e+00
3.450000000000000e+00	9.517045428542890e+00
3.450000000000000e+00	9.880097194713908e+00
3.450000000000000e+00	9.759624324065268e+00
3.450000000000000e+00	9.473682017999854e+00
3.450000000000000e+00	9.629619139163138e+00
3.450000000000000e+00	9.749512422207824e+00
3.450000000000000e+00	9.700981090653856e+00
3.450000000000000e+00	9.667997612890716e+00
3.450000000000000e+00	9.616692367727968e+00
3.450000000000000e+00	9.452992099515479e+00
3.450000000000000e+00	9.686721848634004e+00
3.450000000000000e+00	9.523910971194645e+00
3.450000000000000e+00	9.590513842822713e+00
3.450000000000000e+00	9.587542586959067e+00
3.450000000000000e+00	9.447580438252267e+00
3.450000000000000e+00	9.702212954621087e+00
3.450000000000000e+00	9.746382163374186e+00
3.450000000000000e+00	9.751709154436567e+00
3.450000000000000e+00	9.656600553144436e+00
3.450000000000000e+00	9.505213494242554e+00
3.450000000000000e+00	9.532595512154554e+00
3.450000000000000e+00	9.645765113470553e+00
3.450000000000000e+00	9.722982712142842e+00
3.450000000000000e+00	9.493489849690434e+00
3.450000000000000e+00	9.523922144586365e+00
3.450000000000000e+00	9.679646998227220e+00
3.450000000000000e+00	9.466728061266684e+00
3.450000000000000e+00	9.556605394554527e+00
3.450000000000000e+00	9.718570687148649e+00
3.450000000000000e+00	9.707104686441145e+00
3.450000000000000e+00	9.704700311941014e+00
3.450000000000000e+00	9.462076717620805e+00
3.450000000000000e+00	9.712602898868283e+00
3.450000000000000e+00	9.446293827283775e+00
3.450000000000000e+00	9.635818286000848e+00
3.450000000000000e+00	9.655560473183364e+00
3.450000000000000e+00	9.654355680325812e+00
3.450000000000000e+00	9.662734215544525e+00
3.450000000000000e+00	9.707603732192968e+00
3.450000000000000e+00	9.679241331081693e+00
3.450000000000000e+00	9.544393743562146e+00
3.450000000000000e+00	9.607654282766187e+00
3.450000000000000e+00	9.837797084976902e+00
3.450000000000000e+00	9.603009811901376e+00
3.450000000000000e+00	9.474753167946686e+00
3.450000000000000e+00	9.653610624378933e+00
3.450000000000000e+00	9.731141565620717e+00
3.450000000000000e+00	9.567837334591605e+00
3.450000000000000e+00	9.664469344293165e+00
3.450000000000000e+00	9.637992939304890e+00
3.450000000000000e+00	9.601924465983741e+00
3.450000000000000e+00	9.685344652553738e+00
3.450000000000000e+00	9.823881341506400e+00
3.450000000000000e+00	9.790277023300433e+00
3.450000000000000e+00	9.456733559129873e+00
3.450000000000000e+00	9.711574488297970e+00
3.450000000000000e+00	9.534686628359843e+00
3.450000000000000e+00	9.478279204189846e+00
3.450000000000000e+00	9.562470435983517e+00
3.450000000000000e+00	9.549485343439414e+00
3.450000000000000e+00	9.535825872596604e+00
3.450000000000000e+00	9.638270095601802e+00
3.450000000000000e+00	9.617642579350129e+00
3.450000000000000e+00	9.545730475690503e+00
3.450000000000000e+00	9.450503321975399e+00
3.450000000000000e+00	9.540524884106100e+00
3.450000000000000e+00	9.837663984833013e+00
3.450000000000000e+00	9.594996047082734e+00
3.450000000000000e+00	9.477203014231769e+00
3.450000000000000e+00	9.507021494998233e+00
3.450000000000000e+00	9.542023546124366e+00
3.450000000000000e+00	9.694023258336848e+00
3.450000000000000e+00	9.730281050740874e+00
3.450000000000000e+00	9.628779954691744e+00
3.450000000000000e+00	9.543474352764154e+00
3.450000000000000e+00	9.556451633094042e+00
3.450000000000000e+00	9.683611763258970e+00
3.450000000000000e+00	9.656623365025787e+00
3.450000000000000e+00	9.491892421924405e+00
3.450000000000000e+00	9.608980715017985e+00
3.450000000000000e+00	9.634078149422834e+00
3.450000000000000e+00	9.693042288460383e+00
3.450000000000000e+00	9.803107631202494e+00
3.450000000000000e+00	9.694956393300867e+00
3.450000000000000e+00	9.747477589777459e+00
3.450000000000000e+00	9.564961744397491e+00
3.450000000000000e+00	9.665272494177627e+00
3.450000000000000e+00	9.680264720112852e+00
3.450000000000000e+00	9.836920936438425e+00
3.450000000000000e+00	9.600096687434188e+00
3.450000000000000e+00	9.655833783355451e+00
3.450000000000000e+00	9.671318145946175e+00
3.450000000000000e+00	9.423590874374334e+00
3.450000000000000e+00	9.499567767239720e+00
3.450000000000000e+00	9.610199062164380e+00
3.450000000000000e+00	9.661866639562447e+00
3.450000000000000e+00	9.583319694263057e+00
3.450000000000000e+00	9.730506376464206e+00
3.450000000000000e+00	9.884274600842170e+00
3.450000000000000e+00	9.741883034852208e+00
3.450000000000000e+00	9.577270620655677e+00
3.450000000000000e+00	9.527420198076189e+00
3.450000000000000e+00	9.550083850380318e+00
3.450000000000000e+00	9.654914710025116e+00
3.450000000000000e+00	9.744334446229750e+00
3.450000000000000e+00	9.660412114697886e+00
3.450000000000000e+00	9.396439999602315e+00
3.450000000000000e+00	9.635487571164493e+00
3.450000000000000e+00	9.500189039137979e+00
3.450000000000000e+00	9.579723371455291e+00
3.450000000000000e+00	9.725726169836523e+00
3.450000000000000e+00	9.774105180291546e+00
3.450000000000000e+00	9.876994205227113e+00
3.450000000000000e+00	9.590339504506510e+00
3.450000000000000e+00	9.567447422612256e+00
3.450000000000000e+00	9.462466955138435e+00
3.450000000000000e+00	9.590420663493141e+00
3.450000000000000e+00	9.710833743371541e+00
3.450000000000000e+00	9.777752440187257e+00
3.450000000000000e+00	9.731819971252651e+00
3.450000000000000e+00	9.736621753581193e+00
3.450000000000000e+00	9.615722856643647e+00
3.450000000000000e+00	9.751549030387570e+00
3.450000000000000e+00	9.574739874490339e+00
3.450000000000000e+00	9.471730311042009e+00
3.450000000000000e+00	9.647839891654607e+00
3.450000000000000e+00	9.499638866401614e+00
3.450000000000000e+00	9.681453620621621e+00
3.450000000000000e+00	9.642783111284654e+00
3.450000000000000e+00	9.608129046065919e+00
3.450000000000000e+00	9.692485840168636e+00
3.450000000000000e+00	9.661232333540807e+00
3.450000000000000e+00	9.564589715673996e+00
3.450000000000000e+00	9.454653219231819e+00
3.450000000000000e+00	9.681496152545680e+00
3.450000000000000e+00	9.658230982042582e+00
3.450000000000000e+00	9.577648057008531e+00
3.450000000000000e+00	9.707504526220074e+00
3.450000000000000e+00	9.743009025092519e+00
3.450000000000000e+00	9.580981578990567e+00
3.450000000000000e+00	9.872722353113069e+00
3.450000000000000e+00	9.779423678830664e+00
3.450000000000000e+00	9.637381469046005e+00
3.450000000000000e+00	9.476251925337603e+00
3.450000000000000e+00	9.649664889314606e+00
3.450000000000000e+00	9.602681938008459e+00
3.450000000000000e+00	9.835422383110675e+00
3.450000000000000e+00	9.690977978688805e+00
3.450000000000000e+00	9.588471345710516e+00
3.450000000000000e+00	9.819720022077460e+00
3.450000000000000e+00	9.513469003586088e+00
3.450000000000000e+00	9.647077640371831e+00
3.450000000000000e+00	9.575354369495923e+00
3.450000000000000e+00	9.565489984560941e+00
3.450000000000000e+00	9.637526127692928e+00
3.450000000000000e+00	9.610450506226744e+00
3.450000000000000e+00	9.699853870512630e+00
3.450000000000000e+00	9.655748875170982e+00
3.450000000000000e+00	9.697640337537381e+00
3.450000000000000e+00	9.652534023049062e+00
3.450000000000000e+00	9.646058542104109e+00
3.450000000000000e+00	9.568734135148862e+00
3.450000000000000e+00	9.524547225504785e+00
3.450000000000000e+00	9.476640435623779e+00
3.450000000000000e+00	9.483842750283099e+00
3.450000000000000e+00	9.680407735605177e+00
3.450000000000000e+00	9.618507435680097e+00
3.450000000000000e+00	9.696030979584812e+00
3.450000000000000e+00	9.545943675326461e+00
3.450000000000000e+00	9.230473666777506e+00
3.450000000000000e+00	9.561096474655191e+00
3.450000000000000e+00	9.762197143814566e+00
3.450000000000000e+00	9.738672273736800e+00
3.450000000000000e+00	9.815343106654844e+00
3.450000000000000e+00	9.412616696393767e+00
3.450000000000000e+00	9.557925539748535e+00
3.450000000000000e+00	9.726913634201779e+00
3.450000000000000e+00	9.758247913126846e+00
3.450000000000000e+00	9.706949351006086e+00
3.450000000000000e+00	9.611892871792184e+00
3.450000000000000e+00	9.649020544822793e+00
3.450000000000000e+00	9.743133196201210e+00
3.450000000000000e+00	9.722232581340325e+00
3.450000000000000e+00	9.601774686393519e+00
3.450000000000000e+00	9.708890312669833e+00
3.450000000000000e+00	9.616841544151544e+00
3.450000000000000e+00	9.726447275268423e+00
3.450000000000000e+00	9.594546785274636e+00
3.450000000000000e+00	9.499500339195848e+00
3.450000000000000e+00	9.605371136083795e+00
3.450000000000000e+00	9.728704010021499e+00
3.450000000000000e+00	9.700197764514114e+00
3.450000000000000e+00	9.520947366668958e+00
3.450000000000000e+00	9.619637971429146e+00
3.450000000000000e+00	9.593436349948892e+00
3.450000000000000e+00	9.715273615411864e+00
3.450000000000000e+00	9.616351464633368e+00
3.450000000000000e+00	9.629948228737685e+00
3.450000000000000e+00	9.559189973403956e+00
3.450000000000000e+00	9.765521946709868e+00
3.450000000000000e+00	9.597195487582686e+00
3.450000000000000e+00	9.541738763224071e+00
3.450000000000000e+00	9.603885205226682e+00
3.450000000000000e+00	9.738352753366373e+00
3.450000000000000e+00	9.446340470436196e+00
3.450000000000000e+00	9.645551464438164e+00
3.450000000000000e+00	9.694774236084047e+00
3.450000000000000e+00	9.692737943616537e+00
3.450000000000000e+00	9.682016095246192e+00
3.450000000000000e+00	9.775477272858122e+00
3.450000000000000e+00	9.734905324919792e+00
3.450000000000000e+00	9.509446740908427e+00
3.450000000000000e+00	9.700546887675836e+00
3.450000000000000e+00	9.663195091943813e+00
3.450000000000000e+00	9.619321523701398e+00
3.450000000000000e+00	9.661656926188783e+00
3.450000000000000e+00	9.689889462398609e+00
3.450000000000000e+00	9.883556801558552e+00
3.450000000000000e+00	9.754480027350350e+00
3.450000000000000e+00	9.543047574107792e+00
3.450000000000000e+00	9.572624371552731e+00
3.450000000000000e+00	9.469102797125766e+00
3.450000000000000e+00	9.591665179251589e+00
3.450000000000000e+00	9.666970387155210e+00
3.450000000000000e+00	9.668925776287365e+00
3.450000000000000e+00	9.724837817797749e+00
3.450000000000000e+00	9.569347480594264e+00
3.450000000000000e+00	9.746541207085601e+00
3.450000000000000e+00	9.550792159588754e+00
3.450000000000000e+00	9.765004238707268e+00
3.450000000000000e+00	9.630052587838556e+00
3.450000000000000e+00	9.493555806911399e+00
3.450000000000000e+00	9.607815855491360e+00
3.450000000000000e+00	9.690854868547268e+00
3.450000000000000e+00	9.724273954327252e+00
3.450000000000000e+00	9.612348638595662e+00
3.450000000000000e+00	9.566631573833190e+00
3.450000000000000e+00	9.632723519188843e+00
3.450000000000000e+00	9.666553411595373e+00
3.450000000000000e+00	9.550854155581426e+00
3.450000000000000e+00	9.410967831743694e+00
3.450000000000000e+00	9.461868882030268e+00
3.450000000000000e+00	9.515904049850233e+00
3.450000000000000e+00	9.533145015165799e+00
3.450000000000000e+00	9.541401825468043e+00
3.450000000000000e+00	9.555329610027513e+00
3.450000000000000e+00	9.433196426268918e+00
3.450000000000000e+00	9.594764625958279e+00
3.450000000000000e+00	9.565786150049766e+00
3.450000000000000e+00	9.484857164645851e+00
3.450000000000000e+00	9.797304583793856e+00
3.450000000000000e+00	9.630081089847817e+00
3.450000000000000e+00	9.502460515460360e+00
3.450000000000000e+00	9.447335016428562e+00
3.450000000000000e+00	9.737256931193619e+00
3.450000000000000e+00	9.614545741877079e+00
3.450000000000000e+00	9.480666097778784e+00
3.450000000000000e+00	9.592765906477212e+00
3.450000000000000e+00	9.623629094638702e+00
3.450000000000000e+00	9.629510882298733e+00
3.450000000000000e+00	9.661841508888170e+00
3.450000000000000e+00	9.656698818965307e+00
3.450000000000000e+00	9.613275147031942e+00
3.450000000000000e+00	9.720206816250762e+00
3.450000000000000e+00	9.572018149119121e+00
3.450000000000000e+00	9.703661888935667e+00
3.450000000000000e+00	9.557320005225455e+00
3.450000000000000e+00	9.569540028883235e+00
3.450000000000000e+00	9.546463890668559e+00
3.450000000000000e+00	9.669177207774275e+00
3.450000000000000e+00	9.654511438927205e+00
3.450000000000000e+00	9.763451908512295e+00
3.450000000000000e+00	9.701899000120015e+00
3.450000000000000e+00	9.581612984726302e+00
3.450000000000000e+00	9.619949601399760e+00
3.450000000000000e+00	9.706160312187638e+00
3.450000000000000e+00	9.606090250631976e+00
3.450000000000000e+00	9.566302545734199e+00
3.450000000000000e+00	9.468193439101679e+00
3.450000000000000e+00	9.487700187554557e+00
3.450000000000000e+00	9.649551641285660e+00
3.450000000000000e+00	9.640940436707361e+00
3.450000000000000e+00	9.689062497803246e+00
3.450000000000000e+00	9.623930082627229e+00
3.450000000000000e+00	9.803534271233170e+00
3.450000000000000e+00	9.897093588482246e+00
3.450000000000000e+00	9.647182981720224e+00
3.450000000000000e+00	9.599469511173464e+00
3.450000000000000e+00	9.815370454032918e+00
3.450000000000000e+00	9.787080503195590e+00
3.450000000000000e+00	9.707267504854890e+00
3.450000000000000e+00	9.640966899351701e+00
3.450000000000000e+00	9.657107430453809e+00
3.450000000000000e+00	9.558611785271198e+00
3.450000000000000e+00	9.623362873345688e+00
3.450000000000000e+00	9.690589360486731e+00
3.450000000000000e+00	9.828381480102337e+00
3.450000000000000e+00	9.656624092754454e+00
3.450000000000000e+00	9.545837503871374e+00
3.450000000000000e+00	9.741493137934654e+00
3.450000000000000e+00	9.441963802739847e+00
3.450000000000000e+00	9.545210717045512e+00
3.450000000000000e+00	9.453792487830968e+00
3.450000000000000e+00	9.642025516075856e+00
3.450000000000000e+00	9.583640003444897e+00
3.450000000000000e+00	9.564799093216823e+00
3.450000000000000e+00	9.616254112941903e+00
3.450000000000000e+00	9.807765244875910e+00
3.450000000000000e+00	9.791624477668055e+00
3.450000000000000e+00	9.506153590880441e+00
3.450000000000000e+00	9.545434564225026e+00
3.450000000000000e+00	9.536114479007207e+00
3.450000000000000e+00	9.512993533653917e+00
3.450000000000000e+00	9.563875136669118e+00
3.450000000000000e+00	9.548598778356606e+00
3.450000000000000e+00	9.754691747725442e+00
3.450000000000000e+00	9.734341914843455e+00
3.450000000000000e+00	9.547750409711080e+00
3.450000000000000e+00	9.521047044216377e+00
3.450000000000000e+00	9.678553715353551e+00
3.450000000000000e+00	9.658148410717674e+00
3.450000000000000e+00	9.672952641579347e+00
3.450000000000000e+00	9.566655920318190e+00
3.450000000000000e+00	9.446235871054794e+00
3.450000000000000e+00	9.674695943679687e+00
3.450000000000000e+00	9.370272387478840e+00
3.450000000000000e+00	9.799020448320071e+00
3.450000000000000e+00	9.620586414402041e+00
3.450000000000000e+00	9.603028177029749e+00
3.450000000000000e+00	9.659692260043439e+00
3.450000000000000e+00	9.656703181484097e+00
3.450000000000000e+00	9.722665086215853e+00
3.450000000000000e+00	9.530834500657900e+00
3.450000000000000e+00	9.649435125806662e+00
3.450000000000000e+00	9.598636201720774e+00
3.450000000000000e+00	9.768568548066838e+00
3.450000000000000e+00	9.570905156865713e+00
3.450000000000000e+00	9.573675036351581e+00
3.450000000000000e+00	9.454419433205842e+00
3.450000000000000e+00	9.484251459969474e+00
3.450000000000000e+00	9.475232963029292e+00
3.450000000000000e+00	9.653306371152631e+00
3.450000000000000e+00	9.624001553509393e+00
3.450000000000000e+00	9.813775059249586e+00
3.450000000000000e+00	9.569565563091697e+00
3.450000000000000e+00	9.752401102779618e+00
3.450000000000000e+00	9.809917788266247e+00
3.450000000000000e+00	9.702032449620194e+00
3.450000000000000e+00	9.635280082632040e+00
3.450000000000000e+00	9.570614119050893e+00
3.450000000000000e+00	9.582467908492042e+00
3.450000000000000e+00	9.531672204150963e+00
3.450000000000000e+00	9.691861755439438e+00
3.450000000000000e+00	9.763137695660564e+00
3.450000000000000e+00	9.787164911096859e+00
3.450000000000000e+00	9.656036089528179e+00
3.450000000000000e+00	9.508265742258846e+00
3.450000000000000e+00	9.771015356541220e+00
3.450000000000000e+00	9.585459403912738e+00
3.450000000000000e+00	9.868379767520418e+00
3.450000000000000e+00	9.800393656533412e+00
3.450000000000000e+00	9.805594440313584e+00
3.450000000000000e+00	9.588951368425219e+00
3.450000000000000e+00	9.535440548579325e+00
3.450000000000000e+00	9.642228634141357e+00
3.450000000000000e+00	9.691874546422703e+00
3.450000000000000e+00	9.566078563926006e+00
3.450000000000000e+00	9.652608593458174e+00
3.450000000000000e+00	9.664002354317468e+00
3.450000000000000e+00	9.555885110502144e+00
3.450000000000000e+00	9.705466106077294e+00
3.450000000000000e+00	9.661129044656228e+00
3.450000000000000e+00	9.682115148908029e+00
3.450000000000000e+00	9.663325659748779e+00
3.450000000000000e+00	9.868225401814334e+00
3.450000000000000e+00	9.652393916647725e+00
3.450000000000000e+00	9.564348476119811e+00
3.450000000000000e+00	9.628517481474001e+00
3.450000000000000e+00	9.559326724628782e+00
3.450000000000000e+00	9.618954228608667e+00
3.450000000000000e+00	9.613350582716253e+00
3.450000000000000e+00	9.613347500626027e+00
3.450000000000000e+00	9.658825642919849e+00
3.450000000000000e+00	9.604453268999647e+00
3.450000000000000e+00	9.573593861143859e+00
3.450000000000000e+00	9.547243193236795e+00
3.450000000000000e+00	9.669337210148649e+00
3.450000000000000e+00	9.762504297855841e+00
3.450000000000000e+00	9.622902696958366e+00
3.450000000000000e+00	9.712542514462491e+00
3.450000000000000e+00	9.616699682152934e+00
3.450000000000000e+00	9.534784677818781e+00
3.450000000000000e+00	9.622927327120141e+00
3.450000000000000e+00	9.687068993722587e+00
3.450000000000000e+00	9.675061659728133e+00
3.450000000000000e+00	9.632203941057327e+00
3.450000000000000e+00	9.539522726181406e+00
3.450000000000000e+00	9.672349015988809e+00
3.450000000000000e+00	9.665796234921142e+00
3.450000000000000e+00	9.669360685371748e+00
3.450000000000000e+00	9.504912823529237e+00
3.450000000000000e+00	9.472567290883775e+00
3.450000000000000e+00	9.339348725007035e+00
3.450000000000000e+00	9.471842376661819e+00
3.450000000000000e+00	9.705383610580927e+00
3.450000000000000e+00	9.685967190067991e+00
3.450000000000000e+00	9.584187508592079e+00
3.450000000000000e+00	9.556626054929453e+00
3.450000000000000e+00	9.608601500542349e+00
3.450000000000000e+00	9.859753463078448e+00
3.450000000000000e+00	9.529802107091633e+00
3.450000000000000e+00	9.697602725991338e+00
3.450000000000000e+00	9.626168648872889e+00
3.450000000000000e+00	9.739131447065311e+00
3.450000000000000e+00	9.655085889385333e+00
3.450000000000000e+00	9.660467888607377e+00
3.450000000000000e+00	9.613922339229488e+00
3.450000000000000e+00	9.788445927217296e+00
3.450000000000000e+00	9.560283049488547e+00
3.450000000000000e+00	9.750148999112168e+00
3.450000000000000e+00	9.606568248695389e+00
3.450000000000000e+00	9.709331537865371e+00
3.450000000000000e+00	9.611258411709333e+00
3.450000000000000e+00	9.630379713953134e+00
3.450000000000000e+00	9.514621535898211e+00
3.450000000000000e+00	9.607450382028368e+00
3.450000000000000e+00	9.548150481827758e+00
3.450000000000000e+00	9.544373505743081e+00
3.450000000000000e+00	9.666476957602448e+00
3.450000000000000e+00	9.600843534712119e+00
3.450000000000000e+00	9.752791760027984e+00
3.450000000000000e+00	9.542739718822556e+00
3.450000000000000e+00	9.496073054856772e+00
3.450000000000000e+00	9.481827289226292e+00
3.450000000000000e+00	9.762015119964868e+00
3.450000000000000e+00	9.731496485711869e+00
3.450000000000000e+00	9.576378921070926e+00
3.450000000000000e+00	9.687690164443188e+00
3.450000000000000e+00	9.640635564829886e+00
3.450000000000000e+00	9.617321552812001e+00
3.450000000000000e+00	9.700073840190463e+00
3.450000000000000e+00	9.506979507959251e+00
3.450000000000000e+00	9.675907322432321e+00
3.450000000000000e+00	9.553683949239467e+00
3.450000000000000e+00	9.563672829470795e+00
3.450000000000000e+00	9.470079872998138e+00
3.450000000000000e+00	9.827838031091012e+00
3.450000000000000e+00	9.774251749882993e+00
3.450000000000000e+00	9.668399464505111e+00
3.450000000000000e+00	9.756451734506772e+00
3.450000000000000e+00	9.517150656023388e+00
3.450000000000000e+00	9.416053230795949e+00
3.450000000000000e+00	9.609654322129142e+00
3.450000000000000e+00	9.417460241094480e+00
3.450000000000000e+00	9.600843750932210e+00
3.450000000000000e+00	9.761446139426514e+00
3.450000000000000e+00	9.762726398476492e+00
3.450000000000000e+00	9.826824517300734e+00
3.450000000000000e+00	9.751707744577770e+00
3.450000000000000e+00	9.769831276919998e+00
3.450000000000000e+00	9.501910537262273e+00
3.450000000000000e+00	9.428191649290248e+00
3.450000000000000e+00	9.631489978795535e+00
3.450000000000000e+00	9.672630534176731e+00
3.450000000000000e+00	9.560490245214343e+00
3.450000000000000e+00	9.606739224745422e+00
3.450000000000000e+00	9.634597430122863e+00
3.450000000000000e+00	9.749864252996806e+00
3.450000000000000e+00	9.583625752435582e+00
3.450000000000000e+00	9.528292018987100e+00
3.450000000000000e+00	9.426873901066893e+00
3.450000000000000e+00	9.508063904347875e+00
3.450000000000000e+00	9.477579842740857e+00
3.450000000000000e+00	9.528313951589755e+00
3.450000000000000e+00	9.734501106265466e+00
3.450000000000000e+00	9.596933955626506e+00
3.450000000000000e+00	9.563862318842173e+00
3.450000000000000e+00	9.634444108786250e+00
3.450000000000000e+00	9.621306194919068e+00
3.450000000000000e+00	9.637045486367436e+00
3.450000000000000e+00	9.682787577120081e+00
3.450000000000000e+00	9.703910481429904e+00
3.450000000000000e+00	9.651369835287685e+00
3.450000000000000e+00	9.577237873968052e+00
3.450000000000000e+00	9.667125446882437e+00
3.450000000000000e+00	9.399926026603731e+00
3.450000000000000e+00	9.641494494657721e+00
3.450000000000000e+00	9.646094879394585e+00
3.450000000000000e+00	9.572878579281406e+00
3.450000000000000e+00	9.718128646681095e+00
3.450000000000000e+00	9.708493690165586e+00
3.450000000000000e+00	9.736761746503941e+00
3.450000000000000e+00	9.658463003602334e+00
3.450000000000000e+00	9.633724385117638e+00
3.450000000000000e+00	9.654414945319582e+00
3.450000000000000e+00	9.783218391925201e+00
3.450000000000000e+00	9.824341276707813e+00
3.450000000000000e+00	9.680207278010441e+00
3.450000000000000e+00	9.591929279740356e+00
3.450000000000000e+00	9.418201171840680e+00
3.450000000000000e+00	9.523096894275948e+00
3.450000000000000e+00	9.559734778336074e+00
3.450000000000000e+00	9.513225830624085e+00
3.450000000000000e+00	9.580977072037397e+00
3.450000000000000e+00	9.648257842192415e+00
3.450000000000000e+00	9.743781422528317e+00
3.450000000000000e+00	9.808204934713459e+00
3.450000000000000e+00	9.558090235164517e+00
3.450000000000000e+00	9.594832833584050e+00
3.450000000000000e+00	9.567286272623370e+00
3.450000000000000e+00	9.772931485058006e+00
3.450000000000000e+00	9.739778030537895e+00
3.450000000000000e+00	9.701972154591644e+00
3.450000000000000e+00	9.616683496208793e+00
3.450000000000000e+00	9.547852475713652e+00
3.450000000000000e+00	9.543192030371644e+00
3.450000000000000e+00	9.557816125421525e+00
3.450000000000000e+00	9.609908819018031e+00
3.450000000000000e+00	9.681836557141843e+00
3.450000000000000e+00	9.589538018994547e+00
3.450000000000000e+00	9.730703360705881e+00
3.450000000000000e+00	9.748015014434571e+00
3.450000000000000e+00	9.529434441509949e+00
3.450000000000000e+00	9.732873882554381e+00
3.450000000000000e+00	9.782581566138248e+00
3.450000000000000e+00	9.605506874001211e+00
3.450000000000000e+00	9.464722115787364e+00
3.450000000000000e+00	9.585908228628625e+00
3.450000000000000e+00	9.681913169297754e+00
3.450000000000000e+00	9.605110886110646e+00
3.450000000000000e+00	9.738123175273898e+00
3.450000000000000e+00	9.517318137950781e+00
3.450000000000000e+00	9.446695555386402e+00
3.450000000000000e+00	9.607513149973848e+00
3.450000000000000e+00	9.840250770626398e+00
3.450000000000000e+00	9.845107335477492e+00
3.450000000000000e+00	9.404933933575036e+00
3.450000000000000e+00	9.693839353915608e+00
3.450000000000000e+00	9.699051269093136e+00
3.450000000000000e+00	9.636843806112878e+00
3.450000000000000e+00	9.536017801727580e+00
3.450000000000000e+00	9.488094538616316e+00
3.450000000000000e+00	9.540235264727720e+00
3.450000000000000e+00	9.587756248644304e+00
3.450000000000000e+00	9.649728958732457e+00
3.450000000000000e+00	9.610878662065769e+00
3.450000000000000e+00	9.384959367787477e+00
3.450000000000000e+00	9.720296734392161e+00
3.450000000000000e+00	9.498108103099772e+00
3.450000000000000e+00	9.427542765448205e+00
3.450000000000000e+00	9.745157554344660e+00
3.450000000000000e+00	9.517944513013177e+00
3.450000000000000e+00	9.496570054428652e+00
3.450000000000000e+00	9.478070554490390e+00
3.450000000000000e+00	9.785591383215070e+00
3.450000000000000e+00	9.730214783842634e+00
3.450000000000000e+00	9.630945877503185e+00
3.450000000000000e+00	9.669094256022014e+00
3.450000000000000e+00	9.487237319418556e+00
3.450000000000000e+00	9.783861680433688e+00
3.450000000000000e+00	9.697444731267540e+00
3.450000000000000e+00	9.655666197661137e+00
3.450000000000000e+00	9.715677758049722e+00
3.450000000000000e+00	9.593417234254082e+00
3.450000000000000e+00	9.659599963031532e+00
3.450000000000000e+00	9.768634825414431e+00
3.450000000000000e+00	9.563634290272004e+00
3.450000000000000e+00	9.414336548326569e+00
3.450000000000000e+00	9.610236071738889e+00
3.450000000000000e+00	9.616381778829822e+00
3.450000000000000e+00	9.663402959718749e+00
3.450000000000000e+00	9.482683524483322e+00
3.450000000000000e+00	9.606335575534123e+00
3.450000000000000e+00	9.579195946765886e+00
3.450000000000000e+00	9.443247548916560e+00
3.450000000000000e+00	9.647617320743054e+00
3.450000000000000e+00	9.557743512549445e+00
3.450000000000000e+00	9.585285486548974e+00
3.450000000000000e+00	9.678557347589312e+00
3.450000000000000e+00	9.661615306190567e+00
3.450000000000000e+00	9.429808331961398e+00
3.450000000000000e+00	9.562300131381352e+00
3.450000000000000e+00	9.690210987321933e+00
3.450000000000000e+00	9.579694940779174e+00
3.450000000000000e+00	9.769629659116923e+00
3.450000000000000e+00	9.717180240539816e+00
3.450000000000000e+00	9.755353398654313e+00
3.450000000000000e+00	9.731521122649358e+00
3.450000000000000e+00	9.662161914540897e+00
3.450000000000000e+00	9.640207166234424e+00
3.450000000000000e+00	9.705020080490925e+00
3.450000000000000e+00	9.644943729668176e+00
3.450000000000000e+00	9.705922403568394e+00
3.450000000000000e+00	9.666900986976749e+00
3.450000000000000e+00	9.628727249504287e+00
3.450000000000000e+00	9.509017804366293e+00
3.450000000000000e+00	9.759638048844746e+00
3.450000000000000e+00	9.471639894646930e+00
3.450000000000000e+00	9.642116527779777e+00
3.450000000000000e+00	9.692728109727081e+00
3.450000000000000e+00	9.566743590938390e+00
3.450000000000000e+00	9.346993885172724e+00
3.450000000000000e+00	9.705087042662491e+00
3.450000000000000e+00	9.641462473787911e+00
3.450000000000000e+00	9.542581463464483e+00
3.450000000000000e+00	9.526612211282174e+00
3.450000000000000e+00	9.564782370456721e+00
3.450000000000000e+00	9.612496284864061e+00
3.450000000000000e+00	9.572928045922279e+00
3.450000000000000e+00	9.564620364694292e+00
3.450000000000000e+00	9.752569559824380e+00
3.450000000000000e+00	9.793969677709519e+00
3.450000000000000e+00	9.728699903361413e+00
3.450000000000000e+00	9.528377394871807e+00
3.450000000000000e+00	9.834408027917128e+00
3.450000000000000e+00	9.554540726530252e+00
3.450000000000000e+00	9.563420090649412e+00
3.450000000000000e+00	9.635978094481750e+00
3.450000000000000e+00	9.775464484215174e+00
3.450000000000000e+00	9.703981611179259e+00
3.450000000000000e+00	9.736860282766084e+00
3.450000000000000e+00	9.655542759300824e+00
3.450000000000000e+00	9.567750738638857e+00
3.450000000000000e+00	9.658219323757727e+00
3.450000000000000e+00	9.693766447660639e+00
3.450000000000000e+00	9.679842903063204e+00
3.450000000000000e+00	9.668396620574045e+00
3.450000000000000e+00	9.717442737291016e+00
3.450000000000000e+00	9.630117048111190e+00
3.450000000000000e+00	9.472220395377033e+00
3.450000000000000e+00	9.585727260538983e+00
3.450000000000000e+00	9.681178075886889e+00
3.450000000000000e+00	9.520216095833121e+00
3.450000000000000e+00	9.517567993214683e+00
3.450000000000000e+00	9.662862712419681e+00
3.450000000000000e+00	9.644996701531047e+00
3.450000000000000e+00	9.621624879029930e+00
3.450000000000000e+00	9.608015760457109e+00
3.450000000000000e+00	9.642519299848237e+00
3.450000000000000e+00	9.665632986237043e+00
3.450000000000000e+00	9.630995681259423e+00
3.450000000000000e+00	9.510974813974745e+00
3.450000000000000e+00	9.669968131393436e+00
3.450000000000000e+00	9.607122845037443e+00
3.450000000000000e+00	9.571073152953822e+00
3.450000000000000e+00	9.921326447890719e+00
3.450000000000000e+00	9.694064948396779e+00
3.450000000000000e+00	9.486240769312923e+00
3.450000000000000e+00	9.589866320681548e+00
3.450000000000000e+00	9.368281366370377e+00
3.450000000000000e+00	9.721159125286524e+00
3.450000000000000e+00	9.527124987642397e+00
3.450000000000000e+00	9.650369876800905e+00
3.450000000000000e+00	9.719044059087755e+00
3.450000000000000e+00	9.595216767364366e+00
3.450000000000000e+00	9.871724639443716e+00
3.450000000000000e+00	9.507994540658299e+00
3.450000000000000e+00	9.586660897953585e+00
3.450000000000000e+00	9.762654931420814e+00
3.450000000000000e+00	9.711290000893097e+00
3.450000000000000e+00	9.556832736121212e+00
3.450000000000000e+00	9.625224956515442e+00
3.450000000000000e+00	9.408351463777807e+00
3.450000000000000e+00	9.620016805716608e+00
3.450000000000000e+00	9.664628707825377e+00
3.450000000000000e+00	9.732183316567694e+00
3.450000000000000e+00	9.670700323418561e+00
3.450000000000000e+00	9.821797050323294e+00
3.450000000000000e+00	9.918214734632778e+00
3.450000000000000e+00	9.635046498159884e+00
3.450000000000000e+00	9.836464074732346e+00
3.450000000000000e+00	9.629969727977073e+00
3.450000000000000e+00	9.680084029417273e+00
3.450000000000000e+00	9.594763015568869e+00
3.450000000000000e+00	9.500196795645881e+00
3.450000000000000e+00	9.450357510424940e+00
3.450000000000000e+00	9.631977255728335e+00
3.450000000000000e+00	9.673507500502595e+00
3.450000000000000e+00	9.544689622305185e+00
3.450000000000000e+00	9.615339433820866e+00
3.450000000000000e+00	9.607877539306035e+00
3.450000000000000e+00	9.484011819005490e+00
3.450000000000000e+00	9.401831958640631e+00
3.450000000000000e+00	9.497283640473437e+00
3.450000000000000e+00	9.507161151431310e+00
3.450000000000000e+00	9.585162176867325e+00
3.450000000000000e+00	9.463893456503104e+00
3.450000000000000e+00	9.725662333101885e+00
3.450000000000000e+00	9.539278332719066e+00
3.450000000000000e+00	9.637572059276838e+00
3.450000000000000e+00	9.703700242351921e+00
3.450000000000000e+00	9.584773904961123e+00
3.450000000000000e+00	9.575636114335126e+00
3.450000000000000e+00	9.595701712498423e+00
3.450000000000000e+00	9.672925167109849e+00
3.450000000000000e+00	9.552403327584837e+00
3.450000000000000e+00	9.650142814581354e+00
3.450000000000000e+00	9.707285208896403e+00
3.450000000000000e+00	9.518694022835350e+00
3.450000000000000e+00	9.826760271836068e+00
3.450000000000000e+00	9.663246347773111e+00
3.450000000000000e+00	9.688304801484920e+00
3.450000000000000e+00	9.725676046805749e+00
3.450000000000000e+00	9.613774681925197e+00
3.450000000000000e+00	9.567586079149052e+00
3.450000000000000e+00	9.861644446612969e+00
3.450000000000000e+00	9.702309084818454e+00
3.450000000000000e+00	9.850909712218229e+00
3.450000000000000e+00	9.628907012404543e+00
3.450000000000000e+00	9.608434072772621e+00
3.450000000000000e+00	9.631418332178495e+00
3.450000000000000e+00	9.512510076633102e+00
3.450000000000000e+00	9.550981102010855e+00
3.450000000000000e+00	9.398625534754084e+00
3.450000000000000e+00	9.543293559931858e+00
3.450000000000000e+00	9.641721908965938e+00
3.450000000000000e+00	9.616120362763368e+00
3.450000000000000e+00	9.670784248087632e+00
3.450000000000000e+00	9.666305103536416e+00
3.450000000000000e+00	9.652716125233731e+00
3.450000000000000e+00	9.578824425310478e+00
3.450000000000000e+00	9.651013842016919e+00
3.450000000000000e+00	9.606913877299442e+00
3.450000000000000e+00	9.583047548778941e+00
3.450000000000000e+00	9.892135134686379e+00
3.450000000000000e+00	9.450156452034811e+00
3.450000000000000e+00	9.637864243948451e+00
3.450000000000000e+00	9.732263258515193e+00
3.450000000000000e+00	9.679030054696264e+00
3.450000000000000e+00	9.625534240450870e+00
3.450000000000000e+00	9.691327278365952e+00
3.450000000000000e+00	9.549402264209339e+00
3.450000000000000e+00	9.664296981845688e+00
3.450000000000000e+00	9.686065634980947e+00
3.450000000000000e+00	9.593322606374119e+00
3.450000000000000e+00	9.597798647081415e+00
3.450000000000000e+00	9.723074779393702e+00
3.450000000000000e+00	9.746841984100044e+00
3.450000000000000e+00	9.613497930525110e+00
3.450000000000000e+00	9.629237358186408e+00
3.450000000000000e+00	9.564883466560104e+00
3.450000000000000e+00	9.385758507129811e+00
3.450000000000000e+00	9.592256330068681e+00
3.450000000000000e+00	9.769436086404300e+00
3.450000000000000e+00	9.840391232154483e+00
3.450000000000000e+00	9.752012456101991e+00
3.450000000000000e+00	9.459939782101770e+00
3.450000000000000e+00	9.626041053550381e+00
3.450000000000000e+00	9.563451012339161e+00
3.450000000000000e+00	9.546728449728739e+00
3.450000000000000e+00	9.550982616382727e+00
3.450000000000000e+00	9.747126645682604e+00
3.450000000000000e+00	9.825538169764716e+00
3.450000000000000e+00	9.435936850704078e+00
3.450000000000000e+00	9.525328393518679e+00
3.450000000000000e+00	9.611042934364438e+00
3.450000000000000e+00	9.748360102195857e+00
3.450000000000000e+00	9.615908086338182e+00
3.450000000000000e+00	9.416113279037527e+00
3.450000000000000e+00	9.493574522627716e+00
3.450000000000000e+00	9.606258749854934e+00
3.450000000000000e+00	9.582194396559682e+00
3.450000000000000e+00	9.643965832891435e+00
3.450000000000000e+00	9.571915822631336e+00
3.450000000000000e+00	9.802036512384470e+00
3.450000000000000e+00	9.605822549139063e+00
3.450000000000000e+00	9.584751751780011e+00
3.450000000000000e+00	9.848835343409629e+00
3.450000000000000e+00	9.711986035139876e+00
3.450000000000000e+00	9.647199233740842e+00
3.450000000000000e+00	9.511891912661135e+00
3.450000000000000e+00	9.520661405869660e+00
3.450000000000000e+00	9.655053864477406e+00
3.450000000000000e+00	9.709823170378399e+00
3.450000000000000e+00	9.674125742316402e+00
3.450000000000000e+00	9.643558877724329e+00
3.450000000000000e+00	9.588877837864892e+00
3.450000000000000e+00	9.648877226827850e+00
3.450000000000000e+00	9.439107569737171e+00
3.450000000000000e+00	9.347694753132695e+00
3.450000000000000e+00	9.713261995637538e+00
3.450000000000000e+00	9.562294280419311e+00
3.450000000000000e+00	9.729408417191941e+00
3.450000000000000e+00	9.596127200093949e+00
3.450000000000000e+00	9.576268857288959e+00
3.450000000000000e+00	9.539148454144723e+00
3.450000000000000e+00	9.592258819109830e+00
3.450000000000000e+00	9.704145658160769e+00
3.450000000000000e+00	9.623036848670345e+00
3.450000000000000e+00	9.701388654761093e+00
3.450000000000000e+00	9.507228644582863e+00
3.450000000000000e+00	9.512352512021859e+00
