3.950000000000000e+00	8.405158004597311e-01
3.950000000000000e+00	8.613310566090066e-01
3.950000000000000e+00	8.035700503303439e-01
3.950000000000000e+00	8.669062264071354e-01
3.950000000000000e+00	8.298005276763746e-01
3.950000000000000e+00	8.082935871645275e-01
3.950000000000000e+00	8.214092125201957e-01
3.950000000000000e+00	8.826336135657177e-01
3.950000000000000e+00	8.760655535518866e-01
3.950000000000000e+00	8.636574637863524e-01
3.950000000000000e+00	8.397093421087429e-01
3.950000000000000e+00	8.683540142729200e-01
3.950000000000000e+00	8.686489800748107e-01
3.950000000000000e+00	8.415180279945348e-01
3.950000000000000e+00	8.254648997300831e-01
3.950000000000000e+00	8.533784688944887e-01
3.950000000000000e+00	8.420650334500578e-01
3.950000000000000e+00	8.432082308785877e-01
3.950000000000000e+00	8.429814020939478e-01
3.950000000000000e+00	7.929903889808969e-01
3.950000000000000e+00	8.462424222446707e-01
3.950000000000000e+00	8.080415280347227e-01
3.950000000000000e+00	8.170406627573397e-01
3.950000000000000e+00	8.462461076660530e-01
3.950000000000000e+00	8.395108649947780e-01
3.950000000000000e+00	8.788339743401892e-01
3.950000000000000e+00	8.164200969062544e-01
3.950000000000000e+00	7.829877850199919e-01
3.950000000000000e+00	8.266589138386462e-01
3.950000000000000e+00	8.490660384306209e-01
3.950000000000000e+00	8.315296309277814e-01
3.950000000000000e+00	8.354157379413346e-01
3.950000000000000e+00	8.525166133886966e-01
3.950000000000000e+00	8.664871241887792e-01
3.950000000000000e+00	8.147227751918079e-01
3.950000000000000e+00	7.944777598284879e-01
3.950000000000000e+00	7.941553396172576e-01
3.950000000000000e+00	8.498169588511076e-01
3.950000000000000e+00	8.481366222700918e-01
3.950000000000000e+00	8.558424176493294e-01
3.950000000000000e+00	8.041445964606005e-01
3.950000000000000e+00	8.023562495286937e-01
3.950000000000000e+00	7.949703444185058e-01
3.950000000000000e+00	8.188065394556664e-01
3.950000000000000e+00	8.365963889756793e-01
3.950000000000000e+00	8.387148478875630e-01
3.950000000000000e+00	7.973263689824578e-01
3.950000000000000e+00	8.267688890473275e-01
3.950000000000000e+00	8.569527919472343e-01
3.950000000000000e+00	8.475789165588518e-01
3.950000000000000e+00	8.267582056403123e-01
3.950000000000000e+00	8.376953934155243e-01
3.950000000000000e+00	8.677135783288851e-01
3.950000000000000e+00	8.272909436008522e-01
3.950000000000000e+00	8.302825464106902e-01
3.950000000000000e+00	8.547557247108962e-01
3.950000000000000e+00	8.131472486311778e-01
3.950000000000000e+00	8.127424459482286e-01
3.950000000000000e+00	8.716097205506522e-01
3.950000000000000e+00	8.957974768492268e-01
3.950000000000000e+00	8.303547043809892e-01
3.950000000000000e+00	8.504695440963576e-01
3.950000000000000e+00	8.001163407896157e-01
3.950000000000000e+00	8.003372346696079e-01
3.950000000000000e+00	7.972003180696363e-01
3.950000000000000e+00	8.379244830082885e-01
3.950000000000000e+00	8.241778932452121e-01
3.950000000000000e+00	8.958316079931352e-01
3.950000000000000e+00	8.316427524353271e-01
3.950000000000000e+00	8.118412380249983e-01
3.950000000000000e+00	8.486237185252569e-01
3.950000000000000e+00	8.334430731740541e-01
3.950000000000000e+00	7.971696653327391e-01
3.950000000000000e+00	8.332904680775325e-01
3.950000000000000e+00	8.497566972818047e-01
3.950000000000000e+00	8.404757359840036e-01
3.950000000000000e+00	8.637019455919325e-01
3.950000000000000e+00	8.526984945091155e-01
3.950000000000000e+00	8.444950057876451e-01
3.950000000000000e+00	8.558504689484102e-01
3.950000000000000e+00	8.063187822457865e-01
3.950000000000000e+00	8.562709078354717e-01
3.950000000000000e+00	7.781112512815833e-01
3.950000000000000e+00	7.950262261011702e-01
3.950000000000000e+00	8.462432629375231e-01
3.950000000000000e+00	8.447515278171763e-01
3.950000000000000e+00	8.297005525850514e-01
3.950000000000000e+00	8.779350345718844e-01
3.950000000000000e+00	7.955461413080031e-01
3.950000000000000e+00	8.512570963653703e-01
3.950000000000000e+00	8.707472260490519e-01
3.950000000000000e+00	8.296892766390704e-01
3.950000000000000e+00	8.268542892746623e-01
3.950000000000000e+00	8.082627676009707e-01
3.950000000000000e+00	8.361315327118701e-01
3.950000000000000e+00	8.239407483197800e-01
3.950000000000000e+00	8.413349394380706e-01
3.950000000000000e+00	8.593183474369773e-01
3.950000000000000e+00	8.312365104239497e-01
3.950000000000000e+00	8.478124372849261e-01
3.950000000000000e+00	7.979156400689487e-01
3.950000000000000e+00	8.276750360820653e-01
3.950000000000000e+00	8.468190970066480e-01
3.950000000000000e+00	8.403891488962242e-01
3.950000000000000e+00	8.077128673865530e-01
3.950000000000000e+00	7.959702561168774e-01
3.950000000000000e+00	8.235931472157505e-01
3.950000000000000e+00	8.318231684876561e-01
3.950000000000000e+00	7.880344839172281e-01
3.950000000000000e+00	8.307055077932776e-01
3.950000000000000e+00	8.299847665556982e-01
3.950000000000000e+00	8.678824967505120e-01
3.950000000000000e+00	8.386271493284436e-01
3.950000000000000e+00	8.374014501909345e-01
3.950000000000000e+00	7.993825152948125e-01
3.950000000000000e+00	8.303910129829211e-01
3.950000000000000e+00	8.297600309412599e-01
3.950000000000000e+00	8.063698998819214e-01
3.950000000000000e+00	7.974685162752732e-01
3.950000000000000e+00	8.103203463187263e-01
3.950000000000000e+00	8.041192563159008e-01
3.950000000000000e+00	7.946192475808922e-01
3.950000000000000e+00	7.785691938239440e-01
3.950000000000000e+00	8.344562503339722e-01
3.950000000000000e+00	8.262924985523523e-01
3.950000000000000e+00	8.707053373469913e-01
3.950000000000000e+00	8.598422141934838e-01
3.950000000000000e+00	8.438838738027448e-01
3.950000000000000e+00	8.150791971648218e-01
3.950000000000000e+00	8.047726393667675e-01
3.950000000000000e+00	8.546057775562815e-01
3.950000000000000e+00	7.872434885847390e-01
3.950000000000000e+00	8.560918514986373e-01
3.950000000000000e+00	8.274759138384215e-01
3.950000000000000e+00	8.452756773710861e-01
3.950000000000000e+00	8.386869272199976e-01
3.950000000000000e+00	8.117171352653511e-01
3.950000000000000e+00	8.688838195765882e-01
3.950000000000000e+00	8.492139926857908e-01
3.950000000000000e+00	8.019710047639776e-01
3.950000000000000e+00	8.233336672607954e-01
3.950000000000000e+00	8.139935100236808e-01
3.950000000000000e+00	7.922173593365586e-01
3.950000000000000e+00	8.485059094821221e-01
3.950000000000000e+00	7.930667877238213e-01
3.950000000000000e+00	8.055865730005560e-01
3.950000000000000e+00	8.163899912510915e-01
3.950000000000000e+00	8.287638407947771e-01
3.950000000000000e+00	7.910686718244034e-01
3.950000000000000e+00	8.220255744663690e-01
3.950000000000000e+00	7.976513556056405e-01
3.950000000000000e+00	8.434032306104522e-01
3.950000000000000e+00	8.101924699689775e-01
3.950000000000000e+00	8.058385863934847e-01
3.950000000000000e+00	7.949589840981376e-01
3.950000000000000e+00	8.153256488533703e-01
3.950000000000000e+00	7.926903943433238e-01
3.950000000000000e+00	8.141927376584721e-01
3.950000000000000e+00	8.150756228616324e-01
3.950000000000000e+00	8.367866583969407e-01
3.950000000000000e+00	8.390700267048250e-01
3.950000000000000e+00	8.152247707325154e-01
3.950000000000000e+00	8.379232780582860e-01
3.950000000000000e+00	8.342200716690432e-01
3.950000000000000e+00	8.128166528594063e-01
3.950000000000000e+00	8.041740723418906e-01
3.950000000000000e+00	8.328346065054937e-01
3.950000000000000e+00	8.190564139541410e-01
3.950000000000000e+00	8.331231618308086e-01
3.950000000000000e+00	7.958325282747375e-01
3.950000000000000e+00	8.501071408863446e-01
3.950000000000000e+00	8.630038497165928e-01
3.950000000000000e+00	8.344021700177404e-01
3.950000000000000e+00	8.540391316954424e-01
3.950000000000000e+00	8.568985486475799e-01
3.950000000000000e+00	8.396786750890973e-01
3.950000000000000e+00	8.325492683838669e-01
3.950000000000000e+00	8.465849002534471e-01
3.950000000000000e+00	8.109635086139609e-01
3.950000000000000e+00	8.223673344851132e-01
3.950000000000000e+00	8.257001185939389e-01
3.950000000000000e+00	8.344963099414376e-01
3.950000000000000e+00	7.978602965575894e-01
3.950000000000000e+00	7.879498871147643e-01
3.950000000000000e+00	8.548563311484827e-01
3.950000000000000e+00	8.290667195644968e-01
3.950000000000000e+00	8.019924216791443e-01
3.950000000000000e+00	8.678750740290805e-01
3.950000000000000e+00	8.446763290940081e-01
3.950000000000000e+00	8.496157587908955e-01
3.950000000000000e+00	8.277245804512564e-01
3.950000000000000e+00	8.411621568982506e-01
3.950000000000000e+00	8.622934995596607e-01
3.950000000000000e+00	8.237706492931325e-01
3.950000000000000e+00	8.151600933250533e-01
3.950000000000000e+00	8.543334263358791e-01
3.950000000000000e+00	8.409244113443740e-01
3.950000000000000e+00	8.558159030702447e-01
3.950000000000000e+00	8.521438438987778e-01
3.950000000000000e+00	8.675098094888858e-01
3.950000000000000e+00	8.229204061571604e-01
3.950000000000000e+00	8.186236080264240e-01
3.950000000000000e+00	8.373182946771530e-01
3.950000000000000e+00	8.168421457385417e-01
3.950000000000000e+00	8.926793830795186e-01
3.950000000000000e+00	7.866145406717707e-01
3.950000000000000e+00	8.713650145333500e-01
3.950000000000000e+00	8.136709130750861e-01
3.950000000000000e+00	8.480456923454107e-01
3.950000000000000e+00	8.682380963604890e-01
3.950000000000000e+00	8.382129471468037e-01
3.950000000000000e+00	8.205091113536889e-01
3.950000000000000e+00	8.316825340916212e-01
3.950000000000000e+00	8.510587808839646e-01
3.950000000000000e+00	8.412947405353949e-01
3.950000000000000e+00	8.268183144616660e-01
3.950000000000000e+00	8.817357459961054e-01
3.950000000000000e+00	8.536792550396074e-01
3.950000000000000e+00	8.180525818556935e-01
3.950000000000000e+00	8.307401424343286e-01
3.950000000000000e+00	8.125836375471276e-01
3.950000000000000e+00	7.626833581041981e-01
3.950000000000000e+00	8.213249830011140e-01
3.950000000000000e+00	8.132137525512912e-01
3.950000000000000e+00	8.028064777850111e-01
3.950000000000000e+00	8.302220808616366e-01
3.950000000000000e+00	8.153209362311983e-01
3.950000000000000e+00	8.260750473099174e-01
3.950000000000000e+00	7.948220023649745e-01
3.950000000000000e+00	7.741393535025946e-01
3.950000000000000e+00	7.888821032178082e-01
3.950000000000000e+00	8.277703964333836e-01
3.950000000000000e+00	8.262871948327216e-01
3.950000000000000e+00	8.533736796991499e-01
3.950000000000000e+00	8.366656405945209e-01
3.950000000000000e+00	8.122497157705096e-01
3.950000000000000e+00	7.917476264194954e-01
3.950000000000000e+00	7.632019480906708e-01
3.950000000000000e+00	8.032702251885762e-01
3.950000000000000e+00	8.335016089299695e-01
3.950000000000000e+00	8.321766314221714e-01
3.950000000000000e+00	8.463708973806580e-01
3.950000000000000e+00	8.446436139264057e-01
3.950000000000000e+00	8.378790801707156e-01
3.950000000000000e+00	8.573640559308650e-01
3.950000000000000e+00	8.424080933978070e-01
3.950000000000000e+00	8.281801867316796e-01
3.950000000000000e+00	8.371417846019635e-01
3.950000000000000e+00	8.356714082613179e-01
3.950000000000000e+00	8.477348123623561e-01
3.950000000000000e+00	8.464968514216257e-01
3.950000000000000e+00	8.284444402163315e-01
3.950000000000000e+00	8.393260683053029e-01
3.950000000000000e+00	8.467874022558897e-01
3.950000000000000e+00	7.998279836503500e-01
3.950000000000000e+00	8.602809805609789e-01
3.950000000000000e+00	8.018870939767853e-01
3.950000000000000e+00	8.018872687062255e-01
3.950000000000000e+00	8.298685560932993e-01
3.950000000000000e+00	8.260667873793701e-01
3.950000000000000e+00	8.173071426322507e-01
3.950000000000000e+00	7.820830481274790e-01
3.950000000000000e+00	7.831751330521237e-01
3.950000000000000e+00	8.273178967775182e-01
3.950000000000000e+00	8.227708254286492e-01
3.950000000000000e+00	8.575380808506975e-01
3.950000000000000e+00	8.342350797334338e-01
3.950000000000000e+00	8.371109534691439e-01
3.950000000000000e+00	8.784520282691819e-01
3.950000000000000e+00	8.529713877456504e-01
3.950000000000000e+00	8.347678548839602e-01
3.950000000000000e+00	8.223372610339765e-01
3.950000000000000e+00	8.075118657117073e-01
3.950000000000000e+00	8.114517838109573e-01
3.950000000000000e+00	8.348645973607774e-01
3.950000000000000e+00	8.211901150669165e-01
3.950000000000000e+00	8.617264476666696e-01
3.950000000000000e+00	8.565678905518349e-01
3.950000000000000e+00	7.871374844179825e-01
3.950000000000000e+00	8.225390739629448e-01
3.950000000000000e+00	8.008799868758490e-01
3.950000000000000e+00	8.370671451992510e-01
3.950000000000000e+00	8.473920918282528e-01
3.950000000000000e+00	7.999386776294536e-01
3.950000000000000e+00	8.203183874481744e-01
3.950000000000000e+00	8.548863268607774e-01
3.950000000000000e+00	8.279411122357797e-01
3.950000000000000e+00	8.446925818354106e-01
3.950000000000000e+00	8.104054020957311e-01
3.950000000000000e+00	8.533399728432767e-01
3.950000000000000e+00	8.386820182138347e-01
3.950000000000000e+00	7.950530951244343e-01
3.950000000000000e+00	8.382287429611437e-01
3.950000000000000e+00	8.597191141969382e-01
3.950000000000000e+00	8.195358327628935e-01
3.950000000000000e+00	8.376268568884007e-01
3.950000000000000e+00	8.412353622913936e-01
3.950000000000000e+00	8.886103946731833e-01
3.950000000000000e+00	8.454788981201918e-01
3.950000000000000e+00	8.529093243041199e-01
3.950000000000000e+00	7.938147977493024e-01
3.950000000000000e+00	8.698466398590984e-01
3.950000000000000e+00	8.222863446914369e-01
3.950000000000000e+00	8.438339285564641e-01
3.950000000000000e+00	8.226578641710833e-01
3.950000000000000e+00	8.408607820236107e-01
3.950000000000000e+00	8.201012100904782e-01
3.950000000000000e+00	8.159352360099971e-01
3.950000000000000e+00	8.130404349901624e-01
3.950000000000000e+00	8.098615692354553e-01
3.950000000000000e+00	8.444624366781617e-01
3.950000000000000e+00	8.103356667330714e-01
3.950000000000000e+00	8.302502764904361e-01
3.950000000000000e+00	8.220835474101015e-01
3.950000000000000e+00	8.055473728422498e-01
3.950000000000000e+00	7.695930148596184e-01
3.950000000000000e+00	7.986299953178225e-01
3.950000000000000e+00	8.731113534909973e-01
3.950000000000000e+00	7.963889729416715e-01
3.950000000000000e+00	8.311267787704121e-01
3.950000000000000e+00	8.077175646769025e-01
3.950000000000000e+00	8.431107890679980e-01
3.950000000000000e+00	8.438280519192159e-01
3.950000000000000e+00	8.134938328741651e-01
3.950000000000000e+00	8.242537191023501e-01
3.950000000000000e+00	8.001517731997542e-01
3.950000000000000e+00	7.914532170852938e-01
3.950000000000000e+00	7.953892515215937e-01
3.950000000000000e+00	7.926383407561953e-01
3.950000000000000e+00	8.185344887382279e-01
3.950000000000000e+00	8.390244219230771e-01
3.950000000000000e+00	7.820596940928375e-01
3.950000000000000e+00	8.676069689349293e-01
3.950000000000000e+00	8.596936034756339e-01
3.950000000000000e+00	8.221783880757290e-01
3.950000000000000e+00	8.535997261495795e-01
3.950000000000000e+00	8.245776242972932e-01
3.950000000000000e+00	8.301306375241484e-01
3.950000000000000e+00	8.526463476699616e-01
3.950000000000000e+00	8.361682164187837e-01
3.950000000000000e+00	8.520518139610824e-01
3.950000000000000e+00	8.427141750087798e-01
3.950000000000000e+00	7.992268460169641e-01
3.950000000000000e+00	8.183071716198106e-01
3.950000000000000e+00	7.828815407335745e-01
3.950000000000000e+00	8.074765305303043e-01
3.950000000000000e+00	9.025449811074254e-01
3.950000000000000e+00	8.397353807192283e-01
3.950000000000000e+00	8.267030055659258e-01
3.950000000000000e+00	8.947335167276768e-01
3.950000000000000e+00	8.510700885326660e-01
3.950000000000000e+00	8.283094429986184e-01
3.950000000000000e+00	8.249780960603803e-01
3.950000000000000e+00	8.463011064292120e-01
3.950000000000000e+00	7.990587740568631e-01
3.950000000000000e+00	8.182295201932113e-01
3.950000000000000e+00	8.330234040120420e-01
3.950000000000000e+00	8.357437621345755e-01
3.950000000000000e+00	7.765766078889885e-01
3.950000000000000e+00	8.229326531128331e-01
3.950000000000000e+00	8.560116307309703e-01
3.950000000000000e+00	8.251428422083179e-01
3.950000000000000e+00	8.228272210446742e-01
3.950000000000000e+00	8.291570163760502e-01
3.950000000000000e+00	7.883278580560497e-01
3.950000000000000e+00	8.349593126486504e-01
3.950000000000000e+00	8.407966352919943e-01
3.950000000000000e+00	8.667348908633890e-01
3.950000000000000e+00	8.144125760030347e-01
3.950000000000000e+00	8.139271367384796e-01
3.950000000000000e+00	8.500215460174679e-01
3.950000000000000e+00	8.143821712615266e-01
3.950000000000000e+00	8.690660254761173e-01
3.950000000000000e+00	8.382709613248494e-01
3.950000000000000e+00	8.549971259205411e-01
3.950000000000000e+00	8.228374049526129e-01
3.950000000000000e+00	8.268317067590349e-01
3.950000000000000e+00	8.200827096496665e-01
3.950000000000000e+00	9.039359817558208e-01
3.950000000000000e+00	8.411878988152568e-01
3.950000000000000e+00	8.082073367785220e-01
3.950000000000000e+00	8.150781467011959e-01
3.950000000000000e+00	8.216558857821972e-01
3.950000000000000e+00	8.497773201394105e-01
3.950000000000000e+00	8.260382781538947e-01
3.950000000000000e+00	8.367606796253456e-01
3.950000000000000e+00	8.196608936818283e-01
3.950000000000000e+00	8.523158450264862e-01
3.950000000000000e+00	8.279546614531721e-01
3.950000000000000e+00	8.845185017464829e-01
3.950000000000000e+00	8.596772749919295e-01
3.950000000000000e+00	8.428910514185467e-01
3.950000000000000e+00	8.313360920030497e-01
3.950000000000000e+00	8.548774688193280e-01
3.950000000000000e+00	8.353888080823858e-01
3.950000000000000e+00	7.899463746942028e-01
3.950000000000000e+00	7.764564483920465e-01
3.950000000000000e+00	8.407949405602185e-01
3.950000000000000e+00	8.350035922612908e-01
3.950000000000000e+00	8.386260564105629e-01
3.950000000000000e+00	8.642037947420653e-01
3.950000000000000e+00	8.483051185805434e-01
3.950000000000000e+00	8.110971876851316e-01
3.950000000000000e+00	7.935412430208919e-01
3.950000000000000e+00	8.195766200760464e-01
3.950000000000000e+00	8.606598822049333e-01
3.950000000000000e+00	8.882946697061828e-01
3.950000000000000e+00	8.193673212688043e-01
3.950000000000000e+00	8.570342364650675e-01
3.950000000000000e+00	8.308750137040344e-01
3.950000000000000e+00	8.578650180648306e-01
3.950000000000000e+00	8.144360111151100e-01
3.950000000000000e+00	8.125479080528371e-01
3.950000000000000e+00	8.681938453780874e-01
3.950000000000000e+00	8.539255407320049e-01
3.950000000000000e+00	8.731102215456006e-01
3.950000000000000e+00	8.334401090259395e-01
3.950000000000000e+00	8.311348015391103e-01
3.950000000000000e+00	7.440608434991962e-01
3.950000000000000e+00	8.100249513521253e-01
3.950000000000000e+00	8.331898428855720e-01
3.950000000000000e+00	8.215670608616094e-01
3.950000000000000e+00	8.411436846535987e-01
3.950000000000000e+00	8.237297176749386e-01
3.950000000000000e+00	8.238574305148370e-01
3.950000000000000e+00	7.963678953470003e-01
3.950000000000000e+00	8.390073534235054e-01
3.950000000000000e+00	8.328524590584268e-01
3.950000000000000e+00	8.183419889710671e-01
3.950000000000000e+00	8.644102668925832e-01
3.950000000000000e+00	7.942557490099843e-01
3.950000000000000e+00	7.976275836265666e-01
3.950000000000000e+00	8.247736575672719e-01
3.950000000000000e+00	8.213518155688824e-01
3.950000000000000e+00	8.429898700951992e-01
3.950000000000000e+00	8.051559640730761e-01
3.950000000000000e+00	8.366890578747571e-01
3.950000000000000e+00	8.524259283627842e-01
3.950000000000000e+00	8.289564246916282e-01
3.950000000000000e+00	8.283458395853096e-01
3.950000000000000e+00	8.432091483639833e-01
3.950000000000000e+00	8.191691255194469e-01
3.950000000000000e+00	8.159507323939903e-01
3.950000000000000e+00	8.064588619836021e-01
3.950000000000000e+00	8.113498789513681e-01
3.950000000000000e+00	8.471544917547411e-01
3.950000000000000e+00	8.378676597628764e-01
3.950000000000000e+00	8.454858014258080e-01
3.950000000000000e+00	8.140259307177854e-01
3.950000000000000e+00	8.099681074821909e-01
3.950000000000000e+00	8.285217752096647e-01
3.950000000000000e+00	8.616983754767905e-01
3.950000000000000e+00	8.211821835010044e-01
3.950000000000000e+00	8.382243793158759e-01
3.950000000000000e+00	8.573866378542501e-01
3.950000000000000e+00	8.292116296272599e-01
3.950000000000000e+00	8.443959821608213e-01
3.950000000000000e+00	8.357894895875787e-01
3.950000000000000e+00	8.190009876014094e-01
3.950000000000000e+00	8.202622883755496e-01
3.950000000000000e+00	8.031192220562414e-01
3.950000000000000e+00	8.217591301752053e-01
3.950000000000000e+00	8.477465807752719e-01
3.950000000000000e+00	7.926416343444007e-01
3.950000000000000e+00	8.339036602968003e-01
3.950000000000000e+00	8.338082380443450e-01
3.950000000000000e+00	8.506372148005457e-01
3.950000000000000e+00	7.728421761987837e-01
3.950000000000000e+00	8.090896506666909e-01
3.950000000000000e+00	7.873437990973923e-01
3.950000000000000e+00	8.478423743654020e-01
3.950000000000000e+00	8.432441498852197e-01
3.950000000000000e+00	8.273053066645908e-01
3.950000000000000e+00	8.039661244247009e-01
3.950000000000000e+00	8.104942721787701e-01
3.950000000000000e+00	7.952734453989735e-01
3.950000000000000e+00	8.142586141076763e-01
3.950000000000000e+00	8.163712570090361e-01
3.950000000000000e+00	7.947241786535223e-01
3.950000000000000e+00	8.280984790032633e-01
3.950000000000000e+00	8.414882705209791e-01
3.950000000000000e+00	8.124543819176447e-01
3.950000000000000e+00	8.107027163640200e-01
3.950000000000000e+00	7.978262258084526e-01
3.950000000000000e+00	8.555171986203820e-01
3.950000000000000e+00	8.363780509073935e-01
3.950000000000000e+00	8.077991434970951e-01
3.950000000000000e+00	8.446657800162376e-01
3.950000000000000e+00	8.303317103417387e-01
3.950000000000000e+00	8.235626327907745e-01
3.950000000000000e+00	8.212626304181861e-01
3.950000000000000e+00	8.362331467445017e-01
3.950000000000000e+00	8.548013700276099e-01
3.950000000000000e+00	8.430004312397790e-01
3.950000000000000e+00	8.178845128266600e-01
3.950000000000000e+00	8.032568249638928e-01
3.950000000000000e+00	8.775678282675268e-01
3.950000000000000e+00	8.194172332577669e-01
3.950000000000000e+00	8.550524481072589e-01
3.950000000000000e+00	8.374807498553782e-01
3.950000000000000e+00	8.474205687105452e-01
3.950000000000000e+00	8.399721581117767e-01
3.950000000000000e+00	8.388532458760284e-01
3.950000000000000e+00	8.185107879280423e-01
3.950000000000000e+00	8.455234204762430e-01
3.950000000000000e+00	8.227421322548171e-01
3.950000000000000e+00	8.115628607169355e-01
3.950000000000000e+00	8.298271957949661e-01
3.950000000000000e+00	8.291344939679359e-01
3.950000000000000e+00	7.865559424021166e-01
3.950000000000000e+00	8.537880322590229e-01
3.950000000000000e+00	8.513109202807427e-01
3.950000000000000e+00	8.316796320758252e-01
3.950000000000000e+00	8.386553456016412e-01
3.950000000000000e+00	8.627212204215629e-01
3.950000000000000e+00	8.818152992742261e-01
3.950000000000000e+00	8.142241254721864e-01
3.950000000000000e+00	8.134363294380428e-01
3.950000000000000e+00	8.207514984370523e-01
3.950000000000000e+00	8.150802498024763e-01
3.950000000000000e+00	8.055161949023870e-01
3.950000000000000e+00	8.251800904913901e-01
3.950000000000000e+00	8.083655748429553e-01
3.950000000000000e+00	8.239445469230229e-01
3.950000000000000e+00	8.490391005939123e-01
3.950000000000000e+00	8.265563749300394e-01
3.950000000000000e+00	8.234479514270330e-01
3.950000000000000e+00	8.731146659286929e-01
3.950000000000000e+00	7.795423682653473e-01
3.950000000000000e+00	8.175305020372842e-01
3.950000000000000e+00	8.549355330991601e-01
3.950000000000000e+00	8.827421486914689e-01
3.950000000000000e+00	8.178414162388467e-01
3.950000000000000e+00	8.728726344807055e-01
3.950000000000000e+00	8.339172698535158e-01
3.950000000000000e+00	8.351641966904571e-01
3.950000000000000e+00	8.511119578128716e-01
3.950000000000000e+00	8.482345483544655e-01
3.950000000000000e+00	8.080157576871487e-01
3.950000000000000e+00	8.215866134291503e-01
3.950000000000000e+00	8.738591222006828e-01
3.950000000000000e+00	8.335424844252740e-01
3.950000000000000e+00	8.258919404138790e-01
3.950000000000000e+00	8.450634583821488e-01
3.950000000000000e+00	8.784929880460848e-01
3.950000000000000e+00	8.779039114525627e-01
3.950000000000000e+00	8.550538862887046e-01
3.950000000000000e+00	8.130716119115869e-01
3.950000000000000e+00	8.936434181472693e-01
3.950000000000000e+00	8.400330505186154e-01
3.950000000000000e+00	8.117764623126568e-01
3.950000000000000e+00	7.961402966656779e-01
3.950000000000000e+00	7.888243867294574e-01
3.950000000000000e+00	7.877039031298381e-01
3.950000000000000e+00	8.554971955196718e-01
3.950000000000000e+00	8.033947924000094e-01
3.950000000000000e+00	8.152912022580556e-01
3.950000000000000e+00	8.296024988841678e-01
3.950000000000000e+00	8.160102822209917e-01
3.950000000000000e+00	8.306048650296100e-01
3.950000000000000e+00	7.881598281641092e-01
3.950000000000000e+00	8.148225594283286e-01
3.950000000000000e+00	8.133983821256598e-01
3.950000000000000e+00	8.149129170893477e-01
3.950000000000000e+00	7.994399744455964e-01
3.950000000000000e+00	8.355405172493138e-01
3.950000000000000e+00	8.280424476215463e-01
3.950000000000000e+00	8.479311542904866e-01
3.950000000000000e+00	7.980959708444284e-01
3.950000000000000e+00	8.580400039754207e-01
3.950000000000000e+00	8.276247139543341e-01
3.950000000000000e+00	8.359161858537569e-01
3.950000000000000e+00	8.129283049568143e-01
3.950000000000000e+00	8.072955702603704e-01
3.950000000000000e+00	8.211659297612833e-01
3.950000000000000e+00	8.779243997880288e-01
3.950000000000000e+00	8.392305583108061e-01
3.950000000000000e+00	8.343289253766734e-01
3.950000000000000e+00	7.969845992901509e-01
3.950000000000000e+00	7.778284903837354e-01
3.950000000000000e+00	8.380230061055621e-01
3.950000000000000e+00	8.326649023317982e-01
3.950000000000000e+00	8.474287327011299e-01
3.950000000000000e+00	7.920484419091081e-01
3.950000000000000e+00	7.974097619431786e-01
3.950000000000000e+00	8.345827173257524e-01
3.950000000000000e+00	8.369976105566853e-01
3.950000000000000e+00	8.359418514224191e-01
3.950000000000000e+00	8.403073564152894e-01
3.950000000000000e+00	8.015784980341196e-01
3.950000000000000e+00	8.108754576877847e-01
3.950000000000000e+00	8.019567955140590e-01
3.950000000000000e+00	7.961526490957158e-01
3.950000000000000e+00	7.895302345683488e-01
3.950000000000000e+00	8.249667171524603e-01
3.950000000000000e+00	7.869374280686240e-01
3.950000000000000e+00	8.049930241633618e-01
3.950000000000000e+00	8.038474358633124e-01
3.950000000000000e+00	8.006437655209877e-01
3.950000000000000e+00	7.926208674304809e-01
3.950000000000000e+00	7.865382378555700e-01
3.950000000000000e+00	8.378571156252230e-01
3.950000000000000e+00	8.559358129408949e-01
3.950000000000000e+00	8.421066250545972e-01
3.950000000000000e+00	8.389677583562293e-01
3.950000000000000e+00	8.464924513228507e-01
3.950000000000000e+00	8.549802360720857e-01
3.950000000000000e+00	8.404606465682701e-01
3.950000000000000e+00	8.321277633433423e-01
3.950000000000000e+00	8.311573378206103e-01
3.950000000000000e+00	8.404883642522667e-01
3.950000000000000e+00	8.686204479300018e-01
3.950000000000000e+00	8.506288856200499e-01
3.950000000000000e+00	8.168462833594422e-01
3.950000000000000e+00	8.808095861304065e-01
3.950000000000000e+00	8.445217668576303e-01
3.950000000000000e+00	8.371779524108863e-01
3.950000000000000e+00	7.934775679090637e-01
3.950000000000000e+00	8.033147496931493e-01
3.950000000000000e+00	8.178975396545491e-01
3.950000000000000e+00	8.232468743039717e-01
3.950000000000000e+00	8.322461547910467e-01
3.950000000000000e+00	8.895310219715787e-01
3.950000000000000e+00	8.233649210432232e-01
3.950000000000000e+00	8.262554635109001e-01
3.950000000000000e+00	7.825465138835030e-01
3.950000000000000e+00	8.148986008645974e-01
3.950000000000000e+00	8.293058521390223e-01
3.950000000000000e+00	8.287352133160620e-01
3.950000000000000e+00	7.815103428095586e-01
3.950000000000000e+00	8.201538723890613e-01
3.950000000000000e+00	8.268951473390869e-01
3.950000000000000e+00	8.680811637433955e-01
3.950000000000000e+00	8.442279557547842e-01
3.950000000000000e+00	8.061890442460581e-01
3.950000000000000e+00	8.296779813607382e-01
3.950000000000000e+00	8.641734559570632e-01
3.950000000000000e+00	8.536488668431512e-01
3.950000000000000e+00	8.659211697335001e-01
3.950000000000000e+00	8.188620981521183e-01
3.950000000000000e+00	7.774949987857480e-01
3.950000000000000e+00	8.106726475436861e-01
3.950000000000000e+00	8.675057554766216e-01
3.950000000000000e+00	8.520702827328268e-01
3.950000000000000e+00	8.294273301259445e-01
3.950000000000000e+00	8.268483286058959e-01
3.950000000000000e+00	8.236593139261600e-01
3.950000000000000e+00	8.314485146035262e-01
3.950000000000000e+00	8.379026180567172e-01
3.950000000000000e+00	8.795362203169216e-01
3.950000000000000e+00	8.467853300976748e-01
3.950000000000000e+00	8.431384082658983e-01
3.950000000000000e+00	8.479979853392973e-01
3.950000000000000e+00	8.090317314015499e-01
3.950000000000000e+00	7.905372772646576e-01
3.950000000000000e+00	8.456904537611785e-01
3.950000000000000e+00	8.145837470752810e-01
3.950000000000000e+00	8.462606850170481e-01
3.950000000000000e+00	7.960623613580136e-01
3.950000000000000e+00	8.379795389885767e-01
3.950000000000000e+00	8.642943639313100e-01
3.950000000000000e+00	8.570691698418487e-01
3.950000000000000e+00	8.549386345858538e-01
3.950000000000000e+00	8.222325251136011e-01
3.950000000000000e+00	8.377525713134064e-01
3.950000000000000e+00	8.345252248879799e-01
3.950000000000000e+00	8.487603388372271e-01
3.950000000000000e+00	7.963886391558883e-01
3.950000000000000e+00	8.341371204258123e-01
3.950000000000000e+00	8.272273863667594e-01
3.950000000000000e+00	7.740451505506460e-01
3.950000000000000e+00	8.528687188334749e-01
3.950000000000000e+00	8.244206235278143e-01
3.950000000000000e+00	8.422052582122848e-01
3.950000000000000e+00	8.175685253547639e-01
3.950000000000000e+00	8.563188442016475e-01
3.950000000000000e+00	8.489366519313324e-01
3.950000000000000e+00	8.281939944097355e-01
3.950000000000000e+00	7.936378247047086e-01
3.950000000000000e+00	8.347468825455473e-01
3.950000000000000e+00	8.222776580221517e-01
3.950000000000000e+00	8.103876734417044e-01
3.950000000000000e+00	8.157927167615040e-01
3.950000000000000e+00	8.251117846402604e-01
3.950000000000000e+00	8.542438817796106e-01
3.950000000000000e+00	8.318026092261132e-01
3.950000000000000e+00	8.532372696551953e-01
3.950000000000000e+00	8.499919385874519e-01
3.950000000000000e+00	8.152169837506325e-01
3.950000000000000e+00	8.294915567859996e-01
3.950000000000000e+00	8.354813584180053e-01
3.950000000000000e+00	8.104999781766379e-01
3.950000000000000e+00	8.511275491793909e-01
3.950000000000000e+00	8.253115161970341e-01
3.950000000000000e+00	8.212524423665205e-01
3.950000000000000e+00	8.370020859512971e-01
3.950000000000000e+00	8.276433558684574e-01
3.950000000000000e+00	8.353561976217140e-01
3.950000000000000e+00	7.746931709412143e-01
3.950000000000000e+00	8.522087062990980e-01
3.950000000000000e+00	8.210149549355512e-01
3.950000000000000e+00	8.692613318955806e-01
3.950000000000000e+00	8.766613283057387e-01
3.950000000000000e+00	8.557340565298373e-01
3.950000000000000e+00	8.248645509582561e-01
3.950000000000000e+00	8.454470961207886e-01
3.950000000000000e+00	8.166666520764427e-01
3.950000000000000e+00	8.173270340157794e-01
3.950000000000000e+00	8.524004382846916e-01
3.950000000000000e+00	8.311137630531062e-01
3.950000000000000e+00	8.172647982524762e-01
3.950000000000000e+00	8.247073810366811e-01
3.950000000000000e+00	8.345640906234658e-01
3.950000000000000e+00	8.090813251032341e-01
3.950000000000000e+00	8.609106152672688e-01
3.950000000000000e+00	8.273218115485350e-01
3.950000000000000e+00	8.217109086866906e-01
3.950000000000000e+00	8.660238845023379e-01
3.950000000000000e+00	8.048934344560079e-01
3.950000000000000e+00	8.691472774788740e-01
3.950000000000000e+00	8.242355877430240e-01
3.950000000000000e+00	8.041412725659005e-01
3.950000000000000e+00	8.248907227178713e-01
3.950000000000000e+00	8.003641657953560e-01
3.950000000000000e+00	7.947518061691264e-01
3.950000000000000e+00	8.149747604039466e-01
3.950000000000000e+00	7.877746293641705e-01
3.950000000000000e+00	7.766883043650562e-01
3.950000000000000e+00	8.227197002617144e-01
3.950000000000000e+00	8.816230172602377e-01
3.950000000000000e+00	8.139115412276333e-01
3.950000000000000e+00	8.264708484159839e-01
3.950000000000000e+00	8.101043607253768e-01
3.950000000000000e+00	8.190827323763302e-01
3.950000000000000e+00	8.688167889303183e-01
3.950000000000000e+00	8.384940467499895e-01
3.950000000000000e+00	8.369041051961094e-01
3.950000000000000e+00	8.155265108802686e-01
3.950000000000000e+00	8.257121826355399e-01
3.950000000000000e+00	8.483283971557650e-01
3.950000000000000e+00	7.863938826972464e-01
3.950000000000000e+00	8.457970944021607e-01
3.950000000000000e+00	8.143874518553910e-01
3.950000000000000e+00	8.153973083884739e-01
3.950000000000000e+00	8.467150854345533e-01
3.950000000000000e+00	8.017494382727945e-01
3.950000000000000e+00	8.246761717534725e-01
3.950000000000000e+00	8.450691388203152e-01
3.950000000000000e+00	7.944515906082227e-01
3.950000000000000e+00	8.073590523823257e-01
3.950000000000000e+00	8.210096886748306e-01
3.950000000000000e+00	8.242471753323500e-01
3.950000000000000e+00	8.422904825624352e-01
3.950000000000000e+00	8.609106448266342e-01
3.950000000000000e+00	8.572664798341117e-01
3.950000000000000e+00	8.103100835742337e-01
3.950000000000000e+00	8.119090512312129e-01
3.950000000000000e+00	8.094843091035026e-01
3.950000000000000e+00	8.111196873217916e-01
3.950000000000000e+00	8.250601320579711e-01
3.950000000000000e+00	8.306743186557162e-01
3.950000000000000e+00	8.105655577446684e-01
3.950000000000000e+00	8.245375678308312e-01
3.950000000000000e+00	8.417078119627787e-01
3.950000000000000e+00	8.605676086501397e-01
3.950000000000000e+00	9.035031853089662e-01
3.950000000000000e+00	8.952787677147215e-01
3.950000000000000e+00	8.831730136266593e-01
3.950000000000000e+00	8.286859286352776e-01
3.950000000000000e+00	8.465445127607297e-01
3.950000000000000e+00	8.814802580650718e-01
3.950000000000000e+00	8.587474789560342e-01
3.950000000000000e+00	8.311648241303879e-01
3.950000000000000e+00	8.093356569430606e-01
3.950000000000000e+00	7.848976479703781e-01
3.950000000000000e+00	8.236815818214483e-01
3.950000000000000e+00	8.537046393536962e-01
3.950000000000000e+00	8.384781955734866e-01
3.950000000000000e+00	7.810075398214238e-01
3.950000000000000e+00	7.939997347241435e-01
3.950000000000000e+00	8.386355139296062e-01
3.950000000000000e+00	8.376972459892736e-01
3.950000000000000e+00	8.480012747016858e-01
3.950000000000000e+00	8.608747430930241e-01
3.950000000000000e+00	7.455486189890622e-01
3.950000000000000e+00	8.201138610535494e-01
3.950000000000000e+00	8.324066042361398e-01
3.950000000000000e+00	8.461627328711496e-01
3.950000000000000e+00	8.036803691748857e-01
3.950000000000000e+00	8.427635605231114e-01
3.950000000000000e+00	8.133974146993114e-01
3.950000000000000e+00	7.958014314710808e-01
3.950000000000000e+00	8.284311154937846e-01
3.950000000000000e+00	8.258243172909077e-01
3.950000000000000e+00	8.122477381835073e-01
3.950000000000000e+00	8.414809019112116e-01
3.950000000000000e+00	8.551919187318505e-01
3.950000000000000e+00	7.934146334034897e-01
3.950000000000000e+00	8.438130756310019e-01
3.950000000000000e+00	7.888347777833721e-01
3.950000000000000e+00	7.920962065230378e-01
3.950000000000000e+00	8.459598958615216e-01
3.950000000000000e+00	8.360512176463993e-01
3.950000000000000e+00	8.186166369066666e-01
3.950000000000000e+00	8.559079766134514e-01
3.950000000000000e+00	8.061297018427919e-01
3.950000000000000e+00	8.227100152434837e-01
3.950000000000000e+00	8.246815791353755e-01
3.950000000000000e+00	8.252942998840295e-01
3.950000000000000e+00	8.151366652361574e-01
3.950000000000000e+00	8.507750454146138e-01
3.950000000000000e+00	8.522231852780505e-01
3.950000000000000e+00	8.120153166755913e-01
3.950000000000000e+00	8.044294414271200e-01
3.950000000000000e+00	8.103969518316009e-01
3.950000000000000e+00	7.947363496447606e-01
3.950000000000000e+00	8.350683419700992e-01
3.950000000000000e+00	8.454172516202065e-01
3.950000000000000e+00	8.519711158469705e-01
3.950000000000000e+00	8.362697998572148e-01
3.950000000000000e+00	8.272587424125255e-01
3.950000000000000e+00	8.422285446864738e-01
3.950000000000000e+00	8.270435067752805e-01
3.950000000000000e+00	8.064685018458976e-01
3.950000000000000e+00	8.496288082339289e-01
3.950000000000000e+00	8.158295645405580e-01
3.950000000000000e+00	8.440875107818973e-01
3.950000000000000e+00	8.661963639986200e-01
3.950000000000000e+00	8.374333942189705e-01
3.950000000000000e+00	7.761842144268112e-01
3.950000000000000e+00	8.214853819904424e-01
3.950000000000000e+00	8.860885725503302e-01
3.950000000000000e+00	8.010543497378181e-01
3.950000000000000e+00	7.772935599400116e-01
3.950000000000000e+00	8.422262742662714e-01
3.950000000000000e+00	8.646590972654323e-01
3.950000000000000e+00	8.206124226804477e-01
3.950000000000000e+00	8.475098885482617e-01
3.950000000000000e+00	8.045311570531500e-01
3.950000000000000e+00	8.426449542701725e-01
3.950000000000000e+00	8.590015987785627e-01
3.950000000000000e+00	8.292209928416158e-01
3.950000000000000e+00	8.564236332521381e-01
3.950000000000000e+00	8.199915371369966e-01
3.950000000000000e+00	8.609573289263818e-01
3.950000000000000e+00	7.948348987825745e-01
3.950000000000000e+00	8.225997215291970e-01
3.950000000000000e+00	8.462205174133791e-01
3.950000000000000e+00	8.096357161837104e-01
3.950000000000000e+00	8.342837790765685e-01
3.950000000000000e+00	8.423616156424232e-01
3.950000000000000e+00	8.165968050291746e-01
3.950000000000000e+00	8.539740744939998e-01
3.950000000000000e+00	8.068230650362197e-01
3.950000000000000e+00	8.359342825230464e-01
3.950000000000000e+00	8.125537945799484e-01
3.950000000000000e+00	8.468584056347148e-01
3.950000000000000e+00	7.775685305348623e-01
3.950000000000000e+00	8.175766605986109e-01
3.950000000000000e+00	8.627207418030733e-01
3.950000000000000e+00	8.609478556135520e-01
3.950000000000000e+00	8.431721779251976e-01
3.950000000000000e+00	7.953711312522359e-01
3.950000000000000e+00	7.568159747346301e-01
3.950000000000000e+00	7.948683026397632e-01
3.950000000000000e+00	8.053767663279167e-01
3.950000000000000e+00	8.125595751609281e-01
3.950000000000000e+00	8.635699137975520e-01
3.950000000000000e+00	8.575325416858142e-01
3.950000000000000e+00	8.092073001835367e-01
3.950000000000000e+00	7.694980329107068e-01
3.950000000000000e+00	8.055265268719832e-01
3.950000000000000e+00	8.272089235941789e-01
3.950000000000000e+00	8.690821616465620e-01
3.950000000000000e+00	8.062402896681790e-01
3.950000000000000e+00	8.097599321264253e-01
3.950000000000000e+00	8.737862284081533e-01
3.950000000000000e+00	8.534942231067654e-01
3.950000000000000e+00	8.135092218625061e-01
3.950000000000000e+00	8.196627993931858e-01
3.950000000000000e+00	8.168497446819111e-01
3.950000000000000e+00	8.227376488357168e-01
3.950000000000000e+00	8.454800275112294e-01
3.950000000000000e+00	8.486141484283969e-01
3.950000000000000e+00	8.197789765587759e-01
3.950000000000000e+00	8.403773472317059e-01
3.950000000000000e+00	8.083406685445477e-01
3.950000000000000e+00	8.349430616237767e-01
3.950000000000000e+00	8.462934378875498e-01
3.950000000000000e+00	8.592098785782749e-01
3.950000000000000e+00	8.706440142199489e-01
3.950000000000000e+00	8.527871717604604e-01
3.950000000000000e+00	8.539095331724350e-01
3.950000000000000e+00	8.288231220909871e-01
3.950000000000000e+00	8.221843539556410e-01
3.950000000000000e+00	8.298474023652044e-01
3.950000000000000e+00	8.297693340011517e-01
3.950000000000000e+00	8.262110409547186e-01
3.950000000000000e+00	8.159075789261224e-01
3.950000000000000e+00	8.350944526481027e-01
3.950000000000000e+00	8.364417339848622e-01
3.950000000000000e+00	8.256218489913598e-01
3.950000000000000e+00	8.836758493525779e-01
3.950000000000000e+00	8.568237071667522e-01
3.950000000000000e+00	7.810729696781116e-01
3.950000000000000e+00	8.540285728838227e-01
3.950000000000000e+00	8.497373270075158e-01
3.950000000000000e+00	7.887754637158426e-01
3.950000000000000e+00	8.138131011122325e-01
3.950000000000000e+00	8.360584829764504e-01
3.950000000000000e+00	8.392751392193739e-01
3.950000000000000e+00	8.449244093702838e-01
3.950000000000000e+00	8.304148264774971e-01
3.950000000000000e+00	8.002170915208687e-01
3.950000000000000e+00	8.217092705287242e-01
3.950000000000000e+00	8.449945584255247e-01
3.950000000000000e+00	8.663208283261106e-01
3.950000000000000e+00	8.300207037824905e-01
3.950000000000000e+00	8.507837624878707e-01
3.950000000000000e+00	8.120327307169561e-01
3.950000000000000e+00	8.674265213968259e-01
3.950000000000000e+00	9.005497592807510e-01
3.950000000000000e+00	8.592284654081322e-01
3.950000000000000e+00	8.307136235714472e-01
3.950000000000000e+00	8.343122632696782e-01
3.950000000000000e+00	8.202655132466891e-01
3.950000000000000e+00	7.913077856521694e-01
3.950000000000000e+00	8.756233010108065e-01
3.950000000000000e+00	8.357531651421459e-01
3.950000000000000e+00	7.948481974964092e-01
3.950000000000000e+00	8.794956761602866e-01
3.950000000000000e+00	8.359931920498281e-01
3.950000000000000e+00	7.868415491556782e-01
3.950000000000000e+00	7.640468610250410e-01
3.950000000000000e+00	8.658257847134420e-01
3.950000000000000e+00	8.402178143925230e-01
3.950000000000000e+00	7.825321884498857e-01
3.950000000000000e+00	7.824511169934327e-01
3.950000000000000e+00	8.269968742199737e-01
3.950000000000000e+00	8.200852763354380e-01
3.950000000000000e+00	8.292510844475511e-01
3.950000000000000e+00	8.275745493032107e-01
3.950000000000000e+00	8.096204988853416e-01
3.950000000000000e+00	8.552675892386508e-01
3.950000000000000e+00	8.094427128826860e-01
3.950000000000000e+00	8.051311809250156e-01
3.950000000000000e+00	8.052356188392695e-01
3.950000000000000e+00	8.549779441838614e-01
3.950000000000000e+00	8.259900526513134e-01
3.950000000000000e+00	7.899853908655239e-01
3.950000000000000e+00	7.836410841291493e-01
3.950000000000000e+00	8.006427074173982e-01
3.950000000000000e+00	8.208218417398186e-01
3.950000000000000e+00	8.357414006368328e-01
3.950000000000000e+00	8.714383474052687e-01
3.950000000000000e+00	7.952248889896707e-01
3.950000000000000e+00	7.988639950141160e-01
3.950000000000000e+00	7.758886048027308e-01
3.950000000000000e+00	8.077594179083479e-01
3.950000000000000e+00	8.307352887771942e-01
3.950000000000000e+00	8.098077029012125e-01
3.950000000000000e+00	8.160347333966934e-01
3.950000000000000e+00	7.980537602043601e-01
3.950000000000000e+00	8.322104297450144e-01
3.950000000000000e+00	8.248540540810563e-01
3.950000000000000e+00	8.564014565766660e-01
3.950000000000000e+00	8.002904858511227e-01
3.950000000000000e+00	8.592988371786295e-01
3.950000000000000e+00	8.760006911316642e-01
3.950000000000000e+00	8.225376587876536e-01
3.950000000000000e+00	7.707645245607478e-01
3.950000000000000e+00	7.941773889461856e-01
3.950000000000000e+00	8.486691654643479e-01
3.950000000000000e+00	8.301629157274552e-01
3.950000000000000e+00	8.202716134521681e-01
3.950000000000000e+00	7.683487138668749e-01
3.950000000000000e+00	8.338103925083505e-01
3.950000000000000e+00	7.586380110906645e-01
3.950000000000000e+00	8.715459796904925e-01
3.950000000000000e+00	8.252293546733539e-01
3.950000000000000e+00	7.766464548169446e-01
3.950000000000000e+00	8.412714209426226e-01
3.950000000000000e+00	8.362809267984368e-01
3.950000000000000e+00	8.340494547246419e-01
3.950000000000000e+00	8.427389169442761e-01
3.950000000000000e+00	8.192203309124984e-01
3.950000000000000e+00	7.859210886117979e-01
3.950000000000000e+00	8.180190565225663e-01
3.950000000000000e+00	7.984245307799205e-01
3.950000000000000e+00	7.965040878967872e-01
3.950000000000000e+00	8.091518572350228e-01
3.950000000000000e+00	8.083597715191831e-01
3.950000000000000e+00	8.135810501923184e-01
3.950000000000000e+00	8.036130741936037e-01
3.950000000000000e+00	8.278366286164056e-01
3.950000000000000e+00	8.088993160508673e-01
3.950000000000000e+00	8.260877297925537e-01
3.950000000000000e+00	8.302605824636068e-01
3.950000000000000e+00	8.563736210291998e-01
3.950000000000000e+00	8.108464320241805e-01
