1.600000000000000e+00	4.889565807099461e+00
1.600000000000000e+00	4.834463463026774e+00
1.600000000000000e+00	4.781507679169516e+00
1.600000000000000e+00	4.671380486176739e+00
1.600000000000000e+00	4.792313698952536e+00
1.600000000000000e+00	4.857206944768295e+00
1.600000000000000e+00	4.708819888611860e+00
1.600000000000000e+00	4.699974802479701e+00
1.600000000000000e+00	4.741132808316704e+00
1.600000000000000e+00	4.791517977013472e+00
1.600000000000000e+00	4.650438531927534e+00
1.600000000000000e+00	4.759331796359588e+00
1.600000000000000e+00	4.804226621518940e+00
1.600000000000000e+00	4.693022156028652e+00
1.600000000000000e+00	4.714346078844036e+00
1.600000000000000e+00	4.764049565883219e+00
1.600000000000000e+00	4.702145793531598e+00
1.600000000000000e+00	4.801313080891706e+00
1.600000000000000e+00	4.738452135171311e+00
1.600000000000000e+00	4.733822407165809e+00
1.600000000000000e+00	4.796168272788393e+00
1.600000000000000e+00	4.756842108558127e+00
1.600000000000000e+00	4.728268456300719e+00
1.600000000000000e+00	4.754627461958927e+00
1.600000000000000e+00	4.644910285600186e+00
1.600000000000000e+00	4.795144182123240e+00
1.600000000000000e+00	4.739755934309140e+00
1.600000000000000e+00	4.745734385740843e+00
1.600000000000000e+00	4.792906054652343e+00
1.600000000000000e+00	4.792290040413135e+00
1.600000000000000e+00	4.696966212300429e+00
1.600000000000000e+00	4.869920318455636e+00
1.600000000000000e+00	4.487376553717343e+00
1.600000000000000e+00	4.737729137776023e+00
1.600000000000000e+00	4.727306935116209e+00
1.600000000000000e+00	4.766267327991049e+00
1.600000000000000e+00	4.733092181765399e+00
1.600000000000000e+00	4.837334452797515e+00
1.600000000000000e+00	4.649829271189640e+00
1.600000000000000e+00	4.687358188335473e+00
1.600000000000000e+00	4.774348003586788e+00
1.600000000000000e+00	4.793782590579294e+00
1.600000000000000e+00	4.851173860957021e+00
1.600000000000000e+00	4.766894649823268e+00
1.600000000000000e+00	4.728940872746650e+00
1.600000000000000e+00	4.838513136920601e+00
1.600000000000000e+00	4.690653103718805e+00
1.600000000000000e+00	4.692454570614619e+00
1.600000000000000e+00	4.719438929264386e+00
1.600000000000000e+00	4.877896640045279e+00
1.600000000000000e+00	4.792380037359218e+00
1.600000000000000e+00	4.723251344580606e+00
1.600000000000000e+00	4.698872743836333e+00
1.600000000000000e+00	4.834560473866631e+00
1.600000000000000e+00	4.620930539326329e+00
1.600000000000000e+00	4.792847177060567e+00
1.600000000000000e+00	4.863912560223561e+00
1.600000000000000e+00	4.575929719381100e+00
1.600000000000000e+00	4.813026931264365e+00
1.600000000000000e+00	4.745728027268504e+00
1.600000000000000e+00	4.733321325179835e+00
1.600000000000000e+00	4.728382811551329e+00
1.600000000000000e+00	4.728982703714941e+00
1.600000000000000e+00	4.866065515723045e+00
1.600000000000000e+00	4.730140348120580e+00
1.600000000000000e+00	4.654589620286490e+00
1.600000000000000e+00	4.905017999323944e+00
1.600000000000000e+00	4.800433338540246e+00
1.600000000000000e+00	4.883570693826139e+00
1.600000000000000e+00	4.702526087058072e+00
1.600000000000000e+00	4.770148357203622e+00
1.600000000000000e+00	4.697769798219932e+00
1.600000000000000e+00	4.810871383715316e+00
1.600000000000000e+00	4.692375415584181e+00
1.600000000000000e+00	4.777050002504618e+00
1.600000000000000e+00	4.683056480032676e+00
1.600000000000000e+00	4.743577395251256e+00
1.600000000000000e+00	4.786154312540565e+00
1.600000000000000e+00	4.630813517504853e+00
1.600000000000000e+00	4.804747845966659e+00
1.600000000000000e+00	4.807411117919797e+00
1.600000000000000e+00	4.808823412838651e+00
1.600000000000000e+00	4.628074336919578e+00
1.600000000000000e+00	4.705334157903177e+00
1.600000000000000e+00	4.719101436943021e+00
1.600000000000000e+00	4.756250810792714e+00
1.600000000000000e+00	4.795492986112770e+00
1.600000000000000e+00	4.845553542369313e+00
1.600000000000000e+00	4.649548041212242e+00
1.600000000000000e+00	4.767792382773795e+00
1.600000000000000e+00	4.775551838785878e+00
1.600000000000000e+00	4.780810433728867e+00
1.600000000000000e+00	4.788071709171298e+00
1.600000000000000e+00	4.795682385368451e+00
1.600000000000000e+00	4.781571819027896e+00
1.600000000000000e+00	4.767731744804063e+00
1.600000000000000e+00	4.738714319130882e+00
1.600000000000000e+00	4.806420205135116e+00
1.600000000000000e+00	4.699472983107514e+00
1.600000000000000e+00	4.752534929737718e+00
1.600000000000000e+00	4.820487380919067e+00
1.600000000000000e+00	4.741009803833508e+00
1.600000000000000e+00	4.656884147997961e+00
1.600000000000000e+00	4.721391212508296e+00
1.600000000000000e+00	4.822104725576327e+00
1.600000000000000e+00	4.736157509270827e+00
1.600000000000000e+00	4.676476814973693e+00
1.600000000000000e+00	4.733784991580239e+00
1.600000000000000e+00	4.831157564822859e+00
1.600000000000000e+00	4.849896304071539e+00
1.600000000000000e+00	4.682568774414290e+00
1.600000000000000e+00	4.723362460379782e+00
1.600000000000000e+00	4.773742764473388e+00
1.600000000000000e+00	4.656800097091560e+00
1.600000000000000e+00	4.777272621152825e+00
1.600000000000000e+00	4.741774248204469e+00
1.600000000000000e+00	4.772073554954384e+00
1.600000000000000e+00	4.803077116661077e+00
1.600000000000000e+00	4.853159673060660e+00
1.600000000000000e+00	4.757302123121290e+00
1.600000000000000e+00	4.882287456201027e+00
1.600000000000000e+00	4.683296489459868e+00
1.600000000000000e+00	4.801751544817607e+00
1.600000000000000e+00	4.735356194823785e+00
1.600000000000000e+00	4.699087371277900e+00
1.600000000000000e+00	4.710841603390010e+00
1.600000000000000e+00	4.834439389585132e+00
1.600000000000000e+00	4.736479471227829e+00
1.600000000000000e+00	4.665088319563613e+00
1.600000000000000e+00	4.805431165078644e+00
1.600000000000000e+00	4.789632029968572e+00
1.600000000000000e+00	4.724969551054876e+00
1.600000000000000e+00	4.733805357795717e+00
1.600000000000000e+00	4.616994084758479e+00
1.600000000000000e+00	4.669584513436881e+00
1.600000000000000e+00	4.801607155863443e+00
1.600000000000000e+00	4.823097068395780e+00
1.600000000000000e+00	4.775494666746613e+00
1.600000000000000e+00	4.775107495746981e+00
1.600000000000000e+00	4.780214143887697e+00
1.600000000000000e+00	4.858517856035619e+00
1.600000000000000e+00	4.698567397827260e+00
1.600000000000000e+00	4.768015687493440e+00
1.600000000000000e+00	4.839576756212077e+00
1.600000000000000e+00	4.866201229533508e+00
1.600000000000000e+00	4.595341669037653e+00
1.600000000000000e+00	4.842933614331503e+00
1.600000000000000e+00	4.745237058978860e+00
1.600000000000000e+00	4.683601435652522e+00
1.600000000000000e+00	4.762424788592191e+00
1.600000000000000e+00	4.734741266775583e+00
1.600000000000000e+00	4.733754950192283e+00
1.600000000000000e+00	4.827179861390707e+00
1.600000000000000e+00	4.840857842046204e+00
1.600000000000000e+00	4.737613844759005e+00
1.600000000000000e+00	4.798445289225424e+00
1.600000000000000e+00	4.752269816622645e+00
1.600000000000000e+00	4.813269017136547e+00
1.600000000000000e+00	4.836169026910939e+00
1.600000000000000e+00	4.645389677825843e+00
1.600000000000000e+00	4.643733421216460e+00
1.600000000000000e+00	4.822685096761189e+00
1.600000000000000e+00	4.749828218193130e+00
1.600000000000000e+00	4.671339479544143e+00
1.600000000000000e+00	4.810273775162019e+00
1.600000000000000e+00	4.849675235013750e+00
1.600000000000000e+00	4.822418407390552e+00
1.600000000000000e+00	4.763902152496984e+00
1.600000000000000e+00	4.852067617162621e+00
1.600000000000000e+00	4.804387152402876e+00
1.600000000000000e+00	4.770549659325937e+00
1.600000000000000e+00	4.698828504098095e+00
1.600000000000000e+00	4.770192723110100e+00
1.600000000000000e+00	4.669907395500766e+00
1.600000000000000e+00	4.723858003377509e+00
1.600000000000000e+00	4.730320383695672e+00
1.600000000000000e+00	4.638411082692572e+00
1.600000000000000e+00	4.657877919737460e+00
1.600000000000000e+00	4.735306761998631e+00
1.600000000000000e+00	4.790982571070897e+00
1.600000000000000e+00	4.816575048275252e+00
1.600000000000000e+00	4.771411022432827e+00
1.600000000000000e+00	4.841022701115067e+00
1.600000000000000e+00	4.568451722199050e+00
1.600000000000000e+00	4.859566583008791e+00
1.600000000000000e+00	4.741570616005870e+00
1.600000000000000e+00	4.694202363688598e+00
1.600000000000000e+00	4.736149074549317e+00
1.600000000000000e+00	4.758734801467599e+00
1.600000000000000e+00	4.566707914496590e+00
1.600000000000000e+00	4.779606472864549e+00
1.600000000000000e+00	4.771157460037115e+00
1.600000000000000e+00	4.744058579249879e+00
1.600000000000000e+00	4.658219403311069e+00
1.600000000000000e+00	4.827522757208791e+00
1.600000000000000e+00	4.807194808423758e+00
1.600000000000000e+00	4.756939281335591e+00
1.600000000000000e+00	4.671842073621664e+00
1.600000000000000e+00	4.785870731970081e+00
1.600000000000000e+00	4.771458059059556e+00
1.600000000000000e+00	4.771306684786127e+00
1.600000000000000e+00	4.727337282145539e+00
1.600000000000000e+00	4.738608721441958e+00
1.600000000000000e+00	4.687041293696264e+00
1.600000000000000e+00	4.736621840728725e+00
1.600000000000000e+00	4.709357419124347e+00
1.600000000000000e+00	4.722842428313083e+00
1.600000000000000e+00	4.756839558366583e+00
1.600000000000000e+00	4.719936449290370e+00
1.600000000000000e+00	4.757246689193888e+00
1.600000000000000e+00	4.804888572820686e+00
1.600000000000000e+00	4.752483453138128e+00
1.600000000000000e+00	4.851590894309074e+00
1.600000000000000e+00	4.802105133067663e+00
1.600000000000000e+00	4.753754475838065e+00
1.600000000000000e+00	4.772163191268633e+00
1.600000000000000e+00	4.800828729998765e+00
1.600000000000000e+00	4.680492069096481e+00
1.600000000000000e+00	4.703211095088571e+00
1.600000000000000e+00	4.717820214338402e+00
1.600000000000000e+00	4.783246997355016e+00
1.600000000000000e+00	4.751092126472324e+00
1.600000000000000e+00	4.919364883950521e+00
1.600000000000000e+00	4.779612671977448e+00
1.600000000000000e+00	4.782841706581801e+00
1.600000000000000e+00	4.890694977240418e+00
1.600000000000000e+00	4.880571680063971e+00
1.600000000000000e+00	4.771361812568386e+00
1.600000000000000e+00	4.858781892240331e+00
1.600000000000000e+00	4.808677119450694e+00
1.600000000000000e+00	4.720120964175592e+00
1.600000000000000e+00	4.732398075690038e+00
1.600000000000000e+00	4.742042744618028e+00
1.600000000000000e+00	4.700129709776006e+00
1.600000000000000e+00	4.883447032067501e+00
1.600000000000000e+00	4.713880429486839e+00
1.600000000000000e+00	4.818259510338627e+00
1.600000000000000e+00	4.623192639057050e+00
1.600000000000000e+00	4.841566619021288e+00
1.600000000000000e+00	4.792213509361832e+00
1.600000000000000e+00	4.702841027606750e+00
1.600000000000000e+00	4.805457545630484e+00
1.600000000000000e+00	4.742671664585825e+00
1.600000000000000e+00	4.705114211842458e+00
1.600000000000000e+00	4.675255733980494e+00
1.600000000000000e+00	4.765802172894507e+00
1.600000000000000e+00	4.822943135400528e+00
1.600000000000000e+00	4.854861030187453e+00
1.600000000000000e+00	4.747460579764690e+00
1.600000000000000e+00	4.610642196842739e+00
1.600000000000000e+00	4.814054938747486e+00
1.600000000000000e+00	4.794576509630991e+00
1.600000000000000e+00	4.738994843414504e+00
1.600000000000000e+00	4.622210473702643e+00
1.600000000000000e+00	4.861577594746061e+00
1.600000000000000e+00	4.778294532295472e+00
1.600000000000000e+00	4.743206600806804e+00
1.600000000000000e+00	4.763054554368551e+00
1.600000000000000e+00	4.874198881654133e+00
1.600000000000000e+00	4.741084555325218e+00
1.600000000000000e+00	4.728480827573034e+00
1.600000000000000e+00	4.858608394851944e+00
1.600000000000000e+00	4.874636272747114e+00
1.600000000000000e+00	4.694745013785719e+00
1.600000000000000e+00	4.676034899409878e+00
1.600000000000000e+00	4.812685482952181e+00
1.600000000000000e+00	4.741005886448584e+00
1.600000000000000e+00	4.855474776091648e+00
1.600000000000000e+00	4.732074885643883e+00
1.600000000000000e+00	4.818183625103022e+00
1.600000000000000e+00	4.753060891714302e+00
1.600000000000000e+00	4.751709541589116e+00
1.600000000000000e+00	4.942296226927685e+00
1.600000000000000e+00	4.783149846446371e+00
1.600000000000000e+00	4.853476462544895e+00
1.600000000000000e+00	4.754323055831321e+00
1.600000000000000e+00	4.708086362113642e+00
1.600000000000000e+00	4.686567958971802e+00
1.600000000000000e+00	4.765562945627842e+00
1.600000000000000e+00	4.600613840395914e+00
1.600000000000000e+00	4.716568631703912e+00
1.600000000000000e+00	4.723647251565044e+00
1.600000000000000e+00	4.788843063031055e+00
1.600000000000000e+00	4.825448999644498e+00
1.600000000000000e+00	4.827649975175500e+00
1.600000000000000e+00	4.792622693644626e+00
1.600000000000000e+00	4.757845092293663e+00
1.600000000000000e+00	4.737792662841191e+00
1.600000000000000e+00	4.793088388742488e+00
1.600000000000000e+00	4.829857264004781e+00
1.600000000000000e+00	4.829891146765990e+00
1.600000000000000e+00	4.675688762268343e+00
1.600000000000000e+00	4.803983188871056e+00
1.600000000000000e+00	4.755794112965342e+00
1.600000000000000e+00	4.706795949828843e+00
1.600000000000000e+00	4.745702911645445e+00
1.600000000000000e+00	4.621168590081560e+00
1.600000000000000e+00	4.876171366489821e+00
1.600000000000000e+00	4.594543998297780e+00
1.600000000000000e+00	4.779507373474072e+00
1.600000000000000e+00	4.862557887346929e+00
1.600000000000000e+00	4.833406189051800e+00
1.600000000000000e+00	4.761462835838745e+00
1.600000000000000e+00	4.832385547289375e+00
1.600000000000000e+00	4.857242062514818e+00
1.600000000000000e+00	4.680735704617926e+00
1.600000000000000e+00	4.817443903057814e+00
1.600000000000000e+00	4.792245068476015e+00
1.600000000000000e+00	4.649132373590467e+00
1.600000000000000e+00	4.771050057981034e+00
1.600000000000000e+00	4.799043752705710e+00
1.600000000000000e+00	4.848007043875324e+00
1.600000000000000e+00	4.821617561053101e+00
1.600000000000000e+00	4.751754318516995e+00
1.600000000000000e+00	4.779221692841571e+00
1.600000000000000e+00	4.761847658074287e+00
1.600000000000000e+00	4.586530323221830e+00
1.600000000000000e+00	4.761654468353106e+00
1.600000000000000e+00	4.794296193964245e+00
1.600000000000000e+00	4.755514811657216e+00
1.600000000000000e+00	4.824791003079277e+00
1.600000000000000e+00	4.714666681003608e+00
1.600000000000000e+00	4.709861423531390e+00
1.600000000000000e+00	4.720649816976682e+00
1.600000000000000e+00	4.631033458229911e+00
1.600000000000000e+00	4.862077400872019e+00
1.600000000000000e+00	4.844341110654289e+00
1.600000000000000e+00	4.779024687226809e+00
1.600000000000000e+00	4.721420759473025e+00
1.600000000000000e+00	4.777099671471211e+00
1.600000000000000e+00	4.851918440833979e+00
1.600000000000000e+00	4.799525220543325e+00
1.600000000000000e+00	4.634193705120437e+00
1.600000000000000e+00	4.743220209138583e+00
1.600000000000000e+00	4.735794131012524e+00
1.600000000000000e+00	4.703652857643172e+00
1.600000000000000e+00	4.727807148526940e+00
1.600000000000000e+00	4.868677993210591e+00
1.600000000000000e+00	4.651722333341174e+00
1.600000000000000e+00	4.728338178642628e+00
1.600000000000000e+00	4.711633293325946e+00
1.600000000000000e+00	4.736108994763680e+00
1.600000000000000e+00	4.777094487567330e+00
1.600000000000000e+00	4.806866709094960e+00
1.600000000000000e+00	4.649257192782178e+00
1.600000000000000e+00	4.706656107511631e+00
1.600000000000000e+00	4.668113923301828e+00
1.600000000000000e+00	4.644371715492259e+00
1.600000000000000e+00	4.743122612389354e+00
1.600000000000000e+00	4.766512376808924e+00
1.600000000000000e+00	4.713600715354242e+00
1.600000000000000e+00	4.756176886767651e+00
1.600000000000000e+00	4.669874166513960e+00
1.600000000000000e+00	4.759426731737849e+00
1.600000000000000e+00	4.853508130108754e+00
1.600000000000000e+00	4.862982313782857e+00
1.600000000000000e+00	4.629974796425500e+00
1.600000000000000e+00	4.826493919381270e+00
1.600000000000000e+00	4.807464873221794e+00
1.600000000000000e+00	4.676711397738696e+00
1.600000000000000e+00	4.798283284382564e+00
1.600000000000000e+00	4.800819785148060e+00
1.600000000000000e+00	4.714854595793533e+00
1.600000000000000e+00	4.746130598269755e+00
1.600000000000000e+00	4.707014114581834e+00
1.600000000000000e+00	4.722867862319433e+00
1.600000000000000e+00	4.778709953011623e+00
1.600000000000000e+00	4.702772997138504e+00
1.600000000000000e+00	4.778546185732610e+00
1.600000000000000e+00	4.756916064486152e+00
1.600000000000000e+00	4.839045753642176e+00
1.600000000000000e+00	4.811865907316443e+00
1.600000000000000e+00	4.818830597682556e+00
1.600000000000000e+00	4.841440586283998e+00
1.600000000000000e+00	4.764425038188256e+00
1.600000000000000e+00	4.742822339908920e+00
1.600000000000000e+00	4.851472734383060e+00
1.600000000000000e+00	4.802329295566617e+00
1.600000000000000e+00	4.860574748011196e+00
1.600000000000000e+00	4.819037954280317e+00
1.600000000000000e+00	4.721250772683315e+00
1.600000000000000e+00	4.839827719331151e+00
1.600000000000000e+00	4.709826464283419e+00
1.600000000000000e+00	4.753271445714316e+00
1.600000000000000e+00	4.915473367281098e+00
1.600000000000000e+00	4.635832876043605e+00
1.600000000000000e+00	4.842948373182862e+00
1.600000000000000e+00	4.764412726531032e+00
1.600000000000000e+00	4.751974013623617e+00
1.600000000000000e+00	4.762689629309515e+00
1.600000000000000e+00	4.825182563180648e+00
1.600000000000000e+00	4.683261721921507e+00
1.600000000000000e+00	4.818294700882463e+00
1.600000000000000e+00	4.712705796300511e+00
1.600000000000000e+00	4.753946235526527e+00
1.600000000000000e+00	4.762920072153287e+00
1.600000000000000e+00	4.722402572790174e+00
1.600000000000000e+00	4.802940549849819e+00
1.600000000000000e+00	4.765784981000887e+00
1.600000000000000e+00	4.656998933678812e+00
1.600000000000000e+00	4.903965504223201e+00
1.600000000000000e+00	4.803591027244513e+00
1.600000000000000e+00	4.690882523992081e+00
1.600000000000000e+00	4.824210836019612e+00
1.600000000000000e+00	4.772389445716961e+00
1.600000000000000e+00	4.704840439420328e+00
1.600000000000000e+00	4.835581963043809e+00
1.600000000000000e+00	4.772594893498808e+00
1.600000000000000e+00	4.797161383547714e+00
1.600000000000000e+00	4.670377022177704e+00
1.600000000000000e+00	4.689881374795622e+00
1.600000000000000e+00	4.643710747147233e+00
1.600000000000000e+00	4.786040994345795e+00
1.600000000000000e+00	4.737514939167480e+00
1.600000000000000e+00	4.814886932215581e+00
1.600000000000000e+00	4.679046551191290e+00
1.600000000000000e+00	4.766096030418409e+00
1.600000000000000e+00	4.806524210236296e+00
1.600000000000000e+00	4.776133218666669e+00
1.600000000000000e+00	4.785085309906764e+00
1.600000000000000e+00	4.540256711872773e+00
1.600000000000000e+00	4.587979542943794e+00
1.600000000000000e+00	4.773611605007197e+00
1.600000000000000e+00	4.811290956683914e+00
1.600000000000000e+00	4.628421864965421e+00
1.600000000000000e+00	4.681404468518908e+00
1.600000000000000e+00	4.698597445104385e+00
1.600000000000000e+00	4.740694365769988e+00
1.600000000000000e+00	4.690594221097979e+00
1.600000000000000e+00	4.788292952059200e+00
1.600000000000000e+00	4.755562721451688e+00
1.600000000000000e+00	4.872795787748117e+00
1.600000000000000e+00	4.738178533772610e+00
1.600000000000000e+00	4.724132104333906e+00
1.600000000000000e+00	4.744459286664895e+00
1.600000000000000e+00	4.814882080700695e+00
1.600000000000000e+00	4.679041888425266e+00
1.600000000000000e+00	4.822244537498020e+00
1.600000000000000e+00	4.746281671078870e+00
1.600000000000000e+00	4.804722078128128e+00
1.600000000000000e+00	4.840064384701373e+00
1.600000000000000e+00	4.835775094212076e+00
1.600000000000000e+00	4.784220630570104e+00
1.600000000000000e+00	4.923026576863032e+00
1.600000000000000e+00	4.803213591565146e+00
1.600000000000000e+00	4.750494595717758e+00
1.600000000000000e+00	4.794942573325225e+00
1.600000000000000e+00	4.724918671385854e+00
1.600000000000000e+00	4.818155325428400e+00
1.600000000000000e+00	4.707705187844045e+00
1.600000000000000e+00	4.738120754799669e+00
1.600000000000000e+00	4.793646078529072e+00
1.600000000000000e+00	4.804867718140764e+00
1.600000000000000e+00	4.738674584346017e+00
1.600000000000000e+00	4.817853723296349e+00
1.600000000000000e+00	4.674071733432911e+00
1.600000000000000e+00	4.718422095261480e+00
1.600000000000000e+00	4.582728028274092e+00
1.600000000000000e+00	4.627586844119768e+00
1.600000000000000e+00	4.694169054283667e+00
1.600000000000000e+00	4.780854305380930e+00
1.600000000000000e+00	4.741744850308367e+00
1.600000000000000e+00	4.669397095387536e+00
1.600000000000000e+00	4.685341826162420e+00
1.600000000000000e+00	4.805590489149522e+00
1.600000000000000e+00	4.829392418474437e+00
1.600000000000000e+00	4.807905320709834e+00
1.600000000000000e+00	4.756926580752187e+00
1.600000000000000e+00	4.769310979448250e+00
1.600000000000000e+00	4.722601638015550e+00
1.600000000000000e+00	4.845502237824673e+00
1.600000000000000e+00	4.798992186436928e+00
1.600000000000000e+00	4.794798889603802e+00
1.600000000000000e+00	4.798690470813365e+00
1.600000000000000e+00	4.810661050644724e+00
1.600000000000000e+00	4.767220893971022e+00
1.600000000000000e+00	4.794281979452218e+00
1.600000000000000e+00	4.757238418793211e+00
1.600000000000000e+00	4.659807837196021e+00
1.600000000000000e+00	4.733888304528988e+00
1.600000000000000e+00	4.738984039443635e+00
1.600000000000000e+00	4.681453310883716e+00
1.600000000000000e+00	4.743041813137958e+00
1.600000000000000e+00	4.821087789913992e+00
1.600000000000000e+00	4.761474281854388e+00
1.600000000000000e+00	4.796371209527178e+00
1.600000000000000e+00	4.740263312290964e+00
1.600000000000000e+00	4.841379758506973e+00
1.600000000000000e+00	4.896625195510969e+00
1.600000000000000e+00	4.642088277544835e+00
1.600000000000000e+00	4.903141377389811e+00
1.600000000000000e+00	4.777541519598537e+00
1.600000000000000e+00	4.701475548854878e+00
1.600000000000000e+00	4.746582959435754e+00
1.600000000000000e+00	4.656404248378497e+00
1.600000000000000e+00	4.730570061399892e+00
1.600000000000000e+00	4.868597713188764e+00
1.600000000000000e+00	4.650039735531800e+00
1.600000000000000e+00	4.748635992527311e+00
1.600000000000000e+00	4.778397950125732e+00
1.600000000000000e+00	4.621933291888216e+00
1.600000000000000e+00	4.843851782954973e+00
1.600000000000000e+00	4.827204829496797e+00
1.600000000000000e+00	4.751593888868085e+00
1.600000000000000e+00	4.801304230255400e+00
1.600000000000000e+00	4.771415672024361e+00
1.600000000000000e+00	4.761116952106239e+00
1.600000000000000e+00	4.752101142164366e+00
1.600000000000000e+00	4.767451104481578e+00
1.600000000000000e+00	4.703760732494345e+00
1.600000000000000e+00	4.790231441679573e+00
1.600000000000000e+00	4.868040337362770e+00
1.600000000000000e+00	4.736525625214314e+00
1.600000000000000e+00	4.835743406873167e+00
1.600000000000000e+00	4.745832771019901e+00
1.600000000000000e+00	4.821909579054343e+00
1.600000000000000e+00	4.819054951803392e+00
1.600000000000000e+00	4.658698228508174e+00
1.600000000000000e+00	4.789151675632114e+00
1.600000000000000e+00	4.744670770634716e+00
1.600000000000000e+00	4.758199612727460e+00
1.600000000000000e+00	4.777935885884650e+00
1.600000000000000e+00	4.890736352367037e+00
1.600000000000000e+00	4.692960300038057e+00
1.600000000000000e+00	4.638010623625684e+00
1.600000000000000e+00	4.746187168428406e+00
1.600000000000000e+00	4.809900381787637e+00
1.600000000000000e+00	4.675127064806571e+00
1.600000000000000e+00	4.699761801250321e+00
1.600000000000000e+00	4.634654443644935e+00
1.600000000000000e+00	4.674450124001961e+00
1.600000000000000e+00	4.792436816154123e+00
1.600000000000000e+00	4.740526545854896e+00
1.600000000000000e+00	4.774032090841576e+00
1.600000000000000e+00	4.743110619789043e+00
1.600000000000000e+00	4.710801368910889e+00
1.600000000000000e+00	4.698070013120877e+00
1.600000000000000e+00	4.739478853437433e+00
1.600000000000000e+00	4.702644598242838e+00
1.600000000000000e+00	4.680281506718202e+00
1.600000000000000e+00	4.725340332305224e+00
1.600000000000000e+00	4.701578023740973e+00
1.600000000000000e+00	4.805181482724835e+00
1.600000000000000e+00	4.673527835722770e+00
1.600000000000000e+00	4.757985308461967e+00
1.600000000000000e+00	4.832087025038035e+00
1.600000000000000e+00	4.731919676832574e+00
1.600000000000000e+00	4.775635814582188e+00
1.600000000000000e+00	4.780999293603190e+00
1.600000000000000e+00	4.768071581641164e+00
1.600000000000000e+00	4.748134039844940e+00
1.600000000000000e+00	4.872978332817812e+00
1.600000000000000e+00	4.704929070728461e+00
1.600000000000000e+00	4.883940510356591e+00
1.600000000000000e+00	4.767496069554736e+00
1.600000000000000e+00	4.712842695107911e+00
1.600000000000000e+00	4.741871564713144e+00
1.600000000000000e+00	4.722400913951361e+00
1.600000000000000e+00	5.010499755574921e+00
1.600000000000000e+00	4.698963363713975e+00
1.600000000000000e+00	4.886773197365934e+00
1.600000000000000e+00	4.709439910830898e+00
1.600000000000000e+00	4.815471600820789e+00
1.600000000000000e+00	4.782192930910547e+00
1.600000000000000e+00	4.656377647370009e+00
1.600000000000000e+00	4.856838853178874e+00
1.600000000000000e+00	4.856300695115410e+00
1.600000000000000e+00	4.801931402883557e+00
1.600000000000000e+00	4.716748189558778e+00
1.600000000000000e+00	4.688087569623765e+00
1.600000000000000e+00	4.853242416500087e+00
1.600000000000000e+00	4.709386283482189e+00
1.600000000000000e+00	4.835864875962386e+00
1.600000000000000e+00	4.818994930233960e+00
1.600000000000000e+00	4.766636171841700e+00
1.600000000000000e+00	4.631843196254374e+00
1.600000000000000e+00	4.761704622593765e+00
1.600000000000000e+00	4.801956853334056e+00
1.600000000000000e+00	4.696349657112696e+00
1.600000000000000e+00	4.685676850445969e+00
1.600000000000000e+00	4.650813151611739e+00
1.600000000000000e+00	4.749227444134207e+00
1.600000000000000e+00	4.805071980966268e+00
1.600000000000000e+00	4.804091929575794e+00
1.600000000000000e+00	4.722078334003809e+00
1.600000000000000e+00	4.758218371612694e+00
1.600000000000000e+00	4.841412080330779e+00
1.600000000000000e+00	4.785808765329555e+00
1.600000000000000e+00	4.704214731041766e+00
1.600000000000000e+00	4.826281609038907e+00
1.600000000000000e+00	4.734590532052455e+00
1.600000000000000e+00	4.683284234389355e+00
1.600000000000000e+00	4.799685677778009e+00
1.600000000000000e+00	4.744331776702077e+00
1.600000000000000e+00	4.709749872456891e+00
1.600000000000000e+00	4.716594675504981e+00
1.600000000000000e+00	4.807742001142131e+00
1.600000000000000e+00	4.616053070605185e+00
1.600000000000000e+00	4.674229307275137e+00
1.600000000000000e+00	4.822924161431074e+00
1.600000000000000e+00	4.820416065947270e+00
1.600000000000000e+00	4.706831354596930e+00
1.600000000000000e+00	4.793115270876891e+00
1.600000000000000e+00	4.737098186938562e+00
1.600000000000000e+00	4.669834468238242e+00
1.600000000000000e+00	4.778586830874072e+00
1.600000000000000e+00	4.809757640132441e+00
1.600000000000000e+00	4.669752545837719e+00
1.600000000000000e+00	4.601460533354225e+00
1.600000000000000e+00	4.709757397285652e+00
1.600000000000000e+00	4.913518432100727e+00
1.600000000000000e+00	4.748765224468238e+00
1.600000000000000e+00	4.800984542441107e+00
1.600000000000000e+00	4.676653873712348e+00
1.600000000000000e+00	4.719071966392139e+00
1.600000000000000e+00	4.798265532262644e+00
1.600000000000000e+00	4.594098086904551e+00
1.600000000000000e+00	4.686491898423732e+00
1.600000000000000e+00	4.656296934537925e+00
1.600000000000000e+00	4.685541154011261e+00
1.600000000000000e+00	4.694366916225778e+00
1.600000000000000e+00	4.713651716796371e+00
1.600000000000000e+00	4.780463385610004e+00
1.600000000000000e+00	4.793135051872652e+00
1.600000000000000e+00	4.785257298998297e+00
1.600000000000000e+00	4.822798666694347e+00
1.600000000000000e+00	4.769882916740516e+00
1.600000000000000e+00	4.693184436667000e+00
1.600000000000000e+00	4.722480347475619e+00
1.600000000000000e+00	4.669286914372019e+00
1.600000000000000e+00	4.731844007871959e+00
1.600000000000000e+00	4.677169891808351e+00
1.600000000000000e+00	4.748685681659375e+00
1.600000000000000e+00	4.797042520512290e+00
1.600000000000000e+00	4.705730493736926e+00
1.600000000000000e+00	4.738692542586778e+00
1.600000000000000e+00	4.740012542735522e+00
1.600000000000000e+00	4.647971561240217e+00
1.600000000000000e+00	4.725859481377647e+00
1.600000000000000e+00	4.686133167504737e+00
1.600000000000000e+00	4.833990322888420e+00
1.600000000000000e+00	4.746369971707571e+00
1.600000000000000e+00	4.755879766156337e+00
1.600000000000000e+00	4.662836907149686e+00
1.600000000000000e+00	4.763385872123225e+00
1.600000000000000e+00	4.616274764921735e+00
1.600000000000000e+00	4.740216432280901e+00
1.600000000000000e+00	4.860903330306452e+00
1.600000000000000e+00	4.882539327189590e+00
1.600000000000000e+00	4.858915306380235e+00
1.600000000000000e+00	4.679671223836516e+00
1.600000000000000e+00	4.631784389839327e+00
1.600000000000000e+00	4.734687863495916e+00
1.600000000000000e+00	4.711591117030676e+00
1.600000000000000e+00	4.873758570056450e+00
1.600000000000000e+00	4.717198066397030e+00
1.600000000000000e+00	4.692324153534931e+00
1.600000000000000e+00	4.641844917865987e+00
1.600000000000000e+00	4.807574343864657e+00
1.600000000000000e+00	4.734564403742969e+00
1.600000000000000e+00	4.708813286790474e+00
1.600000000000000e+00	4.914776791654155e+00
1.600000000000000e+00	4.597580635568047e+00
1.600000000000000e+00	4.802217019184558e+00
1.600000000000000e+00	4.848475594589708e+00
1.600000000000000e+00	4.783843316244757e+00
1.600000000000000e+00	4.761252919727356e+00
1.600000000000000e+00	4.764080953198123e+00
1.600000000000000e+00	4.732451266355627e+00
1.600000000000000e+00	4.677579056645137e+00
1.600000000000000e+00	4.789600991159841e+00
1.600000000000000e+00	4.850834243712455e+00
1.600000000000000e+00	4.625014881844421e+00
1.600000000000000e+00	4.746554794161581e+00
1.600000000000000e+00	4.643992338612849e+00
1.600000000000000e+00	4.702201453072977e+00
1.600000000000000e+00	4.818443832333029e+00
1.600000000000000e+00	4.809880119961489e+00
1.600000000000000e+00	4.636868615670144e+00
1.600000000000000e+00	4.826390613085786e+00
1.600000000000000e+00	4.611423773300649e+00
1.600000000000000e+00	4.622522788816885e+00
1.600000000000000e+00	4.748821961285824e+00
1.600000000000000e+00	4.698130337764947e+00
1.600000000000000e+00	4.816262291252726e+00
1.600000000000000e+00	4.796330846355625e+00
1.600000000000000e+00	4.819041157833110e+00
1.600000000000000e+00	4.734642429521035e+00
1.600000000000000e+00	4.730155223938037e+00
1.600000000000000e+00	4.874927239466388e+00
1.600000000000000e+00	4.748393545249234e+00
1.600000000000000e+00	4.773628493911124e+00
1.600000000000000e+00	4.595281600676452e+00
1.600000000000000e+00	4.783129028553364e+00
1.600000000000000e+00	4.651377919068631e+00
1.600000000000000e+00	4.830944917894969e+00
1.600000000000000e+00	4.690153959005229e+00
1.600000000000000e+00	4.668904358269812e+00
1.600000000000000e+00	4.745205565863437e+00
1.600000000000000e+00	4.736979056673455e+00
1.600000000000000e+00	4.755443490000605e+00
1.600000000000000e+00	4.751603798199568e+00
1.600000000000000e+00	4.875379438881938e+00
1.600000000000000e+00	4.732011916469688e+00
1.600000000000000e+00	4.685354186748401e+00
1.600000000000000e+00	4.618306503536075e+00
1.600000000000000e+00	4.760408515955902e+00
1.600000000000000e+00	4.899433160550519e+00
1.600000000000000e+00	4.889245376842446e+00
1.600000000000000e+00	4.657918662849626e+00
1.600000000000000e+00	4.720833192037645e+00
1.600000000000000e+00	4.713579756329150e+00
1.600000000000000e+00	4.813900061717240e+00
1.600000000000000e+00	4.855452304244317e+00
1.600000000000000e+00	4.795128975149324e+00
1.600000000000000e+00	4.794827923440426e+00
1.600000000000000e+00	4.752782980038872e+00
1.600000000000000e+00	4.747822539930511e+00
1.600000000000000e+00	4.760637798443756e+00
1.600000000000000e+00	4.759216742571060e+00
1.600000000000000e+00	4.731601677465696e+00
1.600000000000000e+00	4.745262361504317e+00
1.600000000000000e+00	4.790188909728883e+00
1.600000000000000e+00	4.878714349250125e+00
1.600000000000000e+00	4.641640175866787e+00
1.600000000000000e+00	4.861781147474544e+00
1.600000000000000e+00	4.720116886111706e+00
1.600000000000000e+00	4.610832717645822e+00
1.600000000000000e+00	4.796692793072943e+00
1.600000000000000e+00	4.772772620651083e+00
1.600000000000000e+00	4.646353399831197e+00
1.600000000000000e+00	4.751841400979792e+00
1.600000000000000e+00	4.749477742881472e+00
1.600000000000000e+00	4.661959084526883e+00
1.600000000000000e+00	4.735731314365032e+00
1.600000000000000e+00	4.883080577674537e+00
1.600000000000000e+00	4.648191795223202e+00
1.600000000000000e+00	4.747786020371215e+00
1.600000000000000e+00	4.700557566677303e+00
1.600000000000000e+00	4.731161473695863e+00
1.600000000000000e+00	4.881163321495202e+00
1.600000000000000e+00	4.747525255069279e+00
1.600000000000000e+00	4.661463917169894e+00
1.600000000000000e+00	4.863533212291525e+00
1.600000000000000e+00	4.823448871328961e+00
1.600000000000000e+00	4.754297534282567e+00
1.600000000000000e+00	4.697657443312598e+00
1.600000000000000e+00	4.842496920441468e+00
1.600000000000000e+00	4.936779926704899e+00
1.600000000000000e+00	4.703178979896519e+00
1.600000000000000e+00	4.719169347894113e+00
1.600000000000000e+00	4.692021119850160e+00
1.600000000000000e+00	4.757802648323526e+00
1.600000000000000e+00	4.787859721257453e+00
1.600000000000000e+00	4.707065160529546e+00
1.600000000000000e+00	4.577151523251112e+00
1.600000000000000e+00	4.639809197960355e+00
1.600000000000000e+00	4.831517469949321e+00
1.600000000000000e+00	4.870354918849596e+00
1.600000000000000e+00	4.787366763641729e+00
1.600000000000000e+00	4.658319030003108e+00
1.600000000000000e+00	4.765980132623613e+00
1.600000000000000e+00	4.697904400409799e+00
1.600000000000000e+00	4.824637622187403e+00
1.600000000000000e+00	4.814654644298555e+00
1.600000000000000e+00	4.840978402541794e+00
1.600000000000000e+00	4.723631087553969e+00
1.600000000000000e+00	4.758429577672513e+00
1.600000000000000e+00	4.628420768577048e+00
1.600000000000000e+00	4.649955718597030e+00
1.600000000000000e+00	4.617684313814593e+00
1.600000000000000e+00	4.878587932442707e+00
1.600000000000000e+00	4.707912783446398e+00
1.600000000000000e+00	4.659552583217748e+00
1.600000000000000e+00	4.758995370640793e+00
1.600000000000000e+00	4.790814260169915e+00
1.600000000000000e+00	4.860929751785720e+00
1.600000000000000e+00	4.652018960876977e+00
1.600000000000000e+00	4.757511007317747e+00
1.600000000000000e+00	4.658213242575775e+00
1.600000000000000e+00	4.684565839719684e+00
1.600000000000000e+00	4.785267682834714e+00
1.600000000000000e+00	4.614009331687038e+00
1.600000000000000e+00	4.792192420883342e+00
1.600000000000000e+00	4.779013798347547e+00
1.600000000000000e+00	4.643201135821396e+00
1.600000000000000e+00	4.826696024882876e+00
1.600000000000000e+00	4.775922003173439e+00
1.600000000000000e+00	4.856750483167191e+00
1.600000000000000e+00	4.768430980978974e+00
1.600000000000000e+00	4.681903076404604e+00
1.600000000000000e+00	4.777542848088190e+00
1.600000000000000e+00	4.754703814299138e+00
1.600000000000000e+00	4.835484676654143e+00
1.600000000000000e+00	4.862479271173161e+00
1.600000000000000e+00	4.764707734510607e+00
1.600000000000000e+00	4.669996841059075e+00
1.600000000000000e+00	4.772052804198250e+00
1.600000000000000e+00	4.767114555022941e+00
1.600000000000000e+00	4.862353628959990e+00
1.600000000000000e+00	4.785193331367545e+00
1.600000000000000e+00	4.782627355283212e+00
1.600000000000000e+00	4.663237516004138e+00
1.600000000000000e+00	4.703599990255109e+00
1.600000000000000e+00	4.748736133160390e+00
1.600000000000000e+00	4.704226032320143e+00
1.600000000000000e+00	4.787887571887576e+00
1.600000000000000e+00	4.807304102716889e+00
1.600000000000000e+00	4.655909416569866e+00
1.600000000000000e+00	4.816447657096209e+00
1.600000000000000e+00	4.777008747814686e+00
1.600000000000000e+00	4.735703721478539e+00
1.600000000000000e+00	4.817302590855746e+00
1.600000000000000e+00	4.637346483749026e+00
1.600000000000000e+00	4.825061698661920e+00
1.600000000000000e+00	4.750094597795446e+00
1.600000000000000e+00	4.816417376191019e+00
1.600000000000000e+00	4.732063009067748e+00
1.600000000000000e+00	4.738486010296496e+00
1.600000000000000e+00	4.569921924742384e+00
1.600000000000000e+00	4.680977226190944e+00
1.600000000000000e+00	4.629050971818009e+00
1.600000000000000e+00	4.676043014619003e+00
1.600000000000000e+00	4.876791795289476e+00
1.600000000000000e+00	4.737886441040962e+00
1.600000000000000e+00	4.669661929184555e+00
1.600000000000000e+00	4.789400382138689e+00
1.600000000000000e+00	4.695612656310377e+00
1.600000000000000e+00	4.752075144629817e+00
1.600000000000000e+00	4.880760331169655e+00
1.600000000000000e+00	4.808103756968396e+00
1.600000000000000e+00	4.677254946450868e+00
1.600000000000000e+00	4.763480717468370e+00
1.600000000000000e+00	4.819293658950168e+00
1.600000000000000e+00	4.684239185105091e+00
1.600000000000000e+00	4.799020714715363e+00
1.600000000000000e+00	4.844530085690574e+00
1.600000000000000e+00	4.752691482204900e+00
1.600000000000000e+00	4.786275012914206e+00
1.600000000000000e+00	4.732387542138793e+00
1.600000000000000e+00	4.845141398404395e+00
1.600000000000000e+00	4.748110194123583e+00
1.600000000000000e+00	4.848543059231414e+00
1.600000000000000e+00	4.693512441174744e+00
1.600000000000000e+00	4.679435111007501e+00
1.600000000000000e+00	4.743360971491894e+00
1.600000000000000e+00	4.738791004566108e+00
1.600000000000000e+00	4.929800527810851e+00
1.600000000000000e+00	4.678666479313688e+00
1.600000000000000e+00	4.682201821691770e+00
1.600000000000000e+00	4.719442815966639e+00
1.600000000000000e+00	4.681712271640633e+00
1.600000000000000e+00	4.688798539072399e+00
1.600000000000000e+00	4.682520925385199e+00
1.600000000000000e+00	4.744437928251631e+00
1.600000000000000e+00	4.740416881784924e+00
1.600000000000000e+00	4.790529935546217e+00
1.600000000000000e+00	4.855314807620173e+00
1.600000000000000e+00	4.796268884658218e+00
1.600000000000000e+00	4.642038674626782e+00
1.600000000000000e+00	4.788915025155757e+00
1.600000000000000e+00	4.788142182832221e+00
1.600000000000000e+00	4.778636278244541e+00
1.600000000000000e+00	4.909549107488180e+00
1.600000000000000e+00	4.660905444915176e+00
1.600000000000000e+00	4.758591237088792e+00
1.600000000000000e+00	4.811331619217723e+00
1.600000000000000e+00	4.822695066216758e+00
1.600000000000000e+00	4.790605200884002e+00
1.600000000000000e+00	4.737178686849358e+00
1.600000000000000e+00	4.866115091601625e+00
1.600000000000000e+00	4.694624488933484e+00
1.600000000000000e+00	4.905702970037181e+00
1.600000000000000e+00	4.677976888967118e+00
1.600000000000000e+00	4.784697668564587e+00
1.600000000000000e+00	4.717346423155612e+00
1.600000000000000e+00	4.695921157909408e+00
1.600000000000000e+00	4.829559853380105e+00
1.600000000000000e+00	4.746260344314211e+00
1.600000000000000e+00	4.511202987869092e+00
1.600000000000000e+00	4.674827577701421e+00
1.600000000000000e+00	4.788035265673954e+00
1.600000000000000e+00	4.753584719455342e+00
1.600000000000000e+00	4.742619539254560e+00
1.600000000000000e+00	4.735890005529837e+00
1.600000000000000e+00	4.729933170048634e+00
1.600000000000000e+00	4.769267785515391e+00
1.600000000000000e+00	4.951355886838331e+00
1.600000000000000e+00	4.717328032366516e+00
1.600000000000000e+00	4.746682402324163e+00
1.600000000000000e+00	4.801841938892956e+00
1.600000000000000e+00	4.764096214685612e+00
1.600000000000000e+00	4.615882050608029e+00
1.600000000000000e+00	4.653551628883430e+00
1.600000000000000e+00	4.909612549874446e+00
1.600000000000000e+00	4.666134408781484e+00
1.600000000000000e+00	4.698669283895051e+00
1.600000000000000e+00	4.806390385049990e+00
1.600000000000000e+00	4.746896832247705e+00
1.600000000000000e+00	4.775145866348648e+00
1.600000000000000e+00	4.760636689839277e+00
1.600000000000000e+00	4.754476917452870e+00
1.600000000000000e+00	4.829981498147843e+00
1.600000000000000e+00	4.774677888663132e+00
1.600000000000000e+00	4.661482382547847e+00
1.600000000000000e+00	4.730620255306318e+00
1.600000000000000e+00	4.729023843349918e+00
1.600000000000000e+00	4.685634549838598e+00
1.600000000000000e+00	4.816523675292981e+00
1.600000000000000e+00	4.659032976851620e+00
1.600000000000000e+00	4.857287006618982e+00
1.600000000000000e+00	4.783047337737863e+00
1.600000000000000e+00	4.699441720940703e+00
1.600000000000000e+00	4.766674983609026e+00
1.600000000000000e+00	4.916426376286954e+00
1.600000000000000e+00	4.905466660332688e+00
1.600000000000000e+00	4.675811172848481e+00
1.600000000000000e+00	4.822555916753137e+00
1.600000000000000e+00	4.716347003806530e+00
1.600000000000000e+00	4.756911670997360e+00
1.600000000000000e+00	4.705662846501188e+00
1.600000000000000e+00	4.783559868694512e+00
1.600000000000000e+00	4.703103434109373e+00
1.600000000000000e+00	4.770766697118976e+00
1.600000000000000e+00	4.765242305960532e+00
1.600000000000000e+00	4.828369478964662e+00
1.600000000000000e+00	4.773373468690782e+00
1.600000000000000e+00	4.842149882955934e+00
1.600000000000000e+00	4.700633503533384e+00
1.600000000000000e+00	4.767654430579094e+00
1.600000000000000e+00	4.720635148007223e+00
1.600000000000000e+00	4.725749038546846e+00
1.600000000000000e+00	4.730097504331731e+00
1.600000000000000e+00	4.798415293774043e+00
1.600000000000000e+00	4.658176608737447e+00
1.600000000000000e+00	4.592119899745995e+00
1.600000000000000e+00	4.630515969261740e+00
1.600000000000000e+00	4.725478045421829e+00
1.600000000000000e+00	4.763337729393315e+00
1.600000000000000e+00	4.855148249336593e+00
1.600000000000000e+00	4.906275752916797e+00
1.600000000000000e+00	4.703487287593743e+00
1.600000000000000e+00	4.634583303825836e+00
1.600000000000000e+00	4.709216175936792e+00
1.600000000000000e+00	4.748257705374677e+00
1.600000000000000e+00	4.910001413044742e+00
1.600000000000000e+00	4.870792377960659e+00
1.600000000000000e+00	4.757319201522779e+00
1.600000000000000e+00	4.698840789246216e+00
1.600000000000000e+00	4.783479248551897e+00
1.600000000000000e+00	4.845913375288891e+00
1.600000000000000e+00	4.846299117645950e+00
1.600000000000000e+00	4.833530464700194e+00
1.600000000000000e+00	4.781509071817966e+00
1.600000000000000e+00	4.722565607299191e+00
1.600000000000000e+00	4.834378002902495e+00
1.600000000000000e+00	4.753954414439906e+00
1.600000000000000e+00	4.856007960182456e+00
1.600000000000000e+00	4.773087773433005e+00
1.600000000000000e+00	4.656747643883981e+00
1.600000000000000e+00	4.844131054336307e+00
1.600000000000000e+00	4.668263668563822e+00
1.600000000000000e+00	4.707222234750075e+00
1.600000000000000e+00	4.860405587327540e+00
1.600000000000000e+00	4.824981663939777e+00
1.600000000000000e+00	4.710007136315789e+00
1.600000000000000e+00	4.658767533410902e+00
1.600000000000000e+00	4.749041400830846e+00
1.600000000000000e+00	4.830676949906357e+00
1.600000000000000e+00	4.657717959467742e+00
1.600000000000000e+00	4.722278496746704e+00
1.600000000000000e+00	4.676047866109030e+00
1.600000000000000e+00	4.727676230926076e+00
1.600000000000000e+00	4.656034571136514e+00
1.600000000000000e+00	4.802025898240081e+00
1.600000000000000e+00	4.833557799566053e+00
1.600000000000000e+00	4.797597350993455e+00
1.600000000000000e+00	4.789993383065465e+00
1.600000000000000e+00	4.762548748258066e+00
1.600000000000000e+00	4.724460118130135e+00
1.600000000000000e+00	4.730212952352117e+00
1.600000000000000e+00	4.630132950561887e+00
1.600000000000000e+00	4.907289047391167e+00
1.600000000000000e+00	4.794508714640815e+00
1.600000000000000e+00	4.752556623627897e+00
1.600000000000000e+00	4.824331934708310e+00
1.600000000000000e+00	4.856338142086998e+00
1.600000000000000e+00	4.704090159812011e+00
1.600000000000000e+00	4.695264857363219e+00
1.600000000000000e+00	4.719641991751261e+00
1.600000000000000e+00	4.621943098029102e+00
1.600000000000000e+00	4.694144201786924e+00
1.600000000000000e+00	4.715129348098241e+00
1.600000000000000e+00	4.970202971544039e+00
1.600000000000000e+00	4.772294395407938e+00
1.600000000000000e+00	4.825221077543098e+00
1.600000000000000e+00	4.763738513815198e+00
1.600000000000000e+00	4.726976192890049e+00
1.600000000000000e+00	4.818810934017431e+00
1.600000000000000e+00	4.778045373018875e+00
