2.900000000000000e+00	5.799393940943131e-01
2.900000000000000e+00	5.524909580700488e-01
2.900000000000000e+00	5.324312229202772e-01
2.900000000000000e+00	5.967589533613580e-01
2.900000000000000e+00	5.986937795846551e-01
2.900000000000000e+00	5.787810315569027e-01
2.900000000000000e+00	5.724623829849435e-01
2.900000000000000e+00	6.219735581066363e-01
2.900000000000000e+00	6.000434183505144e-01
2.900000000000000e+00	5.399127380445206e-01
2.900000000000000e+00	6.033550667246769e-01
2.900000000000000e+00	5.859289003059706e-01
2.900000000000000e+00	5.844148054286132e-01
2.900000000000000e+00	5.802246205892381e-01
2.900000000000000e+00	6.032850300006234e-01
2.900000000000000e+00	5.962829678785330e-01
2.900000000000000e+00	5.766184410981240e-01
2.900000000000000e+00	5.977220408223705e-01
2.900000000000000e+00	5.676963114486624e-01
2.900000000000000e+00	6.300116885907575e-01
2.900000000000000e+00	5.672066949921508e-01
2.900000000000000e+00	5.831421155417857e-01
2.900000000000000e+00	5.753643151440837e-01
2.900000000000000e+00	6.426457342386003e-01
2.900000000000000e+00	5.702433401398048e-01
2.900000000000000e+00	5.549197851627774e-01
2.900000000000000e+00	5.750899194755600e-01
2.900000000000000e+00	5.789761462233201e-01
2.900000000000000e+00	5.903157718199518e-01
2.900000000000000e+00	5.706485843193236e-01
2.900000000000000e+00	6.309333871572944e-01
2.900000000000000e+00	5.786013100285048e-01
2.900000000000000e+00	6.139455107020330e-01
2.900000000000000e+00	5.975570961660434e-01
2.900000000000000e+00	5.720967776067690e-01
2.900000000000000e+00	5.913623045945687e-01
2.900000000000000e+00	5.666809095436529e-01
2.900000000000000e+00	5.591574499822665e-01
2.900000000000000e+00	6.194447763858886e-01
2.900000000000000e+00	5.971567041787702e-01
2.900000000000000e+00	5.708822066999256e-01
2.900000000000000e+00	5.849257697515892e-01
2.900000000000000e+00	5.590432223546504e-01
2.900000000000000e+00	5.899975722137053e-01
2.900000000000000e+00	5.968791848783850e-01
2.900000000000000e+00	5.937019397618996e-01
2.900000000000000e+00	6.011450148382732e-01
2.900000000000000e+00	5.989271053134584e-01
2.900000000000000e+00	6.010457769657036e-01
2.900000000000000e+00	5.528644302206951e-01
2.900000000000000e+00	5.175523649287889e-01
2.900000000000000e+00	6.019278894862394e-01
2.900000000000000e+00	5.816567382669066e-01
2.900000000000000e+00	5.808933531127265e-01
2.900000000000000e+00	5.780203228815378e-01
2.900000000000000e+00	6.157330351143542e-01
2.900000000000000e+00	5.567272989596407e-01
2.900000000000000e+00	6.175233646497069e-01
2.900000000000000e+00	5.551883867709012e-01
2.900000000000000e+00	6.035125392065037e-01
2.900000000000000e+00	5.463453206289856e-01
2.900000000000000e+00	5.392496373966627e-01
2.900000000000000e+00	6.353570347444336e-01
2.900000000000000e+00	5.766690612321304e-01
2.900000000000000e+00	6.049142370249762e-01
2.900000000000000e+00	6.145799113957625e-01
2.900000000000000e+00	6.412127411194376e-01
2.900000000000000e+00	6.069303974261735e-01
2.900000000000000e+00	5.355663666625604e-01
2.900000000000000e+00	5.622946337742369e-01
2.900000000000000e+00	5.790942900322832e-01
2.900000000000000e+00	5.843865705195707e-01
2.900000000000000e+00	6.092681790276211e-01
2.900000000000000e+00	5.662346091510535e-01
2.900000000000000e+00	5.230719072878622e-01
2.900000000000000e+00	5.674374344621346e-01
2.900000000000000e+00	6.115083705911210e-01
2.900000000000000e+00	6.126861153880531e-01
2.900000000000000e+00	6.088298991625625e-01
2.900000000000000e+00	5.632045425967970e-01
2.900000000000000e+00	5.782790954625565e-01
2.900000000000000e+00	5.667436697850772e-01
2.900000000000000e+00	5.601898697801038e-01
2.900000000000000e+00	5.504853257231859e-01
2.900000000000000e+00	5.503053587153389e-01
2.900000000000000e+00	6.081383072405758e-01
2.900000000000000e+00	6.409210091965887e-01
2.900000000000000e+00	5.675900109018942e-01
2.900000000000000e+00	5.959176789418517e-01
2.900000000000000e+00	6.299556647849190e-01
2.900000000000000e+00	5.516114748898695e-01
2.900000000000000e+00	6.258050225619957e-01
2.900000000000000e+00	5.762547904864157e-01
2.900000000000000e+00	5.895001421739368e-01
2.900000000000000e+00	5.469210934444845e-01
2.900000000000000e+00	5.601785889178594e-01
2.900000000000000e+00	5.547910872472619e-01
2.900000000000000e+00	5.948120854103581e-01
2.900000000000000e+00	5.550883047507481e-01
2.900000000000000e+00	5.589262259680304e-01
2.900000000000000e+00	5.951350948225174e-01
2.900000000000000e+00	5.638244950734492e-01
2.900000000000000e+00	5.791724681297399e-01
2.900000000000000e+00	5.809651381609553e-01
2.900000000000000e+00	6.054711966364548e-01
2.900000000000000e+00	5.830552310868953e-01
2.900000000000000e+00	6.138794377356662e-01
2.900000000000000e+00	5.374628045684088e-01
2.900000000000000e+00	5.965989794287796e-01
2.900000000000000e+00	6.263230750831182e-01
2.900000000000000e+00	5.759239101047480e-01
2.900000000000000e+00	6.136887009517797e-01
2.900000000000000e+00	6.297329257710426e-01
2.900000000000000e+00	5.611760231990672e-01
2.900000000000000e+00	5.799912721515577e-01
2.900000000000000e+00	5.606010800462146e-01
2.900000000000000e+00	5.765819734668721e-01
2.900000000000000e+00	5.762768919013850e-01
2.900000000000000e+00	5.578722978186568e-01
2.900000000000000e+00	6.010017347863570e-01
2.900000000000000e+00	6.195183594155500e-01
2.900000000000000e+00	5.853353459127044e-01
2.900000000000000e+00	6.348540267882459e-01
2.900000000000000e+00	6.129530380387060e-01
2.900000000000000e+00	5.923850459002883e-01
2.900000000000000e+00	5.554604838151831e-01
2.900000000000000e+00	5.856708119598875e-01
2.900000000000000e+00	5.519597435219800e-01
2.900000000000000e+00	5.668655739095924e-01
2.900000000000000e+00	5.490481182464443e-01
2.900000000000000e+00	5.653211774566028e-01
2.900000000000000e+00	5.713387356216585e-01
2.900000000000000e+00	5.996212692225784e-01
2.900000000000000e+00	5.581368761834102e-01
2.900000000000000e+00	6.007041132456834e-01
2.900000000000000e+00	5.757608530595583e-01
2.900000000000000e+00	5.201253107141426e-01
2.900000000000000e+00	5.821473351260988e-01
2.900000000000000e+00	6.377254360810154e-01
2.900000000000000e+00	6.185361615218271e-01
2.900000000000000e+00	5.978200399691744e-01
2.900000000000000e+00	5.938743028405848e-01
2.900000000000000e+00	6.211808660145548e-01
2.900000000000000e+00	5.935006594869111e-01
2.900000000000000e+00	5.288142601238849e-01
2.900000000000000e+00	5.927360372275041e-01
2.900000000000000e+00	5.833596693126304e-01
2.900000000000000e+00	5.726248611893010e-01
2.900000000000000e+00	5.984361647436175e-01
2.900000000000000e+00	5.563780305703002e-01
2.900000000000000e+00	6.007836485458785e-01
2.900000000000000e+00	5.917064651381004e-01
2.900000000000000e+00	5.584861172498106e-01
2.900000000000000e+00	5.850485391147444e-01
2.900000000000000e+00	6.013558437672241e-01
2.900000000000000e+00	5.853977228089110e-01
2.900000000000000e+00	6.119111109158994e-01
2.900000000000000e+00	6.000508282496996e-01
2.900000000000000e+00	5.558402040013035e-01
2.900000000000000e+00	5.963660276975765e-01
2.900000000000000e+00	5.858556601683346e-01
2.900000000000000e+00	6.031070324143436e-01
2.900000000000000e+00	5.650783781029511e-01
2.900000000000000e+00	5.953288051785454e-01
2.900000000000000e+00	5.600710329329425e-01
2.900000000000000e+00	5.730444350845385e-01
2.900000000000000e+00	5.972725181908374e-01
2.900000000000000e+00	5.931464466798533e-01
2.900000000000000e+00	6.401057618338633e-01
2.900000000000000e+00	5.991194417114172e-01
2.900000000000000e+00	5.978612227629894e-01
2.900000000000000e+00	5.856362334878987e-01
2.900000000000000e+00	6.165673773816241e-01
2.900000000000000e+00	5.234880036607831e-01
2.900000000000000e+00	5.638057971408622e-01
2.900000000000000e+00	5.735684347099012e-01
2.900000000000000e+00	5.558954194396585e-01
2.900000000000000e+00	6.121425870721272e-01
2.900000000000000e+00	5.818753089845307e-01
2.900000000000000e+00	5.972655340692212e-01
2.900000000000000e+00	5.770431284206253e-01
2.900000000000000e+00	6.048129794402853e-01
2.900000000000000e+00	6.230060594867022e-01
2.900000000000000e+00	5.629474108851044e-01
2.900000000000000e+00	5.858776635427464e-01
2.900000000000000e+00	5.742866777363639e-01
2.900000000000000e+00	5.458803618300914e-01
2.900000000000000e+00	6.284264005112145e-01
2.900000000000000e+00	5.999253174373275e-01
2.900000000000000e+00	6.251891795614635e-01
2.900000000000000e+00	5.873030422387958e-01
2.900000000000000e+00	5.676837525251016e-01
2.900000000000000e+00	6.090488655053014e-01
2.900000000000000e+00	5.793007556532633e-01
2.900000000000000e+00	5.562593345293581e-01
2.900000000000000e+00	5.729403979105607e-01
2.900000000000000e+00	5.669561793886908e-01
2.900000000000000e+00	5.920857780042293e-01
2.900000000000000e+00	5.912350839834315e-01
2.900000000000000e+00	6.032726734131586e-01
2.900000000000000e+00	5.814456202372269e-01
2.900000000000000e+00	5.706315195264801e-01
2.900000000000000e+00	5.447865175224280e-01
2.900000000000000e+00	6.471775994029859e-01
2.900000000000000e+00	5.848588533307234e-01
2.900000000000000e+00	5.912141936199319e-01
2.900000000000000e+00	5.755355721435106e-01
2.900000000000000e+00	6.048615077701854e-01
2.900000000000000e+00	5.768105895856066e-01
2.900000000000000e+00	5.753609228331786e-01
2.900000000000000e+00	5.734938821563383e-01
2.900000000000000e+00	5.881684496422379e-01
2.900000000000000e+00	5.697836989996234e-01
2.900000000000000e+00	5.862353255966722e-01
2.900000000000000e+00	5.505489145251282e-01
2.900000000000000e+00	5.701888135727661e-01
2.900000000000000e+00	6.451935208268035e-01
2.900000000000000e+00	5.684535979498917e-01
2.900000000000000e+00	5.742367888898184e-01
2.900000000000000e+00	6.113352673258416e-01
2.900000000000000e+00	5.732843842806323e-01
2.900000000000000e+00	5.532380580090724e-01
2.900000000000000e+00	5.787563421919286e-01
2.900000000000000e+00	5.624364321997196e-01
2.900000000000000e+00	6.086402127204594e-01
2.900000000000000e+00	5.732894545172738e-01
2.900000000000000e+00	6.206465377508433e-01
2.900000000000000e+00	6.119492943341954e-01
2.900000000000000e+00	5.795558318993708e-01
2.900000000000000e+00	5.911097945960987e-01
2.900000000000000e+00	5.995414290868667e-01
2.900000000000000e+00	5.755885989213771e-01
2.900000000000000e+00	5.350339344749637e-01
2.900000000000000e+00	5.813858237690025e-01
2.900000000000000e+00	5.938348318649662e-01
2.900000000000000e+00	5.838518500761659e-01
2.900000000000000e+00	5.698671928818373e-01
2.900000000000000e+00	5.866576717134255e-01
2.900000000000000e+00	6.206086667095151e-01
2.900000000000000e+00	6.210869166797047e-01
2.900000000000000e+00	6.078960861221867e-01
2.900000000000000e+00	6.082867900040014e-01
2.900000000000000e+00	5.792977566903488e-01
2.900000000000000e+00	5.965089730866669e-01
2.900000000000000e+00	6.273882746611655e-01
2.900000000000000e+00	6.330990013740495e-01
2.900000000000000e+00	5.828880105851022e-01
2.900000000000000e+00	6.211687672252111e-01
2.900000000000000e+00	6.195355686963405e-01
2.900000000000000e+00	5.665054480178228e-01
2.900000000000000e+00	5.720978319177726e-01
2.900000000000000e+00	5.647741562441663e-01
2.900000000000000e+00	6.341944865585103e-01
2.900000000000000e+00	5.893034835795514e-01
2.900000000000000e+00	5.957105094416155e-01
2.900000000000000e+00	6.095582056213902e-01
2.900000000000000e+00	5.781271425414368e-01
2.900000000000000e+00	5.977467041218664e-01
2.900000000000000e+00	6.203088193773802e-01
2.900000000000000e+00	5.972299208189835e-01
2.900000000000000e+00	6.027882919948947e-01
2.900000000000000e+00	5.383725760481686e-01
2.900000000000000e+00	5.654364512512874e-01
2.900000000000000e+00	6.134763389948323e-01
2.900000000000000e+00	5.767392663923168e-01
2.900000000000000e+00	6.167987553260009e-01
2.900000000000000e+00	5.770480299535442e-01
2.900000000000000e+00	5.617768769286141e-01
2.900000000000000e+00	6.229992577488074e-01
2.900000000000000e+00	5.609124187471598e-01
2.900000000000000e+00	6.084699249033276e-01
2.900000000000000e+00	5.961541939346078e-01
2.900000000000000e+00	5.438527633028135e-01
2.900000000000000e+00	6.181820320570373e-01
2.900000000000000e+00	6.091352498665835e-01
2.900000000000000e+00	5.804497662517910e-01
2.900000000000000e+00	5.832916228008458e-01
2.900000000000000e+00	5.776030349412422e-01
2.900000000000000e+00	5.932366031969766e-01
2.900000000000000e+00	5.882968299997688e-01
2.900000000000000e+00	6.101392383284663e-01
2.900000000000000e+00	5.966320239806027e-01
2.900000000000000e+00	5.810170411902863e-01
2.900000000000000e+00	5.756808679275996e-01
2.900000000000000e+00	5.905415674163830e-01
2.900000000000000e+00	5.732497759264791e-01
2.900000000000000e+00	5.640105638116192e-01
2.900000000000000e+00	5.819121035217047e-01
2.900000000000000e+00	5.974927088046370e-01
2.900000000000000e+00	6.161406807669926e-01
2.900000000000000e+00	5.682993814487456e-01
2.900000000000000e+00	6.088323471530572e-01
2.900000000000000e+00	6.382078460495353e-01
2.900000000000000e+00	5.983930842240253e-01
2.900000000000000e+00	6.121689189454885e-01
2.900000000000000e+00	5.706051053689879e-01
2.900000000000000e+00	5.749196862190914e-01
2.900000000000000e+00	5.244726099142918e-01
2.900000000000000e+00	6.100168034639563e-01
2.900000000000000e+00	6.127416515046741e-01
2.900000000000000e+00	5.686699786583469e-01
2.900000000000000e+00	6.022712382661342e-01
2.900000000000000e+00	5.970864441125405e-01
2.900000000000000e+00	6.016986929232226e-01
2.900000000000000e+00	5.868689206224038e-01
2.900000000000000e+00	6.093018626778073e-01
2.900000000000000e+00	5.540267683559239e-01
2.900000000000000e+00	5.619791736762835e-01
2.900000000000000e+00	5.505816920305214e-01
2.900000000000000e+00	5.879898148400138e-01
2.900000000000000e+00	6.215042140073960e-01
2.900000000000000e+00	5.617542743554421e-01
2.900000000000000e+00	5.527083048156601e-01
2.900000000000000e+00	5.912848239009324e-01
2.900000000000000e+00	6.143943073926943e-01
2.900000000000000e+00	5.809058563710869e-01
2.900000000000000e+00	5.753941393452892e-01
2.900000000000000e+00	5.834482537720540e-01
2.900000000000000e+00	5.926874340452866e-01
2.900000000000000e+00	6.030403762891098e-01
2.900000000000000e+00	5.443786584728396e-01
2.900000000000000e+00	6.304078314270328e-01
2.900000000000000e+00	5.602166631334440e-01
2.900000000000000e+00	5.361566057064837e-01
2.900000000000000e+00	5.653688829302150e-01
2.900000000000000e+00	5.430868046508439e-01
2.900000000000000e+00	6.113030113987347e-01
2.900000000000000e+00	6.071479885030414e-01
2.900000000000000e+00	5.964048656941184e-01
2.900000000000000e+00	6.183600848391614e-01
2.900000000000000e+00	6.303602022912307e-01
2.900000000000000e+00	5.831845761894044e-01
2.900000000000000e+00	5.602967429789802e-01
2.900000000000000e+00	5.652577491963318e-01
2.900000000000000e+00	5.663147652586595e-01
2.900000000000000e+00	5.874692319633086e-01
2.900000000000000e+00	5.320924733123643e-01
2.900000000000000e+00	5.365163065828422e-01
2.900000000000000e+00	5.967447099131039e-01
2.900000000000000e+00	5.748820227049966e-01
2.900000000000000e+00	5.749177882975288e-01
2.900000000000000e+00	5.376113621930505e-01
2.900000000000000e+00	5.796443746055828e-01
2.900000000000000e+00	6.449718877457195e-01
2.900000000000000e+00	6.280011685731620e-01
2.900000000000000e+00	6.291670016184341e-01
2.900000000000000e+00	5.765969743232626e-01
2.900000000000000e+00	5.934394389138425e-01
2.900000000000000e+00	5.832612488138914e-01
2.900000000000000e+00	5.583125574686578e-01
2.900000000000000e+00	5.412307261025850e-01
2.900000000000000e+00	5.548941508360202e-01
2.900000000000000e+00	6.063311504681136e-01
2.900000000000000e+00	5.742919203390285e-01
2.900000000000000e+00	5.319779117856278e-01
2.900000000000000e+00	5.589573708528535e-01
2.900000000000000e+00	6.267268517681451e-01
2.900000000000000e+00	5.879501934586948e-01
2.900000000000000e+00	6.105753344140051e-01
2.900000000000000e+00	5.954191224035164e-01
2.900000000000000e+00	5.879039174037739e-01
2.900000000000000e+00	5.758939079566191e-01
2.900000000000000e+00	5.527460016647899e-01
2.900000000000000e+00	5.746569366740913e-01
2.900000000000000e+00	5.945955359847289e-01
2.900000000000000e+00	6.208243113536266e-01
2.900000000000000e+00	5.983845578375373e-01
2.900000000000000e+00	6.172717165418621e-01
2.900000000000000e+00	5.889144473065563e-01
2.900000000000000e+00	5.626248913890473e-01
2.900000000000000e+00	5.615079390670237e-01
2.900000000000000e+00	5.909236143122960e-01
2.900000000000000e+00	5.787364647587619e-01
2.900000000000000e+00	5.880886877105587e-01
2.900000000000000e+00	5.573549874738151e-01
2.900000000000000e+00	6.186098839661325e-01
2.900000000000000e+00	5.614741463749279e-01
2.900000000000000e+00	5.790854928970345e-01
2.900000000000000e+00	5.498921521106505e-01
2.900000000000000e+00	5.817269070966201e-01
2.900000000000000e+00	5.943339676441661e-01
2.900000000000000e+00	5.771045568126941e-01
2.900000000000000e+00	5.722774552657669e-01
2.900000000000000e+00	5.983138355258711e-01
2.900000000000000e+00	5.737766725218120e-01
2.900000000000000e+00	5.634094461389588e-01
2.900000000000000e+00	5.964947339362747e-01
2.900000000000000e+00	6.317333939561962e-01
2.900000000000000e+00	6.001491446381727e-01
2.900000000000000e+00	6.196125673096737e-01
2.900000000000000e+00	5.902482996704450e-01
2.900000000000000e+00	5.618454812538309e-01
2.900000000000000e+00	5.705433094337048e-01
2.900000000000000e+00	5.479134192376951e-01
2.900000000000000e+00	6.120922553694823e-01
2.900000000000000e+00	5.643518856564932e-01
2.900000000000000e+00	5.226561077875271e-01
2.900000000000000e+00	5.635055967712187e-01
2.900000000000000e+00	5.738860267492275e-01
2.900000000000000e+00	6.076644354238319e-01
2.900000000000000e+00	6.123745038171744e-01
2.900000000000000e+00	5.794320764321768e-01
2.900000000000000e+00	5.927678368415332e-01
2.900000000000000e+00	5.723855128571587e-01
2.900000000000000e+00	5.726237119632228e-01
2.900000000000000e+00	5.526472363237250e-01
2.900000000000000e+00	6.135862177431297e-01
2.900000000000000e+00	5.865226212036414e-01
2.900000000000000e+00	5.528429847534257e-01
2.900000000000000e+00	6.245814737254604e-01
2.900000000000000e+00	6.123500718668016e-01
2.900000000000000e+00	6.275635507886722e-01
2.900000000000000e+00	6.028863056040535e-01
2.900000000000000e+00	5.760214826255383e-01
2.900000000000000e+00	5.498787341781913e-01
2.900000000000000e+00	5.707895564382719e-01
2.900000000000000e+00	5.896487634585058e-01
2.900000000000000e+00	5.902976389994090e-01
2.900000000000000e+00	6.070362018299411e-01
2.900000000000000e+00	6.461631988539843e-01
2.900000000000000e+00	5.996263841815896e-01
2.900000000000000e+00	5.497947777488729e-01
2.900000000000000e+00	5.564587062008001e-01
2.900000000000000e+00	5.866925954551556e-01
2.900000000000000e+00	5.568042512626651e-01
2.900000000000000e+00	5.799531004446190e-01
2.900000000000000e+00	5.197169136554298e-01
2.900000000000000e+00	5.342152951333293e-01
2.900000000000000e+00	5.840776525320075e-01
2.900000000000000e+00	5.717549587820415e-01
2.900000000000000e+00	5.880108099172454e-01
2.900000000000000e+00	6.106683396722629e-01
2.900000000000000e+00	5.830046129816280e-01
2.900000000000000e+00	5.857831056054232e-01
2.900000000000000e+00	5.739427278357506e-01
2.900000000000000e+00	5.422660017530829e-01
2.900000000000000e+00	5.775012106231053e-01
2.900000000000000e+00	5.929547944686616e-01
2.900000000000000e+00	5.781762787349574e-01
2.900000000000000e+00	5.710739926314833e-01
2.900000000000000e+00	5.487183705347516e-01
2.900000000000000e+00	5.422259539117669e-01
2.900000000000000e+00	5.885966022685676e-01
2.900000000000000e+00	5.589718546880831e-01
2.900000000000000e+00	5.740312656297637e-01
2.900000000000000e+00	5.765998693744202e-01
2.900000000000000e+00	5.927105019636948e-01
2.900000000000000e+00	6.115599844709043e-01
2.900000000000000e+00	6.220150833877011e-01
2.900000000000000e+00	6.199206815564907e-01
2.900000000000000e+00	5.768371640129093e-01
2.900000000000000e+00	5.867343275519649e-01
2.900000000000000e+00	6.276206794280077e-01
2.900000000000000e+00	6.295258376282503e-01
2.900000000000000e+00	5.835827347402195e-01
2.900000000000000e+00	5.788252131802768e-01
2.900000000000000e+00	5.519061244584370e-01
2.900000000000000e+00	5.498669937601622e-01
2.900000000000000e+00	5.867612059948648e-01
2.900000000000000e+00	6.152251516122871e-01
2.900000000000000e+00	5.736055585845292e-01
2.900000000000000e+00	5.875994885926467e-01
2.900000000000000e+00	6.110056570119778e-01
2.900000000000000e+00	6.295443504389928e-01
2.900000000000000e+00	5.922731527407874e-01
2.900000000000000e+00	5.685674664628096e-01
2.900000000000000e+00	6.453269923730499e-01
2.900000000000000e+00	5.968256657112110e-01
2.900000000000000e+00	5.462935950572947e-01
2.900000000000000e+00	5.589063647126156e-01
2.900000000000000e+00	5.212025446854537e-01
2.900000000000000e+00	5.478348564270034e-01
2.900000000000000e+00	5.443426474773768e-01
2.900000000000000e+00	5.981187436086540e-01
2.900000000000000e+00	5.789672927470072e-01
2.900000000000000e+00	6.116529037742191e-01
2.900000000000000e+00	6.136449895511578e-01
2.900000000000000e+00	6.015741552011219e-01
2.900000000000000e+00	5.936970877119663e-01
2.900000000000000e+00	5.552613771943306e-01
2.900000000000000e+00	5.388438817030472e-01
2.900000000000000e+00	5.726051274142065e-01
2.900000000000000e+00	5.227115694697846e-01
2.900000000000000e+00	5.797748605820546e-01
2.900000000000000e+00	6.011420657359527e-01
2.900000000000000e+00	5.979264385368723e-01
2.900000000000000e+00	6.075920703625284e-01
2.900000000000000e+00	6.180657454984972e-01
2.900000000000000e+00	5.532904628155910e-01
2.900000000000000e+00	5.304627392125377e-01
2.900000000000000e+00	5.885767328306470e-01
2.900000000000000e+00	5.789796638953548e-01
2.900000000000000e+00	6.033164349645247e-01
2.900000000000000e+00	5.322294897388701e-01
2.900000000000000e+00	5.491481788918700e-01
2.900000000000000e+00	5.578571745263031e-01
2.900000000000000e+00	5.956532174372320e-01
2.900000000000000e+00	5.649910522810948e-01
2.900000000000000e+00	5.795960572836824e-01
2.900000000000000e+00	5.763591006866409e-01
2.900000000000000e+00	5.718167086803262e-01
2.900000000000000e+00	5.876026244167417e-01
2.900000000000000e+00	6.040356630934816e-01
2.900000000000000e+00	6.037215052472715e-01
2.900000000000000e+00	6.216567969041954e-01
2.900000000000000e+00	6.216713971218119e-01
2.900000000000000e+00	5.895109979233680e-01
2.900000000000000e+00	6.053651148235719e-01
2.900000000000000e+00	6.053564283280085e-01
2.900000000000000e+00	5.812967899205383e-01
2.900000000000000e+00	5.794440064341621e-01
2.900000000000000e+00	5.935135466513850e-01
2.900000000000000e+00	6.134733129440733e-01
2.900000000000000e+00	6.466186010953817e-01
2.900000000000000e+00	6.064991605782593e-01
2.900000000000000e+00	5.480575719086013e-01
2.900000000000000e+00	5.403970930346669e-01
2.900000000000000e+00	5.976873850439277e-01
2.900000000000000e+00	5.863338952277305e-01
2.900000000000000e+00	5.994913067401142e-01
2.900000000000000e+00	6.359275873660396e-01
2.900000000000000e+00	5.578036440487187e-01
2.900000000000000e+00	5.367651560495131e-01
2.900000000000000e+00	5.511027171593138e-01
2.900000000000000e+00	5.881429055545023e-01
2.900000000000000e+00	6.265520665401477e-01
2.900000000000000e+00	5.590068227006665e-01
2.900000000000000e+00	6.224565801873980e-01
2.900000000000000e+00	6.279400800167788e-01
2.900000000000000e+00	5.843501104168701e-01
2.900000000000000e+00	5.707858472600159e-01
2.900000000000000e+00	5.475575845791690e-01
2.900000000000000e+00	6.008287979949715e-01
2.900000000000000e+00	6.051759639176645e-01
2.900000000000000e+00	5.929156233390990e-01
2.900000000000000e+00	6.023603627098324e-01
2.900000000000000e+00	5.844187244331602e-01
2.900000000000000e+00	5.783187583791199e-01
2.900000000000000e+00	5.483343100984770e-01
2.900000000000000e+00	5.691060951944189e-01
2.900000000000000e+00	5.714389707974358e-01
2.900000000000000e+00	5.951290574552225e-01
2.900000000000000e+00	6.200082551089804e-01
2.900000000000000e+00	5.746593964583154e-01
2.900000000000000e+00	5.587896935372830e-01
2.900000000000000e+00	5.639169234615501e-01
2.900000000000000e+00	5.861816003943994e-01
2.900000000000000e+00	5.794157362496996e-01
2.900000000000000e+00	6.279217608715977e-01
2.900000000000000e+00	5.896481538877036e-01
2.900000000000000e+00	6.360627055201804e-01
2.900000000000000e+00	5.911257141056391e-01
2.900000000000000e+00	5.777465696995668e-01
2.900000000000000e+00	6.124416837044302e-01
2.900000000000000e+00	5.777202171691742e-01
2.900000000000000e+00	6.156287087311736e-01
2.900000000000000e+00	5.753436704728608e-01
2.900000000000000e+00	6.011374637691302e-01
2.900000000000000e+00	6.036544717415840e-01
2.900000000000000e+00	5.643161383060108e-01
2.900000000000000e+00	5.696463875617881e-01
2.900000000000000e+00	5.571201813514652e-01
2.900000000000000e+00	6.298504354854462e-01
2.900000000000000e+00	6.118811334845127e-01
2.900000000000000e+00	5.949613832467795e-01
2.900000000000000e+00	5.848247912423357e-01
2.900000000000000e+00	6.369182209623722e-01
2.900000000000000e+00	6.010981124791692e-01
2.900000000000000e+00	6.340489592338097e-01
2.900000000000000e+00	5.211831469104748e-01
2.900000000000000e+00	5.500529966575541e-01
2.900000000000000e+00	5.853183847175115e-01
2.900000000000000e+00	6.179546602448883e-01
2.900000000000000e+00	5.991402240530314e-01
2.900000000000000e+00	6.272074275046089e-01
2.900000000000000e+00	5.938500227425431e-01
2.900000000000000e+00	6.126957031090029e-01
2.900000000000000e+00	6.529261128585122e-01
2.900000000000000e+00	5.978359973525307e-01
2.900000000000000e+00	5.656420152522503e-01
2.900000000000000e+00	5.820175893633973e-01
2.900000000000000e+00	5.903273609054224e-01
2.900000000000000e+00	6.140591469378101e-01
2.900000000000000e+00	6.327406353010309e-01
2.900000000000000e+00	6.159496824574956e-01
2.900000000000000e+00	5.849165124282800e-01
2.900000000000000e+00	6.025126225470417e-01
2.900000000000000e+00	5.658098588918210e-01
2.900000000000000e+00	5.675278930829506e-01
2.900000000000000e+00	6.247423953096183e-01
2.900000000000000e+00	5.874874482414315e-01
2.900000000000000e+00	5.781862038908051e-01
2.900000000000000e+00	5.706857474542135e-01
2.900000000000000e+00	5.795483748234699e-01
2.900000000000000e+00	6.160677015481403e-01
2.900000000000000e+00	6.287070132904938e-01
2.900000000000000e+00	5.877993031762860e-01
2.900000000000000e+00	5.810819249498927e-01
2.900000000000000e+00	5.946125788714899e-01
2.900000000000000e+00	5.834807312895274e-01
2.900000000000000e+00	5.440891615010708e-01
2.900000000000000e+00	5.763964287873433e-01
2.900000000000000e+00	6.247133745983944e-01
2.900000000000000e+00	5.693545602945024e-01
2.900000000000000e+00	5.825691309299382e-01
2.900000000000000e+00	5.845494533762415e-01
2.900000000000000e+00	5.717376814534142e-01
2.900000000000000e+00	5.740438491594206e-01
2.900000000000000e+00	5.853157382694060e-01
2.900000000000000e+00	5.987481311438037e-01
2.900000000000000e+00	5.531872208337080e-01
2.900000000000000e+00	6.114518459041922e-01
2.900000000000000e+00	6.003189402774811e-01
2.900000000000000e+00	6.166463788223788e-01
2.900000000000000e+00	6.054990870844346e-01
2.900000000000000e+00	5.841068816011789e-01
2.900000000000000e+00	5.922469501899950e-01
2.900000000000000e+00	6.169208336105277e-01
2.900000000000000e+00	6.104337193494191e-01
2.900000000000000e+00	5.401176221068315e-01
2.900000000000000e+00	5.974459541535356e-01
2.900000000000000e+00	5.758664701715100e-01
2.900000000000000e+00	6.057096434311704e-01
2.900000000000000e+00	5.448772507516122e-01
2.900000000000000e+00	5.794654053068906e-01
2.900000000000000e+00	5.520313145168211e-01
2.900000000000000e+00	5.586663016995442e-01
2.900000000000000e+00	6.228565005718738e-01
2.900000000000000e+00	5.638616941039707e-01
2.900000000000000e+00	5.438593594109462e-01
2.900000000000000e+00	6.093705783310552e-01
2.900000000000000e+00	5.987194781954192e-01
2.900000000000000e+00	5.793819758646556e-01
2.900000000000000e+00	5.631941097702367e-01
2.900000000000000e+00	6.120024780011054e-01
2.900000000000000e+00	5.789695674815415e-01
2.900000000000000e+00	6.426476205370671e-01
2.900000000000000e+00	5.889715125300331e-01
2.900000000000000e+00	6.010118854173790e-01
2.900000000000000e+00	5.925568649231245e-01
2.900000000000000e+00	5.842478387260907e-01
2.900000000000000e+00	5.797880340605536e-01
2.900000000000000e+00	6.115472488805884e-01
2.900000000000000e+00	5.848489130560572e-01
2.900000000000000e+00	6.061748359819130e-01
2.900000000000000e+00	5.959542394959813e-01
2.900000000000000e+00	5.665710147675407e-01
2.900000000000000e+00	6.141192244639153e-01
2.900000000000000e+00	5.620791850964378e-01
2.900000000000000e+00	5.586878704102377e-01
2.900000000000000e+00	5.512272734060701e-01
2.900000000000000e+00	5.976291518909890e-01
2.900000000000000e+00	5.943810494523524e-01
2.900000000000000e+00	6.221769956357324e-01
2.900000000000000e+00	6.136097819148356e-01
2.900000000000000e+00	5.840771939875052e-01
2.900000000000000e+00	5.947732642903981e-01
2.900000000000000e+00	5.695211907456742e-01
2.900000000000000e+00	5.799957298838531e-01
2.900000000000000e+00	5.612048427367589e-01
2.900000000000000e+00	5.778132672473567e-01
2.900000000000000e+00	5.928222266579947e-01
2.900000000000000e+00	5.867785763161346e-01
2.900000000000000e+00	6.275261947468708e-01
2.900000000000000e+00	5.857098930110972e-01
2.900000000000000e+00	5.406442129012858e-01
2.900000000000000e+00	6.411096425474473e-01
2.900000000000000e+00	5.715835130811515e-01
2.900000000000000e+00	5.737708390639602e-01
2.900000000000000e+00	5.797072126733777e-01
2.900000000000000e+00	5.783967032354934e-01
2.900000000000000e+00	5.957517875518835e-01
2.900000000000000e+00	5.560651221560462e-01
2.900000000000000e+00	5.777351930671640e-01
2.900000000000000e+00	6.299812008062008e-01
2.900000000000000e+00	6.467642578064821e-01
2.900000000000000e+00	5.893361822083448e-01
2.900000000000000e+00	5.881606841954590e-01
2.900000000000000e+00	5.912096467966221e-01
2.900000000000000e+00	5.689684327761613e-01
2.900000000000000e+00	5.806791588573964e-01
2.900000000000000e+00	5.711632277628923e-01
2.900000000000000e+00	5.451848421842002e-01
2.900000000000000e+00	5.839751296296383e-01
2.900000000000000e+00	5.982712717901042e-01
2.900000000000000e+00	5.221125849728250e-01
2.900000000000000e+00	5.664851432399278e-01
2.900000000000000e+00	5.820881533875872e-01
2.900000000000000e+00	5.857431385169638e-01
2.900000000000000e+00	5.966155762446259e-01
2.900000000000000e+00	5.406750648537949e-01
2.900000000000000e+00	5.592441512982789e-01
2.900000000000000e+00	5.453007842623760e-01
2.900000000000000e+00	5.642338509083131e-01
2.900000000000000e+00	5.885845979386007e-01
2.900000000000000e+00	5.752313085990011e-01
2.900000000000000e+00	5.778494928513895e-01
2.900000000000000e+00	5.628539012946210e-01
2.900000000000000e+00	6.062934674415533e-01
2.900000000000000e+00	5.735222611900608e-01
2.900000000000000e+00	6.065834132956170e-01
2.900000000000000e+00	5.479963413967676e-01
2.900000000000000e+00	6.027356579818288e-01
2.900000000000000e+00	5.373748806461972e-01
2.900000000000000e+00	5.839063176097286e-01
2.900000000000000e+00	5.893658974940803e-01
2.900000000000000e+00	5.252040617274597e-01
2.900000000000000e+00	5.995171112813347e-01
2.900000000000000e+00	5.692203576939235e-01
2.900000000000000e+00	5.540868699556494e-01
2.900000000000000e+00	5.736110075010966e-01
2.900000000000000e+00	5.361936710563924e-01
2.900000000000000e+00	5.597290350168616e-01
2.900000000000000e+00	5.423852474463229e-01
2.900000000000000e+00	5.794926218326709e-01
2.900000000000000e+00	5.765936692173771e-01
2.900000000000000e+00	6.069860759464542e-01
2.900000000000000e+00	5.267749932696985e-01
2.900000000000000e+00	5.974838639357647e-01
2.900000000000000e+00	5.877052745654278e-01
2.900000000000000e+00	5.908028742344497e-01
2.900000000000000e+00	6.038613213563141e-01
2.900000000000000e+00	5.327934052285539e-01
2.900000000000000e+00	6.485549488550542e-01
2.900000000000000e+00	6.033914065917411e-01
2.900000000000000e+00	5.863968684482307e-01
2.900000000000000e+00	6.291315862334487e-01
2.900000000000000e+00	6.214851270813769e-01
2.900000000000000e+00	5.868879824344886e-01
2.900000000000000e+00	6.181931805853408e-01
2.900000000000000e+00	6.055255687751742e-01
2.900000000000000e+00	5.960484820834122e-01
2.900000000000000e+00	5.943527028750993e-01
2.900000000000000e+00	5.572225137770249e-01
2.900000000000000e+00	6.352256689795904e-01
2.900000000000000e+00	6.290262261434664e-01
2.900000000000000e+00	5.815944687673315e-01
2.900000000000000e+00	5.845377818416136e-01
2.900000000000000e+00	5.519793557886618e-01
2.900000000000000e+00	6.172931667256173e-01
2.900000000000000e+00	5.864017605187645e-01
2.900000000000000e+00	5.560970489033165e-01
2.900000000000000e+00	5.771848793058881e-01
2.900000000000000e+00	5.750567176932326e-01
2.900000000000000e+00	6.077038492461160e-01
2.900000000000000e+00	6.044912173708532e-01
2.900000000000000e+00	6.155318553841937e-01
2.900000000000000e+00	5.712684379932605e-01
2.900000000000000e+00	5.963971396278048e-01
2.900000000000000e+00	5.747491398478548e-01
2.900000000000000e+00	6.543223870279519e-01
2.900000000000000e+00	6.095519723034128e-01
2.900000000000000e+00	5.461736210744714e-01
2.900000000000000e+00	5.975063724817835e-01
2.900000000000000e+00	5.303409034101636e-01
2.900000000000000e+00	5.859523482239051e-01
2.900000000000000e+00	5.954003492302693e-01
2.900000000000000e+00	5.758764386606859e-01
2.900000000000000e+00	6.026933278484187e-01
2.900000000000000e+00	5.748568411604387e-01
2.900000000000000e+00	5.430430149065899e-01
2.900000000000000e+00	5.710285179494017e-01
2.900000000000000e+00	5.995571484432179e-01
2.900000000000000e+00	5.846432948680086e-01
2.900000000000000e+00	6.057103204111890e-01
2.900000000000000e+00	6.184448865932632e-01
2.900000000000000e+00	6.062940166822861e-01
2.900000000000000e+00	5.839128396167206e-01
2.900000000000000e+00	5.612276390283308e-01
2.900000000000000e+00	6.048527028997115e-01
2.900000000000000e+00	5.603119786218860e-01
2.900000000000000e+00	5.885131655165553e-01
2.900000000000000e+00	5.873222762225466e-01
2.900000000000000e+00	5.866784920835209e-01
2.900000000000000e+00	5.572346867203967e-01
2.900000000000000e+00	6.257940464544147e-01
2.900000000000000e+00	5.712570558648203e-01
2.900000000000000e+00	6.106662706624808e-01
2.900000000000000e+00	5.853852632154813e-01
2.900000000000000e+00	5.634607420236638e-01
2.900000000000000e+00	6.548396229892067e-01
2.900000000000000e+00	6.286008570108836e-01
2.900000000000000e+00	6.006164692410593e-01
2.900000000000000e+00	5.948495774915581e-01
2.900000000000000e+00	6.126213135689006e-01
2.900000000000000e+00	5.710800480425069e-01
2.900000000000000e+00	5.485063141488025e-01
2.900000000000000e+00	5.544079123862395e-01
2.900000000000000e+00	5.914302889022457e-01
2.900000000000000e+00	5.795436938890097e-01
2.900000000000000e+00	6.186376344892108e-01
2.900000000000000e+00	5.627621532873569e-01
2.900000000000000e+00	5.661114704966280e-01
2.900000000000000e+00	5.775537760862263e-01
2.900000000000000e+00	5.871514530790271e-01
2.900000000000000e+00	5.860850691029050e-01
2.900000000000000e+00	5.767595891730631e-01
2.900000000000000e+00	5.890982198491744e-01
2.900000000000000e+00	5.671383641709434e-01
2.900000000000000e+00	5.871274173668878e-01
2.900000000000000e+00	5.686359608308302e-01
2.900000000000000e+00	6.007916726026735e-01
2.900000000000000e+00	5.752228703506023e-01
2.900000000000000e+00	5.664486417141588e-01
2.900000000000000e+00	5.535732923312536e-01
2.900000000000000e+00	5.545487638166970e-01
2.900000000000000e+00	6.139519441787472e-01
2.900000000000000e+00	6.070650666467212e-01
2.900000000000000e+00	5.972720314615229e-01
2.900000000000000e+00	6.079184647800394e-01
2.900000000000000e+00	5.929412575581062e-01
2.900000000000000e+00	5.800425143273105e-01
2.900000000000000e+00	6.086677986020597e-01
2.900000000000000e+00	5.717688848565357e-01
2.900000000000000e+00	5.583345069238251e-01
2.900000000000000e+00	5.786010997151634e-01
2.900000000000000e+00	5.942409854282644e-01
2.900000000000000e+00	6.242997755648168e-01
2.900000000000000e+00	5.971519339400889e-01
2.900000000000000e+00	6.218307216917496e-01
2.900000000000000e+00	6.106477255562992e-01
2.900000000000000e+00	6.302493827564450e-01
2.900000000000000e+00	5.743855301110491e-01
2.900000000000000e+00	6.254868636068031e-01
2.900000000000000e+00	5.712704306414619e-01
2.900000000000000e+00	5.746016897996103e-01
2.900000000000000e+00	5.847101910801299e-01
2.900000000000000e+00	6.043045423901401e-01
2.900000000000000e+00	5.912031514690209e-01
2.900000000000000e+00	5.623343920949082e-01
2.900000000000000e+00	6.064138879221018e-01
2.900000000000000e+00	5.646680331835169e-01
2.900000000000000e+00	5.960880250959426e-01
2.900000000000000e+00	5.679504446482394e-01
2.900000000000000e+00	5.798815233193840e-01
2.900000000000000e+00	6.271638189045173e-01
2.900000000000000e+00	5.879792071459642e-01
2.900000000000000e+00	5.783504718907463e-01
2.900000000000000e+00	5.806399775948915e-01
2.900000000000000e+00	5.839864912020151e-01
2.900000000000000e+00	5.781129140870347e-01
2.900000000000000e+00	5.309209844987364e-01
2.900000000000000e+00	5.836495378948988e-01
2.900000000000000e+00	5.914099633270092e-01
2.900000000000000e+00	5.875896799457822e-01
2.900000000000000e+00	6.062663053181835e-01
2.900000000000000e+00	5.663960482264063e-01
2.900000000000000e+00	5.657535887489926e-01
2.900000000000000e+00	5.947468639090312e-01
2.900000000000000e+00	6.037139383322241e-01
2.900000000000000e+00	5.458760877539484e-01
2.900000000000000e+00	5.821787567247889e-01
2.900000000000000e+00	5.311966652291932e-01
2.900000000000000e+00	6.276216809555487e-01
2.900000000000000e+00	5.747365111072265e-01
2.900000000000000e+00	5.770106913412114e-01
2.900000000000000e+00	5.982417495837400e-01
2.900000000000000e+00	6.261928660033935e-01
2.900000000000000e+00	6.189489808662401e-01
2.900000000000000e+00	6.141590037648496e-01
2.900000000000000e+00	6.174358583835766e-01
2.900000000000000e+00	5.977745094105624e-01
2.900000000000000e+00	6.089838573085825e-01
2.900000000000000e+00	5.571162772102779e-01
2.900000000000000e+00	5.788631327135538e-01
2.900000000000000e+00	5.863921940216656e-01
2.900000000000000e+00	5.994098397109814e-01
2.900000000000000e+00	5.447293933178764e-01
2.900000000000000e+00	5.990676578400650e-01
2.900000000000000e+00	5.817138190245592e-01
2.900000000000000e+00	5.538007535854852e-01
2.900000000000000e+00	5.851365080657253e-01
2.900000000000000e+00	6.030637856125852e-01
2.900000000000000e+00	6.395515227902131e-01
2.900000000000000e+00	5.673733281097229e-01
2.900000000000000e+00	5.176271059428219e-01
2.900000000000000e+00	5.848598434517382e-01
2.900000000000000e+00	5.880906173754888e-01
2.900000000000000e+00	5.773115832320853e-01
2.900000000000000e+00	5.962437222569045e-01
2.900000000000000e+00	5.913598684067967e-01
2.900000000000000e+00	6.018977067684574e-01
2.900000000000000e+00	5.951896798457315e-01
2.900000000000000e+00	5.783127679216861e-01
2.900000000000000e+00	5.835812140548696e-01
2.900000000000000e+00	5.420093761183209e-01
2.900000000000000e+00	5.610129452404730e-01
2.900000000000000e+00	6.030700315837821e-01
2.900000000000000e+00	6.209402252478146e-01
2.900000000000000e+00	5.768832697222999e-01
2.900000000000000e+00	6.374943797199116e-01
2.900000000000000e+00	6.476210937409577e-01
2.900000000000000e+00	6.038987511452589e-01
2.900000000000000e+00	5.249931535229079e-01
2.900000000000000e+00	5.758752427965349e-01
2.900000000000000e+00	6.008353454338565e-01
2.900000000000000e+00	6.111449939116709e-01
2.900000000000000e+00	6.181761954395428e-01
2.900000000000000e+00	6.172483602249298e-01
2.900000000000000e+00	5.820293198918257e-01
2.900000000000000e+00	5.819910263840022e-01
2.900000000000000e+00	5.086279700326896e-01
2.900000000000000e+00	5.610450660810593e-01
2.900000000000000e+00	5.975972826451601e-01
2.900000000000000e+00	6.280071524033473e-01
2.900000000000000e+00	6.093141438844863e-01
2.900000000000000e+00	5.859468482288088e-01
2.900000000000000e+00	5.882286013412583e-01
2.900000000000000e+00	5.317159560783313e-01
2.900000000000000e+00	5.922205088136288e-01
2.900000000000000e+00	5.832081648863179e-01
2.900000000000000e+00	5.930802191295514e-01
2.900000000000000e+00	5.531809504869950e-01
2.900000000000000e+00	5.721333998003694e-01
2.900000000000000e+00	5.835439529419300e-01
2.900000000000000e+00	6.205105070610542e-01
2.900000000000000e+00	5.566922333288740e-01
2.900000000000000e+00	5.889177412355733e-01
2.900000000000000e+00	5.823205290873162e-01
2.900000000000000e+00	5.951096219786435e-01
2.900000000000000e+00	5.681963328124786e-01
2.900000000000000e+00	5.820895967794406e-01
2.900000000000000e+00	5.338361337533717e-01
2.900000000000000e+00	5.565917121421613e-01
2.900000000000000e+00	5.843140301254550e-01
2.900000000000000e+00	5.581069160817099e-01
2.900000000000000e+00	5.969605331471984e-01
2.900000000000000e+00	6.195843893828451e-01
2.900000000000000e+00	6.001664947976234e-01
2.900000000000000e+00	6.094328472222061e-01
2.900000000000000e+00	6.228697912181987e-01
2.900000000000000e+00	5.791989339666468e-01
2.900000000000000e+00	5.822838395061773e-01
2.900000000000000e+00	5.528149065123696e-01
2.900000000000000e+00	5.777287384827109e-01
2.900000000000000e+00	6.156594172919122e-01
2.900000000000000e+00	5.917482631546288e-01
2.900000000000000e+00	6.559351931284759e-01
2.900000000000000e+00	5.637307561872832e-01
2.900000000000000e+00	5.970503487596641e-01
2.900000000000000e+00	6.158057724068733e-01
2.900000000000000e+00	5.239067784925554e-01
2.900000000000000e+00	5.748900259592402e-01
2.900000000000000e+00	5.794857388444106e-01
2.900000000000000e+00	5.969579593717642e-01
2.900000000000000e+00	5.758612695184040e-01
2.900000000000000e+00	5.563714600694770e-01
2.900000000000000e+00	5.626229697027355e-01
2.900000000000000e+00	6.069816957566260e-01
2.900000000000000e+00	5.591649433526107e-01
2.900000000000000e+00	6.119581686963724e-01
2.900000000000000e+00	5.882784173728264e-01
2.900000000000000e+00	5.605369184081287e-01
2.900000000000000e+00	5.809592397037024e-01
2.900000000000000e+00	6.246170431296411e-01
2.900000000000000e+00	6.510142586697105e-01
2.900000000000000e+00	5.777188738889494e-01
2.900000000000000e+00	5.766076295578078e-01
2.900000000000000e+00	5.708867992256472e-01
2.900000000000000e+00	5.457778651056228e-01
2.900000000000000e+00	5.607896309981264e-01
2.900000000000000e+00	5.850952004080863e-01
2.900000000000000e+00	6.032248251790854e-01
2.900000000000000e+00	5.659412279897510e-01
2.900000000000000e+00	5.579954584150715e-01
2.900000000000000e+00	5.652225496780346e-01
2.900000000000000e+00	5.652365439874129e-01
2.900000000000000e+00	5.739621291225910e-01
2.900000000000000e+00	5.754846747268912e-01
2.900000000000000e+00	6.225819940488647e-01
2.900000000000000e+00	6.028807759169954e-01
2.900000000000000e+00	5.960295213843041e-01
2.900000000000000e+00	6.033573590444830e-01
2.900000000000000e+00	6.064801686570895e-01
2.900000000000000e+00	5.634716962481026e-01
2.900000000000000e+00	5.582708280308034e-01
2.900000000000000e+00	6.234444633716836e-01
2.900000000000000e+00	6.244499484614167e-01
2.900000000000000e+00	6.030701617654429e-01
2.900000000000000e+00	6.025487314952737e-01
2.900000000000000e+00	5.567317347699423e-01
2.900000000000000e+00	5.860530951828582e-01
2.900000000000000e+00	5.725029616875672e-01
2.900000000000000e+00	5.687037654954407e-01
2.900000000000000e+00	6.141251583895314e-01
2.900000000000000e+00	6.081642110893853e-01
2.900000000000000e+00	5.974925430563327e-01
2.900000000000000e+00	5.855521842425542e-01
2.900000000000000e+00	6.379474607228024e-01
2.900000000000000e+00	5.869322352929883e-01
2.900000000000000e+00	5.710748064038265e-01
2.900000000000000e+00	5.424185661287841e-01
2.900000000000000e+00	5.439256247316399e-01
2.900000000000000e+00	5.563349075490033e-01
2.900000000000000e+00	5.716713974731596e-01
2.900000000000000e+00	6.088060589884146e-01
2.900000000000000e+00	5.528446263699663e-01
2.900000000000000e+00	5.491514745685748e-01
2.900000000000000e+00	5.915619695309885e-01
2.900000000000000e+00	6.207946532231159e-01
