2.900000000000000e+00	9.635236819923000e+00
2.900000000000000e+00	9.777567128019385e+00
2.900000000000000e+00	9.633811496605329e+00
2.900000000000000e+00	9.687788422401070e+00
2.900000000000000e+00	9.615219100298035e+00
2.900000000000000e+00	9.476391336367344e+00
2.900000000000000e+00	9.675727991803384e+00
2.900000000000000e+00	9.675139828570712e+00
2.900000000000000e+00	9.598871520399232e+00
2.900000000000000e+00	9.706592514703155e+00
2.900000000000000e+00	9.762957807949357e+00
2.900000000000000e+00	9.672232867145206e+00
2.900000000000000e+00	9.490600065411730e+00
2.900000000000000e+00	9.789729040660596e+00
2.900000000000000e+00	9.623121076435108e+00
2.900000000000000e+00	9.611663233246190e+00
2.900000000000000e+00	9.515437752575657e+00
2.900000000000000e+00	9.469705496884746e+00
2.900000000000000e+00	9.436570624964242e+00
2.900000000000000e+00	9.673129736912221e+00
2.900000000000000e+00	9.711611228733066e+00
2.900000000000000e+00	9.732908060840275e+00
2.900000000000000e+00	9.609080017126885e+00
2.900000000000000e+00	9.583654477415459e+00
2.900000000000000e+00	9.624815809238648e+00
2.900000000000000e+00	9.656596865578956e+00
2.900000000000000e+00	9.619897674054567e+00
2.900000000000000e+00	9.647416506279283e+00
2.900000000000000e+00	9.560563427154944e+00
2.900000000000000e+00	9.671446724956436e+00
2.900000000000000e+00	9.677301535646194e+00
2.900000000000000e+00	9.603166461260342e+00
2.900000000000000e+00	9.632112370764906e+00
2.900000000000000e+00	9.727619330967652e+00
2.900000000000000e+00	9.583974664429377e+00
2.900000000000000e+00	9.718238099561642e+00
2.900000000000000e+00	9.607251961607819e+00
2.900000000000000e+00	9.638196678776936e+00
2.900000000000000e+00	9.736280280946547e+00
2.900000000000000e+00	9.630445333808844e+00
2.900000000000000e+00	9.613558050807864e+00
2.900000000000000e+00	9.550743144109692e+00
2.900000000000000e+00	9.582618299079702e+00
2.900000000000000e+00	9.612874896877692e+00
2.900000000000000e+00	9.656067180248666e+00
2.900000000000000e+00	9.667877902156960e+00
2.900000000000000e+00	9.765152418678760e+00
2.900000000000000e+00	9.592803079846842e+00
2.900000000000000e+00	9.434010863459239e+00
2.900000000000000e+00	9.598782954798192e+00
2.900000000000000e+00	9.665281536611994e+00
2.900000000000000e+00	9.319661148622222e+00
2.900000000000000e+00	9.630870154651253e+00
2.900000000000000e+00	9.656647710546121e+00
2.900000000000000e+00	9.768000862558861e+00
2.900000000000000e+00	9.705616243533026e+00
2.900000000000000e+00	9.621150307046422e+00
2.900000000000000e+00	9.554568321140660e+00
2.900000000000000e+00	9.731258272413051e+00
2.900000000000000e+00	9.840087328521477e+00
2.900000000000000e+00	9.680046396325871e+00
2.900000000000000e+00	9.484242733231179e+00
2.900000000000000e+00	9.717964491133312e+00
2.900000000000000e+00	9.564624692152989e+00
2.900000000000000e+00	9.498943553569219e+00
2.900000000000000e+00	9.700718976183653e+00
2.900000000000000e+00	9.526520593919878e+00
2.900000000000000e+00	9.620279634942934e+00
2.900000000000000e+00	9.695054583743799e+00
2.900000000000000e+00	9.654535706864580e+00
2.900000000000000e+00	9.640298304136509e+00
2.900000000000000e+00	9.664811848100429e+00
2.900000000000000e+00	9.614348344255827e+00
2.900000000000000e+00	9.589105199859116e+00
2.900000000000000e+00	9.714237911986286e+00
2.900000000000000e+00	9.778076251679266e+00
2.900000000000000e+00	9.697760682952804e+00
2.900000000000000e+00	9.660826335954914e+00
2.900000000000000e+00	9.604163841305514e+00
2.900000000000000e+00	9.644765107915356e+00
2.900000000000000e+00	9.653869231022380e+00
2.900000000000000e+00	9.651451683135079e+00
2.900000000000000e+00	9.550601091692208e+00
2.900000000000000e+00	9.556645744576834e+00
2.900000000000000e+00	9.678235915398227e+00
2.900000000000000e+00	9.511231411652757e+00
2.900000000000000e+00	9.565144376963810e+00
2.900000000000000e+00	9.786658813900456e+00
2.900000000000000e+00	9.719540126785734e+00
2.900000000000000e+00	9.625151262044099e+00
2.900000000000000e+00	9.756298172513102e+00
2.900000000000000e+00	9.524886941955607e+00
2.900000000000000e+00	9.581775560060239e+00
2.900000000000000e+00	9.662174565724696e+00
2.900000000000000e+00	9.645602600055328e+00
2.900000000000000e+00	9.670316294868014e+00
2.900000000000000e+00	9.772994468150653e+00
2.900000000000000e+00	9.551134742022175e+00
2.900000000000000e+00	9.689444324598810e+00
2.900000000000000e+00	9.695957807753182e+00
2.900000000000000e+00	9.441583310259787e+00
2.900000000000000e+00	9.598390290758790e+00
2.900000000000000e+00	9.598123577313086e+00
2.900000000000000e+00	9.757732804187770e+00
2.900000000000000e+00	9.655974583161743e+00
2.900000000000000e+00	9.809918805129444e+00
2.900000000000000e+00	9.504704168082045e+00
2.900000000000000e+00	9.778610718595452e+00
2.900000000000000e+00	9.653251011505519e+00
2.900000000000000e+00	9.606774270937720e+00
2.900000000000000e+00	9.624235188160423e+00
2.900000000000000e+00	9.591643296887105e+00
2.900000000000000e+00	9.839183561741899e+00
2.900000000000000e+00	9.726929326071041e+00
2.900000000000000e+00	9.638993846672491e+00
2.900000000000000e+00	9.583068885461309e+00
2.900000000000000e+00	9.739960669184690e+00
2.900000000000000e+00	9.709192557620366e+00
2.900000000000000e+00	9.581597994738443e+00
2.900000000000000e+00	9.598526325050244e+00
2.900000000000000e+00	9.720716231184740e+00
2.900000000000000e+00	9.756568662820801e+00
2.900000000000000e+00	9.482100367846769e+00
2.900000000000000e+00	9.462783859492278e+00
2.900000000000000e+00	9.674871945882604e+00
2.900000000000000e+00	9.750965168390875e+00
2.900000000000000e+00	9.780523144052065e+00
2.900000000000000e+00	9.455884012965607e+00
2.900000000000000e+00	9.531074514646031e+00
2.900000000000000e+00	9.473702218360183e+00
2.900000000000000e+00	9.606040931827852e+00
2.900000000000000e+00	9.574187516527187e+00
2.900000000000000e+00	9.598607421188827e+00
2.900000000000000e+00	9.604038010750862e+00
2.900000000000000e+00	9.889702670581741e+00
2.900000000000000e+00	9.596860563187567e+00
2.900000000000000e+00	9.655094405472489e+00
2.900000000000000e+00	9.632942501274217e+00
2.900000000000000e+00	9.643675892097081e+00
2.900000000000000e+00	9.699687952592912e+00
2.900000000000000e+00	9.696672974674918e+00
2.900000000000000e+00	9.529096115814486e+00
2.900000000000000e+00	9.555610487751835e+00
2.900000000000000e+00	9.669660493183004e+00
2.900000000000000e+00	9.497561796840095e+00
2.900000000000000e+00	9.746572512486125e+00
2.900000000000000e+00	9.613915705296879e+00
2.900000000000000e+00	9.592543518974765e+00
2.900000000000000e+00	9.573454930395684e+00
2.900000000000000e+00	9.673345610117696e+00
2.900000000000000e+00	9.677495701473962e+00
2.900000000000000e+00	9.497323942696603e+00
2.900000000000000e+00	9.625267289231662e+00
2.900000000000000e+00	9.767940839346997e+00
2.900000000000000e+00	9.628108158285615e+00
2.900000000000000e+00	9.578609925678979e+00
2.900000000000000e+00	9.666451169152811e+00
2.900000000000000e+00	9.664896995572235e+00
2.900000000000000e+00	9.739210518451065e+00
2.900000000000000e+00	9.711429357547464e+00
2.900000000000000e+00	9.579748632858674e+00
2.900000000000000e+00	9.729734881275885e+00
2.900000000000000e+00	9.592188224418770e+00
2.900000000000000e+00	9.506897428422167e+00
2.900000000000000e+00	9.550826912985773e+00
2.900000000000000e+00	9.560647084181987e+00
2.900000000000000e+00	9.635993560041866e+00
2.900000000000000e+00	9.653346820182964e+00
2.900000000000000e+00	9.791262082312093e+00
2.900000000000000e+00	9.689469015649214e+00
2.900000000000000e+00	9.470194414029372e+00
2.900000000000000e+00	9.578326653467251e+00
2.900000000000000e+00	9.594104456014975e+00
2.900000000000000e+00	9.694116540376973e+00
2.900000000000000e+00	9.499856319905547e+00
2.900000000000000e+00	9.663094228197552e+00
2.900000000000000e+00	9.662970544115062e+00
2.900000000000000e+00	9.571863965948427e+00
2.900000000000000e+00	9.706165402396220e+00
2.900000000000000e+00	9.529206386816730e+00
2.900000000000000e+00	9.614633323178976e+00
2.900000000000000e+00	9.760639746183767e+00
2.900000000000000e+00	9.541191719027484e+00
2.900000000000000e+00	9.829307824712842e+00
2.900000000000000e+00	9.562456152946208e+00
2.900000000000000e+00	9.487878792580744e+00
2.900000000000000e+00	9.621808961931325e+00
2.900000000000000e+00	9.696487350892621e+00
2.900000000000000e+00	9.627404908656127e+00
2.900000000000000e+00	9.700243760372128e+00
2.900000000000000e+00	9.664169948046819e+00
2.900000000000000e+00	9.641587666783174e+00
2.900000000000000e+00	9.573229393150109e+00
2.900000000000000e+00	9.616073825680033e+00
2.900000000000000e+00	9.758602652758977e+00
2.900000000000000e+00	9.659063808019686e+00
2.900000000000000e+00	9.690370158858887e+00
2.900000000000000e+00	9.640292433875011e+00
2.900000000000000e+00	9.570104773568360e+00
2.900000000000000e+00	9.596480761814536e+00
2.900000000000000e+00	9.480397118586071e+00
2.900000000000000e+00	9.683341598977313e+00
2.900000000000000e+00	9.692607231517144e+00
2.900000000000000e+00	9.607518938379002e+00
2.900000000000000e+00	9.828547377248340e+00
2.900000000000000e+00	9.612613816007585e+00
2.900000000000000e+00	9.356877744121585e+00
2.900000000000000e+00	9.596056035913779e+00
2.900000000000000e+00	9.665316092785361e+00
2.900000000000000e+00	9.632930334314956e+00
2.900000000000000e+00	9.517741196624371e+00
2.900000000000000e+00	9.460940554176393e+00
2.900000000000000e+00	9.714231739132213e+00
2.900000000000000e+00	9.450982872611295e+00
2.900000000000000e+00	9.379647155476025e+00
2.900000000000000e+00	9.650591095098706e+00
2.900000000000000e+00	9.647948387590986e+00
2.900000000000000e+00	9.652137059415772e+00
2.900000000000000e+00	9.673892530067764e+00
2.900000000000000e+00	9.619520566357188e+00
2.900000000000000e+00	9.607703992225328e+00
2.900000000000000e+00	9.869461675341709e+00
2.900000000000000e+00	9.760392129927657e+00
2.900000000000000e+00	9.724971130890681e+00
2.900000000000000e+00	9.740107119872478e+00
2.900000000000000e+00	9.721360432233030e+00
2.900000000000000e+00	9.666242980521590e+00
2.900000000000000e+00	9.657064187274379e+00
2.900000000000000e+00	9.530431081551662e+00
2.900000000000000e+00	9.615037819786092e+00
2.900000000000000e+00	9.474725605452893e+00
2.900000000000000e+00	9.658797204719900e+00
2.900000000000000e+00	9.698225537532760e+00
2.900000000000000e+00	9.776333123984205e+00
2.900000000000000e+00	9.836669030909810e+00
2.900000000000000e+00	9.619274563420737e+00
2.900000000000000e+00	9.698732947855895e+00
2.900000000000000e+00	9.702280671227111e+00
2.900000000000000e+00	9.519644337515192e+00
2.900000000000000e+00	9.701719142980533e+00
2.900000000000000e+00	9.654340363841886e+00
2.900000000000000e+00	9.678174080759501e+00
2.900000000000000e+00	9.662587155095846e+00
2.900000000000000e+00	9.662530162986881e+00
2.900000000000000e+00	9.648267252234213e+00
2.900000000000000e+00	9.492037639926869e+00
2.900000000000000e+00	9.523051350976784e+00
2.900000000000000e+00	9.632242267342534e+00
2.900000000000000e+00	9.615353293044221e+00
2.900000000000000e+00	9.616948310305531e+00
2.900000000000000e+00	9.715896187984081e+00
2.900000000000000e+00	9.835933255543882e+00
2.900000000000000e+00	9.568988055867342e+00
2.900000000000000e+00	9.719042873205744e+00
2.900000000000000e+00	9.572377020359216e+00
2.900000000000000e+00	9.680064322476305e+00
2.900000000000000e+00	9.706181964269106e+00
2.900000000000000e+00	9.625110445569561e+00
2.900000000000000e+00	9.543138839436118e+00
2.900000000000000e+00	9.647156298493222e+00
2.900000000000000e+00	9.530533386491872e+00
2.900000000000000e+00	9.630006427762266e+00
2.900000000000000e+00	9.717141742959228e+00
2.900000000000000e+00	9.739996469695003e+00
2.900000000000000e+00	9.713012888334392e+00
2.900000000000000e+00	9.489582863516864e+00
2.900000000000000e+00	9.505521024788704e+00
2.900000000000000e+00	9.847544740839009e+00
2.900000000000000e+00	9.552450657044410e+00
2.900000000000000e+00	9.552030873837385e+00
2.900000000000000e+00	9.552971155570933e+00
2.900000000000000e+00	9.665092892621121e+00
2.900000000000000e+00	9.578150398897030e+00
2.900000000000000e+00	9.651768664112948e+00
2.900000000000000e+00	9.665150630725364e+00
2.900000000000000e+00	9.485577748264767e+00
2.900000000000000e+00	9.638154676816663e+00
2.900000000000000e+00	9.659872778322644e+00
2.900000000000000e+00	9.901100123071718e+00
2.900000000000000e+00	9.666928721569517e+00
2.900000000000000e+00	9.531098782498269e+00
2.900000000000000e+00	9.576846115180063e+00
2.900000000000000e+00	9.492191808462863e+00
2.900000000000000e+00	9.633807327632155e+00
2.900000000000000e+00	9.568713737342165e+00
2.900000000000000e+00	9.483380643759027e+00
2.900000000000000e+00	9.517003548380639e+00
2.900000000000000e+00	9.582688493473350e+00
2.900000000000000e+00	9.425277897369856e+00
2.900000000000000e+00	9.498092767503131e+00
2.900000000000000e+00	9.610370409802560e+00
2.900000000000000e+00	9.670360695854979e+00
2.900000000000000e+00	9.692278146476850e+00
2.900000000000000e+00	9.678583293955668e+00
2.900000000000000e+00	9.461689782757656e+00
2.900000000000000e+00	9.748958226934356e+00
2.900000000000000e+00	9.653324744709764e+00
2.900000000000000e+00	9.796515905153957e+00
2.900000000000000e+00	9.653830004294672e+00
2.900000000000000e+00	9.532545395606078e+00
2.900000000000000e+00	9.502797306087288e+00
2.900000000000000e+00	9.664886996789637e+00
2.900000000000000e+00	9.738909026324473e+00
2.900000000000000e+00	9.512021597748074e+00
2.900000000000000e+00	9.690896280908659e+00
2.900000000000000e+00	9.540833699080334e+00
2.900000000000000e+00	9.541158046886670e+00
2.900000000000000e+00	9.347382707422318e+00
2.900000000000000e+00	9.870504977755866e+00
2.900000000000000e+00	9.665602955700271e+00
2.900000000000000e+00	9.494227714495143e+00
2.900000000000000e+00	9.500806192918166e+00
2.900000000000000e+00	9.508891635767682e+00
2.900000000000000e+00	9.718558707857875e+00
2.900000000000000e+00	9.701284248853856e+00
2.900000000000000e+00	9.691136378949183e+00
2.900000000000000e+00	9.356957302913905e+00
2.900000000000000e+00	9.546183557122838e+00
2.900000000000000e+00	9.669910250102877e+00
2.900000000000000e+00	9.565682685193355e+00
2.900000000000000e+00	9.713814036460546e+00
2.900000000000000e+00	9.683595581366774e+00
2.900000000000000e+00	9.557564506996087e+00
2.900000000000000e+00	9.644193101418141e+00
2.900000000000000e+00	9.885300470088733e+00
2.900000000000000e+00	9.975602714430771e+00
2.900000000000000e+00	9.684520320183406e+00
2.900000000000000e+00	9.507677430216141e+00
2.900000000000000e+00	9.559818135337354e+00
2.900000000000000e+00	9.663956460772805e+00
2.900000000000000e+00	9.739869231461039e+00
2.900000000000000e+00	9.782715101914125e+00
2.900000000000000e+00	9.602751294089718e+00
2.900000000000000e+00	9.664406045067754e+00
2.900000000000000e+00	9.687112112218621e+00
2.900000000000000e+00	9.527912069452725e+00
2.900000000000000e+00	9.498843532667847e+00
2.900000000000000e+00	9.289781405442488e+00
2.900000000000000e+00	9.538131463145291e+00
2.900000000000000e+00	9.730885419679655e+00
2.900000000000000e+00	9.602763261263066e+00
2.900000000000000e+00	9.878510000982967e+00
2.900000000000000e+00	9.787896783053000e+00
2.900000000000000e+00	9.574725827234854e+00
2.900000000000000e+00	9.662694502106500e+00
2.900000000000000e+00	9.574845068370497e+00
2.900000000000000e+00	9.650753371268102e+00
2.900000000000000e+00	9.677711168608178e+00
2.900000000000000e+00	9.635839645052830e+00
2.900000000000000e+00	9.654147950635004e+00
2.900000000000000e+00	9.538048893046037e+00
2.900000000000000e+00	9.751842992119778e+00
2.900000000000000e+00	9.707413837043489e+00
2.900000000000000e+00	9.580284805811917e+00
2.900000000000000e+00	9.641741141832929e+00
2.900000000000000e+00	9.794246957340661e+00
2.900000000000000e+00	9.616850685107492e+00
2.900000000000000e+00	9.534293949169090e+00
2.900000000000000e+00	9.678587325602164e+00
2.900000000000000e+00	9.595992715560728e+00
2.900000000000000e+00	9.629704411220267e+00
2.900000000000000e+00	9.601031745669308e+00
2.900000000000000e+00	9.633760825482431e+00
2.900000000000000e+00	9.509148598524593e+00
2.900000000000000e+00	9.548585032108864e+00
2.900000000000000e+00	9.724443899080498e+00
2.900000000000000e+00	9.595678377864875e+00
2.900000000000000e+00	9.693587636106020e+00
2.900000000000000e+00	9.547539648790011e+00
2.900000000000000e+00	9.653513185102696e+00
2.900000000000000e+00	9.703153359020526e+00
2.900000000000000e+00	9.478431961681055e+00
2.900000000000000e+00	9.742220910032586e+00
2.900000000000000e+00	9.571888894319750e+00
2.900000000000000e+00	9.773123026663002e+00
2.900000000000000e+00	9.434827874781345e+00
2.900000000000000e+00	9.678329394921461e+00
2.900000000000000e+00	9.592137052663254e+00
2.900000000000000e+00	9.551311664544428e+00
2.900000000000000e+00	9.423972433078635e+00
2.900000000000000e+00	9.684927563706697e+00
2.900000000000000e+00	9.512376965585077e+00
2.900000000000000e+00	9.704584913333072e+00
2.900000000000000e+00	9.759894728944051e+00
2.900000000000000e+00	9.750371158403636e+00
2.900000000000000e+00	9.682491362174778e+00
2.900000000000000e+00	9.653857762170333e+00
2.900000000000000e+00	9.667912093397437e+00
2.900000000000000e+00	9.672164533266077e+00
2.900000000000000e+00	9.755606532446652e+00
2.900000000000000e+00	9.709825106159126e+00
2.900000000000000e+00	9.655093316013895e+00
2.900000000000000e+00	9.754670775034933e+00
2.900000000000000e+00	9.458865301957312e+00
2.900000000000000e+00	9.527527177992944e+00
2.900000000000000e+00	9.735135272406055e+00
2.900000000000000e+00	9.724674137114164e+00
2.900000000000000e+00	9.626191462514075e+00
2.900000000000000e+00	9.667336950617809e+00
2.900000000000000e+00	9.639017916892971e+00
2.900000000000000e+00	9.696720944968881e+00
2.900000000000000e+00	9.496499424718127e+00
2.900000000000000e+00	9.655508167564435e+00
2.900000000000000e+00	9.735711898511834e+00
2.900000000000000e+00	9.668367255806695e+00
2.900000000000000e+00	9.569019960596947e+00
2.900000000000000e+00	9.470469712228269e+00
2.900000000000000e+00	9.619710727885254e+00
2.900000000000000e+00	9.696041923140733e+00
2.900000000000000e+00	9.576022447971482e+00
2.900000000000000e+00	9.646012849060400e+00
2.900000000000000e+00	9.541438625242403e+00
2.900000000000000e+00	9.459887143835161e+00
2.900000000000000e+00	9.662759741339512e+00
2.900000000000000e+00	9.855971660899794e+00
2.900000000000000e+00	9.584909760631520e+00
2.900000000000000e+00	9.681065095321658e+00
2.900000000000000e+00	9.783083416122851e+00
2.900000000000000e+00	9.637597915253490e+00
2.900000000000000e+00	9.664370241123887e+00
2.900000000000000e+00	9.654334667346401e+00
2.900000000000000e+00	9.575457804580918e+00
2.900000000000000e+00	9.620801591170951e+00
2.900000000000000e+00	9.559897438978176e+00
2.900000000000000e+00	9.510865295965470e+00
2.900000000000000e+00	9.619491170949784e+00
2.900000000000000e+00	9.458050203829311e+00
2.900000000000000e+00	9.739807404933000e+00
2.900000000000000e+00	9.628370148872111e+00
2.900000000000000e+00	9.739487186804039e+00
2.900000000000000e+00	9.562768779693840e+00
2.900000000000000e+00	9.624311291910978e+00
2.900000000000000e+00	9.475623139770844e+00
2.900000000000000e+00	9.609660831771706e+00
2.900000000000000e+00	9.583476176668466e+00
2.900000000000000e+00	9.535476291122551e+00
2.900000000000000e+00	9.657822208451108e+00
2.900000000000000e+00	9.640396598434444e+00
2.900000000000000e+00	9.497718448900610e+00
2.900000000000000e+00	9.631373514537183e+00
2.900000000000000e+00	9.461800033457660e+00
2.900000000000000e+00	9.407917352264707e+00
2.900000000000000e+00	9.657203992623646e+00
2.900000000000000e+00	9.521862090657082e+00
2.900000000000000e+00	9.489053861637094e+00
2.900000000000000e+00	9.792640511332532e+00
2.900000000000000e+00	9.669709413943128e+00
2.900000000000000e+00	9.688046085857753e+00
2.900000000000000e+00	9.525846122984284e+00
2.900000000000000e+00	9.585658565616095e+00
2.900000000000000e+00	9.585674217721678e+00
2.900000000000000e+00	9.630356594777584e+00
2.900000000000000e+00	9.744222802384069e+00
2.900000000000000e+00	9.636374116412226e+00
2.900000000000000e+00	9.653746545541040e+00
2.900000000000000e+00	9.649667045218562e+00
2.900000000000000e+00	9.545550711376515e+00
2.900000000000000e+00	9.415056084470748e+00
2.900000000000000e+00	9.774979586912933e+00
2.900000000000000e+00	9.505634831835000e+00
2.900000000000000e+00	9.529011078675005e+00
2.900000000000000e+00	9.586435419236793e+00
2.900000000000000e+00	9.688716169070808e+00
2.900000000000000e+00	9.591228839970817e+00
2.900000000000000e+00	9.710193568191055e+00
2.900000000000000e+00	9.719648857472666e+00
2.900000000000000e+00	9.569808510626572e+00
2.900000000000000e+00	9.473947937706665e+00
2.900000000000000e+00	9.724079141114661e+00
2.900000000000000e+00	9.712961102146291e+00
2.900000000000000e+00	9.535846538970731e+00
2.900000000000000e+00	9.813884117151538e+00
2.900000000000000e+00	9.580488002511940e+00
2.900000000000000e+00	9.727220076772980e+00
2.900000000000000e+00	9.812511091665648e+00
2.900000000000000e+00	9.572339912038249e+00
2.900000000000000e+00	9.602284935203745e+00
2.900000000000000e+00	9.682709398409663e+00
2.900000000000000e+00	9.624172144237285e+00
2.900000000000000e+00	9.688649150295422e+00
2.900000000000000e+00	9.707663066601839e+00
2.900000000000000e+00	9.700504539813100e+00
2.900000000000000e+00	9.565939383646969e+00
2.900000000000000e+00	9.672604554379184e+00
2.900000000000000e+00	9.612382695932588e+00
2.900000000000000e+00	9.702575786088250e+00
2.900000000000000e+00	9.664962421039437e+00
2.900000000000000e+00	9.601796569905424e+00
2.900000000000000e+00	9.603993058513590e+00
2.900000000000000e+00	9.495944208480488e+00
2.900000000000000e+00	9.549289675656800e+00
2.900000000000000e+00	9.451743233719819e+00
2.900000000000000e+00	9.753980587067094e+00
2.900000000000000e+00	9.501423823634443e+00
2.900000000000000e+00	9.610832137890725e+00
2.900000000000000e+00	9.622730606240797e+00
2.900000000000000e+00	9.617467863865949e+00
2.900000000000000e+00	9.626386925243329e+00
2.900000000000000e+00	9.542958806307215e+00
2.900000000000000e+00	9.674255137515363e+00
2.900000000000000e+00	9.647019196230934e+00
2.900000000000000e+00	9.652536588230314e+00
2.900000000000000e+00	9.769169882060936e+00
2.900000000000000e+00	9.620100353442748e+00
2.900000000000000e+00	9.702843314493709e+00
2.900000000000000e+00	9.635107071307074e+00
2.900000000000000e+00	9.477355202015787e+00
2.900000000000000e+00	9.709260309835905e+00
2.900000000000000e+00	9.667582983822136e+00
2.900000000000000e+00	9.695388007960503e+00
2.900000000000000e+00	9.492032547528655e+00
2.900000000000000e+00	9.583846178606885e+00
2.900000000000000e+00	9.567211963924899e+00
2.900000000000000e+00	9.704408877953767e+00
2.900000000000000e+00	9.681843427378301e+00
2.900000000000000e+00	9.433385459127596e+00
2.900000000000000e+00	9.624260820107182e+00
2.900000000000000e+00	9.604635517279036e+00
2.900000000000000e+00	9.527469607958775e+00
2.900000000000000e+00	9.597917450649504e+00
2.900000000000000e+00	9.581991142082686e+00
2.900000000000000e+00	9.614496091036740e+00
2.900000000000000e+00	9.573850599425725e+00
2.900000000000000e+00	9.490667846148884e+00
2.900000000000000e+00	9.729673744524774e+00
2.900000000000000e+00	9.654513645048750e+00
2.900000000000000e+00	9.731570189323467e+00
2.900000000000000e+00	9.722257196678532e+00
2.900000000000000e+00	9.651378573658619e+00
2.900000000000000e+00	9.610120914414198e+00
2.900000000000000e+00	9.656996182679066e+00
2.900000000000000e+00	9.635550103649825e+00
2.900000000000000e+00	9.613005344510590e+00
2.900000000000000e+00	9.631460067335935e+00
2.900000000000000e+00	9.637174880076195e+00
2.900000000000000e+00	9.535597146522456e+00
2.900000000000000e+00	9.675885666620992e+00
2.900000000000000e+00	9.450078876785994e+00
2.900000000000000e+00	9.531917523234101e+00
2.900000000000000e+00	9.525606929963018e+00
2.900000000000000e+00	9.563073682213403e+00
2.900000000000000e+00	9.731930666891961e+00
2.900000000000000e+00	9.618434472092472e+00
2.900000000000000e+00	9.631544038299356e+00
2.900000000000000e+00	9.647659522881689e+00
2.900000000000000e+00	9.730565746397708e+00
2.900000000000000e+00	9.665620482854699e+00
2.900000000000000e+00	9.648720891198389e+00
2.900000000000000e+00	9.597811150648530e+00
2.900000000000000e+00	9.755228787364334e+00
2.900000000000000e+00	9.641561963857383e+00
2.900000000000000e+00	9.543164850287404e+00
2.900000000000000e+00	9.542443625866827e+00
2.900000000000000e+00	9.610810973984773e+00
2.900000000000000e+00	9.646640682011613e+00
2.900000000000000e+00	9.576550627208153e+00
2.900000000000000e+00	9.542275329591460e+00
2.900000000000000e+00	9.672896587970985e+00
2.900000000000000e+00	9.618255992016991e+00
2.900000000000000e+00	9.561413721886764e+00
2.900000000000000e+00	9.830929531685861e+00
2.900000000000000e+00	9.660444559131673e+00
2.900000000000000e+00	9.593695921695584e+00
2.900000000000000e+00	9.577253920413437e+00
2.900000000000000e+00	9.587514010262728e+00
2.900000000000000e+00	9.660567396388011e+00
2.900000000000000e+00	9.599967462099812e+00
2.900000000000000e+00	9.604800647533313e+00
2.900000000000000e+00	9.610911692966740e+00
2.900000000000000e+00	9.599204344862184e+00
2.900000000000000e+00	9.706974811046701e+00
2.900000000000000e+00	9.675018579356037e+00
2.900000000000000e+00	9.560839688661151e+00
2.900000000000000e+00	9.629033187673153e+00
2.900000000000000e+00	9.639970895114763e+00
2.900000000000000e+00	9.532741615347337e+00
2.900000000000000e+00	9.552159658214169e+00
2.900000000000000e+00	9.682603415453489e+00
2.900000000000000e+00	9.621055418109897e+00
2.900000000000000e+00	9.693351977878560e+00
2.900000000000000e+00	9.659777227576154e+00
2.900000000000000e+00	9.722363732473919e+00
2.900000000000000e+00	9.569710595836215e+00
2.900000000000000e+00	9.458733365637904e+00
2.900000000000000e+00	9.493891058787101e+00
2.900000000000000e+00	9.384474911383052e+00
2.900000000000000e+00	9.598001156833210e+00
2.900000000000000e+00	9.686878175165392e+00
2.900000000000000e+00	9.620824265133260e+00
2.900000000000000e+00	9.815133640116974e+00
2.900000000000000e+00	9.639921650613720e+00
2.900000000000000e+00	9.430815299229817e+00
2.900000000000000e+00	9.730083922742612e+00
2.900000000000000e+00	9.466168471501582e+00
2.900000000000000e+00	9.783105557074938e+00
2.900000000000000e+00	9.678651289710587e+00
2.900000000000000e+00	9.736658188615911e+00
2.900000000000000e+00	9.694156712051234e+00
2.900000000000000e+00	9.473937915479844e+00
2.900000000000000e+00	9.550213723894998e+00
2.900000000000000e+00	9.537993983508656e+00
2.900000000000000e+00	9.690109469957029e+00
2.900000000000000e+00	9.568792811336404e+00
2.900000000000000e+00	9.690021838212353e+00
2.900000000000000e+00	9.631542180199343e+00
2.900000000000000e+00	9.812811170438476e+00
2.900000000000000e+00	9.654447280308876e+00
2.900000000000000e+00	9.696891921438505e+00
2.900000000000000e+00	9.565984827384401e+00
2.900000000000000e+00	9.631800391458844e+00
2.900000000000000e+00	9.536774105080447e+00
2.900000000000000e+00	9.707749568444907e+00
2.900000000000000e+00	9.912695223981720e+00
2.900000000000000e+00	9.838678216401551e+00
2.900000000000000e+00	9.645506052831056e+00
2.900000000000000e+00	9.565175852263438e+00
2.900000000000000e+00	9.685698725948766e+00
2.900000000000000e+00	9.592027778940270e+00
2.900000000000000e+00	9.665391381357754e+00
2.900000000000000e+00	9.593273063354051e+00
2.900000000000000e+00	9.665496943762681e+00
2.900000000000000e+00	9.774635336265366e+00
2.900000000000000e+00	9.827181425296608e+00
2.900000000000000e+00	9.673041193362803e+00
2.900000000000000e+00	9.740682660461417e+00
2.900000000000000e+00	9.748285377363063e+00
2.900000000000000e+00	9.621415462548473e+00
2.900000000000000e+00	9.535731164250082e+00
2.900000000000000e+00	9.701100885649439e+00
2.900000000000000e+00	9.639427552926549e+00
2.900000000000000e+00	9.488815465741432e+00
2.900000000000000e+00	9.619620787919095e+00
2.900000000000000e+00	9.718492612507220e+00
2.900000000000000e+00	9.594651222746400e+00
2.900000000000000e+00	9.463897707772158e+00
2.900000000000000e+00	9.669957402930542e+00
2.900000000000000e+00	9.481623808726205e+00
2.900000000000000e+00	9.707752369269794e+00
2.900000000000000e+00	9.488248150588282e+00
2.900000000000000e+00	9.535734447252306e+00
2.900000000000000e+00	9.744906211025734e+00
2.900000000000000e+00	9.691584253494074e+00
2.900000000000000e+00	9.588810315960430e+00
2.900000000000000e+00	9.613917194165165e+00
2.900000000000000e+00	9.503519990296027e+00
2.900000000000000e+00	9.603523378022027e+00
2.900000000000000e+00	9.687402796425673e+00
2.900000000000000e+00	9.654204981231320e+00
2.900000000000000e+00	9.709590384177412e+00
2.900000000000000e+00	9.634399797088765e+00
2.900000000000000e+00	9.620344600661195e+00
2.900000000000000e+00	9.601893964222839e+00
2.900000000000000e+00	9.835475032058834e+00
2.900000000000000e+00	9.601740996232405e+00
2.900000000000000e+00	9.723499347807948e+00
2.900000000000000e+00	9.724271436220995e+00
2.900000000000000e+00	9.543337125553132e+00
2.900000000000000e+00	9.633849494097948e+00
2.900000000000000e+00	9.697638184632876e+00
2.900000000000000e+00	9.578983935777217e+00
2.900000000000000e+00	9.642496576826762e+00
2.900000000000000e+00	9.715847123409887e+00
2.900000000000000e+00	9.888316871218773e+00
2.900000000000000e+00	9.633226027312261e+00
2.900000000000000e+00	9.497709632181877e+00
2.900000000000000e+00	9.623432779622247e+00
2.900000000000000e+00	9.662603128805223e+00
2.900000000000000e+00	9.729201020238612e+00
2.900000000000000e+00	9.810763679439308e+00
2.900000000000000e+00	9.649823440950868e+00
2.900000000000000e+00	9.550122711750108e+00
2.900000000000000e+00	9.713552867791464e+00
2.900000000000000e+00	9.679077043704948e+00
2.900000000000000e+00	9.622692426778434e+00
2.900000000000000e+00	9.580957410448399e+00
2.900000000000000e+00	9.682031964032058e+00
2.900000000000000e+00	9.635967458740041e+00
2.900000000000000e+00	9.567653233403737e+00
2.900000000000000e+00	9.688957706551523e+00
2.900000000000000e+00	9.553346682813956e+00
2.900000000000000e+00	9.718024794918794e+00
2.900000000000000e+00	9.638030943179658e+00
2.900000000000000e+00	9.515746769662698e+00
2.900000000000000e+00	9.506010706108299e+00
2.900000000000000e+00	9.762371487059049e+00
2.900000000000000e+00	9.592690741220515e+00
2.900000000000000e+00	9.582091705171017e+00
2.900000000000000e+00	9.508537733451059e+00
2.900000000000000e+00	9.687445649432718e+00
2.900000000000000e+00	9.582539583822292e+00
2.900000000000000e+00	9.569954849212920e+00
2.900000000000000e+00	9.684643554070185e+00
2.900000000000000e+00	9.768227596856322e+00
2.900000000000000e+00	9.720141679039974e+00
2.900000000000000e+00	9.577833800455585e+00
2.900000000000000e+00	9.500715439292904e+00
2.900000000000000e+00	9.319957113265556e+00
2.900000000000000e+00	9.673932285031203e+00
2.900000000000000e+00	9.680202951407885e+00
2.900000000000000e+00	9.646445700926737e+00
2.900000000000000e+00	9.791142574739810e+00
2.900000000000000e+00	9.648977156169467e+00
2.900000000000000e+00	9.735966650733269e+00
2.900000000000000e+00	9.591236486944744e+00
2.900000000000000e+00	9.642293192556906e+00
2.900000000000000e+00	9.649754476454191e+00
2.900000000000000e+00	9.644476374920886e+00
2.900000000000000e+00	9.837072283138792e+00
2.900000000000000e+00	9.756505639745829e+00
2.900000000000000e+00	9.594475199779517e+00
2.900000000000000e+00	9.512980377997891e+00
2.900000000000000e+00	9.653103108495095e+00
2.900000000000000e+00	9.613865792260558e+00
2.900000000000000e+00	9.741043009688077e+00
2.900000000000000e+00	9.707809937605010e+00
2.900000000000000e+00	9.701915546731236e+00
2.900000000000000e+00	9.559575901810302e+00
2.900000000000000e+00	9.503055984989459e+00
2.900000000000000e+00	9.561434893609121e+00
2.900000000000000e+00	9.554322124860541e+00
2.900000000000000e+00	9.698616132488880e+00
2.900000000000000e+00	9.622736491523346e+00
2.900000000000000e+00	9.582141923862594e+00
2.900000000000000e+00	9.579525375958339e+00
2.900000000000000e+00	9.761724589912614e+00
2.900000000000000e+00	9.726987982731645e+00
2.900000000000000e+00	9.737373080833235e+00
2.900000000000000e+00	9.498015592478799e+00
2.900000000000000e+00	9.670237413982623e+00
2.900000000000000e+00	9.566206901863353e+00
2.900000000000000e+00	9.598375147121905e+00
2.900000000000000e+00	9.460070137017087e+00
2.900000000000000e+00	9.388650329305271e+00
2.900000000000000e+00	9.491820851565896e+00
2.900000000000000e+00	9.707580404046027e+00
2.900000000000000e+00	9.738969566202064e+00
2.900000000000000e+00	9.650288678031176e+00
2.900000000000000e+00	9.482779279939216e+00
2.900000000000000e+00	9.547473881819840e+00
2.900000000000000e+00	9.483823744266317e+00
2.900000000000000e+00	9.673837613088683e+00
2.900000000000000e+00	9.716346856504011e+00
2.900000000000000e+00	9.640194132081007e+00
2.900000000000000e+00	9.508951130374250e+00
2.900000000000000e+00	9.615576125937011e+00
2.900000000000000e+00	9.479217814311628e+00
2.900000000000000e+00	9.534136330405062e+00
2.900000000000000e+00	9.681772924204420e+00
2.900000000000000e+00	9.747744450220178e+00
2.900000000000000e+00	9.628050410175975e+00
2.900000000000000e+00	9.582138824604790e+00
2.900000000000000e+00	9.782632728144954e+00
2.900000000000000e+00	9.841306492712857e+00
2.900000000000000e+00	9.763943238849556e+00
2.900000000000000e+00	9.547004395399817e+00
2.900000000000000e+00	9.639401072643981e+00
2.900000000000000e+00	9.670108724417913e+00
2.900000000000000e+00	9.615066825114354e+00
2.900000000000000e+00	9.554727950579954e+00
2.900000000000000e+00	9.595988852844307e+00
2.900000000000000e+00	9.734373497993383e+00
2.900000000000000e+00	9.691022821530492e+00
2.900000000000000e+00	9.619229405649165e+00
2.900000000000000e+00	9.511101824205191e+00
2.900000000000000e+00	9.554428660883595e+00
2.900000000000000e+00	9.539394874865145e+00
2.900000000000000e+00	9.594024147443381e+00
2.900000000000000e+00	9.615237744207608e+00
2.900000000000000e+00	9.753666609631800e+00
2.900000000000000e+00	9.808037039127020e+00
2.900000000000000e+00	9.493664990724842e+00
2.900000000000000e+00	9.753341119074332e+00
2.900000000000000e+00	9.366989322229719e+00
2.900000000000000e+00	9.703107241593312e+00
2.900000000000000e+00	9.757096400273076e+00
2.900000000000000e+00	9.594122532120808e+00
2.900000000000000e+00	9.838556281362955e+00
2.900000000000000e+00	9.761676515082108e+00
2.900000000000000e+00	9.777536065471033e+00
2.900000000000000e+00	9.745695551235244e+00
2.900000000000000e+00	9.596337019677355e+00
2.900000000000000e+00	9.655879794393508e+00
2.900000000000000e+00	9.567231961030044e+00
2.900000000000000e+00	9.421886620619572e+00
2.900000000000000e+00	9.628047729382757e+00
2.900000000000000e+00	9.649884579749489e+00
2.900000000000000e+00	9.714424802361261e+00
2.900000000000000e+00	9.547979558476012e+00
2.900000000000000e+00	9.604195110347863e+00
2.900000000000000e+00	9.682087599691437e+00
2.900000000000000e+00	9.578845394185107e+00
2.900000000000000e+00	9.463528740779999e+00
2.900000000000000e+00	9.685442614123938e+00
2.900000000000000e+00	9.599874441894400e+00
2.900000000000000e+00	9.542110393592871e+00
2.900000000000000e+00	9.822316389025721e+00
2.900000000000000e+00	9.711642863649985e+00
2.900000000000000e+00	9.872750694380894e+00
2.900000000000000e+00	9.639762414979085e+00
2.900000000000000e+00	9.598577703428571e+00
2.900000000000000e+00	9.737597030820128e+00
2.900000000000000e+00	9.603270608648796e+00
2.900000000000000e+00	9.615469594219528e+00
2.900000000000000e+00	9.665761409324443e+00
2.900000000000000e+00	9.554584623028326e+00
2.900000000000000e+00	9.621654405441348e+00
2.900000000000000e+00	9.631384645120068e+00
2.900000000000000e+00	9.770966409700298e+00
2.900000000000000e+00	9.762275070915919e+00
2.900000000000000e+00	9.718356134691456e+00
2.900000000000000e+00	9.516679567921155e+00
2.900000000000000e+00	9.569064182334296e+00
2.900000000000000e+00	9.739845865479776e+00
2.900000000000000e+00	9.595444309415477e+00
2.900000000000000e+00	9.820524379957305e+00
2.900000000000000e+00	9.553145825658557e+00
2.900000000000000e+00	9.599886038946558e+00
2.900000000000000e+00	9.553257732469524e+00
2.900000000000000e+00	9.638200661663667e+00
2.900000000000000e+00	9.513444599324075e+00
2.900000000000000e+00	9.733183773793202e+00
2.900000000000000e+00	9.836188712063363e+00
2.900000000000000e+00	9.646022622089891e+00
2.900000000000000e+00	9.674464751226251e+00
2.900000000000000e+00	9.498986226795751e+00
2.900000000000000e+00	9.578407848818109e+00
2.900000000000000e+00	9.537220064752709e+00
2.900000000000000e+00	9.584848452234949e+00
2.900000000000000e+00	9.639069630958749e+00
2.900000000000000e+00	9.607469144455386e+00
2.900000000000000e+00	9.701929301747352e+00
2.900000000000000e+00	9.670664879891923e+00
2.900000000000000e+00	9.783778804118057e+00
2.900000000000000e+00	9.678794844390943e+00
2.900000000000000e+00	9.621886484753981e+00
2.900000000000000e+00	9.605544892726527e+00
2.900000000000000e+00	9.691587562467657e+00
2.900000000000000e+00	9.722399114403542e+00
2.900000000000000e+00	9.594898809759817e+00
2.900000000000000e+00	9.653264475383226e+00
2.900000000000000e+00	9.734750814415913e+00
2.900000000000000e+00	9.614470523708965e+00
2.900000000000000e+00	9.732091561516386e+00
2.900000000000000e+00	9.522439622503386e+00
2.900000000000000e+00	9.631882347080058e+00
2.900000000000000e+00	9.523794149707538e+00
2.900000000000000e+00	9.495542892628814e+00
2.900000000000000e+00	9.652321809497103e+00
2.900000000000000e+00	9.636059770990506e+00
2.900000000000000e+00	9.696179997821321e+00
2.900000000000000e+00	9.753072725631549e+00
2.900000000000000e+00	9.736369628799530e+00
2.900000000000000e+00	9.749118707010718e+00
2.900000000000000e+00	9.639014737912170e+00
2.900000000000000e+00	9.585142580903183e+00
2.900000000000000e+00	9.607518671840674e+00
2.900000000000000e+00	9.746029370151305e+00
2.900000000000000e+00	9.621948872016457e+00
2.900000000000000e+00	9.584414892323263e+00
2.900000000000000e+00	9.645494102073641e+00
2.900000000000000e+00	9.489384431347798e+00
2.900000000000000e+00	9.402817613088265e+00
2.900000000000000e+00	9.664310946243114e+00
2.900000000000000e+00	9.661861650841693e+00
2.900000000000000e+00	9.563363439371253e+00
2.900000000000000e+00	9.549311548314702e+00
2.900000000000000e+00	9.703039194951254e+00
2.900000000000000e+00	9.615143857140605e+00
2.900000000000000e+00	9.814384392533183e+00
2.900000000000000e+00	9.613880046358741e+00
2.900000000000000e+00	9.610608356038915e+00
2.900000000000000e+00	9.679196309715138e+00
2.900000000000000e+00	9.656363090448494e+00
2.900000000000000e+00	9.564780625019566e+00
2.900000000000000e+00	9.600418354172508e+00
2.900000000000000e+00	9.606058719956270e+00
2.900000000000000e+00	9.571556228375034e+00
2.900000000000000e+00	9.757802396529414e+00
2.900000000000000e+00	9.680216510392116e+00
2.900000000000000e+00	9.648737877422437e+00
2.900000000000000e+00	9.602839497155042e+00
2.900000000000000e+00	9.605910205680303e+00
2.900000000000000e+00	9.729110088422903e+00
2.900000000000000e+00	9.578216896179162e+00
2.900000000000000e+00	9.470171116989192e+00
2.900000000000000e+00	9.624053254673886e+00
2.900000000000000e+00	9.593380118409581e+00
2.900000000000000e+00	9.584928896078019e+00
2.900000000000000e+00	9.782428815781063e+00
2.900000000000000e+00	9.694134273054493e+00
2.900000000000000e+00	9.701028716864762e+00
2.900000000000000e+00	9.490746497681030e+00
2.900000000000000e+00	9.592965240470779e+00
2.900000000000000e+00	9.569417089117181e+00
2.900000000000000e+00	9.557566719501862e+00
2.900000000000000e+00	9.663110261447285e+00
2.900000000000000e+00	9.552401655198619e+00
2.900000000000000e+00	9.636661363206951e+00
2.900000000000000e+00	9.483481856225197e+00
2.900000000000000e+00	9.656585021493111e+00
2.900000000000000e+00	9.595449510626437e+00
2.900000000000000e+00	9.653336446783928e+00
2.900000000000000e+00	9.553991587516755e+00
2.900000000000000e+00	9.410903693355872e+00
2.900000000000000e+00	9.532774095705904e+00
2.900000000000000e+00	9.647648563249959e+00
2.900000000000000e+00	9.669572240578432e+00
2.900000000000000e+00	9.471504570998679e+00
2.900000000000000e+00	9.640452686865483e+00
2.900000000000000e+00	9.630281459235134e+00
2.900000000000000e+00	9.790377429578575e+00
2.900000000000000e+00	9.656555755325224e+00
2.900000000000000e+00	9.781401231210896e+00
2.900000000000000e+00	9.689826328927900e+00
2.900000000000000e+00	9.511629079893854e+00
2.900000000000000e+00	9.588057786612323e+00
2.900000000000000e+00	9.783547691951991e+00
2.900000000000000e+00	9.447058877168260e+00
2.900000000000000e+00	9.614292226001430e+00
2.900000000000000e+00	9.533865187162906e+00
2.900000000000000e+00	9.606663364724707e+00
2.900000000000000e+00	9.727388397068570e+00
2.900000000000000e+00	9.574822201460028e+00
2.900000000000000e+00	9.633481319173232e+00
2.900000000000000e+00	9.573438594954252e+00
2.900000000000000e+00	9.865464392087571e+00
2.900000000000000e+00	9.842726848162432e+00
2.900000000000000e+00	9.719522775325419e+00
2.900000000000000e+00	9.785153726521381e+00
2.900000000000000e+00	9.636429168272930e+00
2.900000000000000e+00	9.546993283796326e+00
2.900000000000000e+00	9.460513118025760e+00
2.900000000000000e+00	9.529442089484920e+00
2.900000000000000e+00	9.589350817473985e+00
2.900000000000000e+00	9.608700733563374e+00
2.900000000000000e+00	9.555169986526248e+00
2.900000000000000e+00	9.575811256964169e+00
2.900000000000000e+00	9.607931727068557e+00
2.900000000000000e+00	9.604629427043974e+00
2.900000000000000e+00	9.644460009642447e+00
2.900000000000000e+00	9.677838059817024e+00
2.900000000000000e+00	9.518127738562542e+00
2.900000000000000e+00	9.673186439234545e+00
2.900000000000000e+00	9.748945659871730e+00
2.900000000000000e+00	9.674783894724172e+00
2.900000000000000e+00	9.474525008445443e+00
2.900000000000000e+00	9.650471257630686e+00
2.900000000000000e+00	9.809440659905277e+00
2.900000000000000e+00	9.631691883943020e+00
2.900000000000000e+00	9.763301786549327e+00
2.900000000000000e+00	9.678949814700259e+00
2.900000000000000e+00	9.606055109802158e+00
2.900000000000000e+00	9.585656025779874e+00
2.900000000000000e+00	9.711046291716382e+00
2.900000000000000e+00	9.423650940332415e+00
2.900000000000000e+00	9.736456343648374e+00
2.900000000000000e+00	9.618204706465498e+00
2.900000000000000e+00	9.613444680828504e+00
2.900000000000000e+00	9.813779756104203e+00
2.900000000000000e+00	9.691857229065958e+00
2.900000000000000e+00	9.756655814590625e+00
2.900000000000000e+00	9.609035927205987e+00
2.900000000000000e+00	9.448862158683147e+00
2.900000000000000e+00	9.435294480856509e+00
2.900000000000000e+00	9.691257346896361e+00
2.900000000000000e+00	9.791651917129036e+00
2.900000000000000e+00	9.525438710851351e+00
2.900000000000000e+00	9.582837510801495e+00
2.900000000000000e+00	9.661065695532244e+00
2.900000000000000e+00	9.686783041253191e+00
2.900000000000000e+00	9.518450645385276e+00
2.900000000000000e+00	9.545742866216600e+00
2.900000000000000e+00	9.580642416503473e+00
2.900000000000000e+00	9.499218381372547e+00
2.900000000000000e+00	9.529200996076998e+00
2.900000000000000e+00	9.365501191160336e+00
2.900000000000000e+00	9.724693829044659e+00
2.900000000000000e+00	9.755221932517950e+00
2.900000000000000e+00	9.590465402889336e+00
2.900000000000000e+00	9.623648431197919e+00
2.900000000000000e+00	9.775488133210249e+00
2.900000000000000e+00	9.614659778605400e+00
2.900000000000000e+00	9.781351248122894e+00
2.900000000000000e+00	9.723143916230256e+00
2.900000000000000e+00	9.628354612473753e+00
2.900000000000000e+00	9.563906032408292e+00
2.900000000000000e+00	9.614217742553349e+00
2.900000000000000e+00	9.613955328337967e+00
2.900000000000000e+00	9.737161645391488e+00
2.900000000000000e+00	9.667928385751853e+00
2.900000000000000e+00	9.494747154273121e+00
2.900000000000000e+00	9.671817891353399e+00
2.900000000000000e+00	9.693269806782856e+00
2.900000000000000e+00	9.609738667850955e+00
2.900000000000000e+00	9.560382976386741e+00
2.900000000000000e+00	9.682718634590531e+00
2.900000000000000e+00	9.702240031192609e+00
2.900000000000000e+00	9.705338683198889e+00
2.900000000000000e+00	9.660100211689755e+00
2.900000000000000e+00	9.584886159904269e+00
