4.000000000000000e+00	1.191803031302502e+00
4.000000000000000e+00	1.275488606181358e+00
4.000000000000000e+00	1.199071523747337e+00
4.000000000000000e+00	1.200339704228472e+00
4.000000000000000e+00	1.183354984749660e+00
4.000000000000000e+00	9.922261050077201e-01
4.000000000000000e+00	1.121270804963427e+00
4.000000000000000e+00	1.194019584227732e+00
4.000000000000000e+00	1.263648404103960e+00
4.000000000000000e+00	1.184726214758172e+00
4.000000000000000e+00	1.108471668722147e+00
4.000000000000000e+00	1.215235415763403e+00
4.000000000000000e+00	1.164526853088812e+00
4.000000000000000e+00	1.095651561863618e+00
4.000000000000000e+00	1.190798751680119e+00
4.000000000000000e+00	1.304833940980549e+00
4.000000000000000e+00	1.205776899650087e+00
4.000000000000000e+00	1.264210342958171e+00
4.000000000000000e+00	1.138286258216570e+00
4.000000000000000e+00	1.214462355574775e+00
4.000000000000000e+00	1.206968943263212e+00
4.000000000000000e+00	1.210251838498928e+00
4.000000000000000e+00	1.160766848812607e+00
4.000000000000000e+00	1.290199675359958e+00
4.000000000000000e+00	1.278921156199969e+00
4.000000000000000e+00	1.278943793739459e+00
4.000000000000000e+00	1.112647833632078e+00
4.000000000000000e+00	1.144558194405314e+00
4.000000000000000e+00	1.180632201918753e+00
4.000000000000000e+00	1.305896070572326e+00
4.000000000000000e+00	1.246163023991003e+00
4.000000000000000e+00	1.213933677583064e+00
4.000000000000000e+00	1.227897463721536e+00
4.000000000000000e+00	1.184844296758822e+00
4.000000000000000e+00	1.154093485425686e+00
4.000000000000000e+00	1.077559931212013e+00
4.000000000000000e+00	1.156570163517588e+00
4.000000000000000e+00	1.193164836943789e+00
4.000000000000000e+00	1.157655236762216e+00
4.000000000000000e+00	1.161187777395176e+00
4.000000000000000e+00	1.160369159599417e+00
4.000000000000000e+00	1.189641278390398e+00
4.000000000000000e+00	1.204950107064581e+00
4.000000000000000e+00	1.327743272869715e+00
4.000000000000000e+00	1.102890621611365e+00
4.000000000000000e+00	1.181349316998463e+00
4.000000000000000e+00	1.163773600736846e+00
4.000000000000000e+00	1.257220729453187e+00
4.000000000000000e+00	1.178955842938310e+00
4.000000000000000e+00	1.249343690389232e+00
4.000000000000000e+00	1.174000756258338e+00
4.000000000000000e+00	1.090560528169471e+00
4.000000000000000e+00	1.180087917926063e+00
4.000000000000000e+00	1.238646305379779e+00
4.000000000000000e+00	1.203497335434117e+00
4.000000000000000e+00	1.138254976996880e+00
4.000000000000000e+00	1.167009705630865e+00
4.000000000000000e+00	1.327885541508523e+00
4.000000000000000e+00	1.251695091205896e+00
4.000000000000000e+00	1.220874422305050e+00
4.000000000000000e+00	1.180219676075609e+00
4.000000000000000e+00	1.237559365068654e+00
4.000000000000000e+00	1.229804065557120e+00
4.000000000000000e+00	1.331141805049453e+00
4.000000000000000e+00	1.162117201446411e+00
4.000000000000000e+00	1.270890446478510e+00
4.000000000000000e+00	1.157269282400363e+00
4.000000000000000e+00	1.186450244145518e+00
4.000000000000000e+00	1.143756167498969e+00
4.000000000000000e+00	1.124600896076467e+00
4.000000000000000e+00	1.234861826548893e+00
4.000000000000000e+00	1.274168013092857e+00
4.000000000000000e+00	1.123108511199759e+00
4.000000000000000e+00	1.150633180959097e+00
4.000000000000000e+00	1.165890940513152e+00
4.000000000000000e+00	1.272712995582843e+00
4.000000000000000e+00	1.193506952967639e+00
4.000000000000000e+00	1.190071795942499e+00
4.000000000000000e+00	1.114315558203703e+00
4.000000000000000e+00	1.094617656274702e+00
4.000000000000000e+00	1.301921699171949e+00
4.000000000000000e+00	1.183231878290407e+00
4.000000000000000e+00	1.153298764427752e+00
4.000000000000000e+00	1.152567065189347e+00
4.000000000000000e+00	1.199770853044445e+00
4.000000000000000e+00	1.198717460180035e+00
4.000000000000000e+00	1.251015066984493e+00
4.000000000000000e+00	1.314556861361631e+00
4.000000000000000e+00	1.157690324228558e+00
4.000000000000000e+00	1.155232858116588e+00
4.000000000000000e+00	1.154646485643544e+00
4.000000000000000e+00	1.295392204547149e+00
4.000000000000000e+00	1.244428415725152e+00
4.000000000000000e+00	1.236835122888372e+00
4.000000000000000e+00	1.258330822822843e+00
4.000000000000000e+00	1.186879633261873e+00
4.000000000000000e+00	1.211969828164004e+00
4.000000000000000e+00	1.163459656759168e+00
4.000000000000000e+00	1.217231546910586e+00
4.000000000000000e+00	1.236015876532233e+00
4.000000000000000e+00	1.175324257150087e+00
4.000000000000000e+00	1.163830337083930e+00
4.000000000000000e+00	1.239977306118768e+00
4.000000000000000e+00	1.146153516752762e+00
4.000000000000000e+00	1.211464416146135e+00
4.000000000000000e+00	1.176609650563062e+00
4.000000000000000e+00	1.150760538024595e+00
4.000000000000000e+00	1.227469786582263e+00
4.000000000000000e+00	1.086789711813788e+00
4.000000000000000e+00	1.102402404220951e+00
4.000000000000000e+00	1.135152549125380e+00
4.000000000000000e+00	1.309255120943225e+00
4.000000000000000e+00	1.203810969357743e+00
4.000000000000000e+00	1.145658770614883e+00
4.000000000000000e+00	1.112245227301748e+00
4.000000000000000e+00	1.233293282552219e+00
4.000000000000000e+00	1.168906993523333e+00
4.000000000000000e+00	1.230822458185518e+00
4.000000000000000e+00	1.219126827563001e+00
4.000000000000000e+00	1.140838879520687e+00
4.000000000000000e+00	1.146972053402518e+00
4.000000000000000e+00	1.150891762003069e+00
4.000000000000000e+00	1.194638687662292e+00
4.000000000000000e+00	1.174825575473134e+00
4.000000000000000e+00	1.204894814092006e+00
4.000000000000000e+00	1.222926958263103e+00
4.000000000000000e+00	1.094747353251659e+00
4.000000000000000e+00	1.141528883180289e+00
4.000000000000000e+00	1.157663523790518e+00
4.000000000000000e+00	1.236570439352588e+00
4.000000000000000e+00	1.204825925070607e+00
4.000000000000000e+00	1.207011191635248e+00
4.000000000000000e+00	1.162154986185510e+00
4.000000000000000e+00	1.178985690537856e+00
4.000000000000000e+00	1.236340790987119e+00
4.000000000000000e+00	1.235734608906387e+00
4.000000000000000e+00	1.171968502305778e+00
4.000000000000000e+00	1.267408512670536e+00
4.000000000000000e+00	1.252149184439313e+00
4.000000000000000e+00	1.119662026840712e+00
4.000000000000000e+00	1.198294220102069e+00
4.000000000000000e+00	1.150236934911739e+00
4.000000000000000e+00	1.204592624251738e+00
4.000000000000000e+00	1.095279465729129e+00
4.000000000000000e+00	1.147452896268476e+00
4.000000000000000e+00	1.206493618701214e+00
4.000000000000000e+00	1.129413561196113e+00
4.000000000000000e+00	1.171386583550417e+00
4.000000000000000e+00	1.193343699293554e+00
4.000000000000000e+00	1.205449454003786e+00
4.000000000000000e+00	1.203194342588896e+00
4.000000000000000e+00	1.245071976845129e+00
4.000000000000000e+00	1.171354603970484e+00
4.000000000000000e+00	1.172571307835100e+00
4.000000000000000e+00	1.167436314369337e+00
4.000000000000000e+00	1.202364098455806e+00
4.000000000000000e+00	1.130512651408721e+00
4.000000000000000e+00	1.251211008345820e+00
4.000000000000000e+00	1.155053823247105e+00
4.000000000000000e+00	1.170275881419669e+00
4.000000000000000e+00	1.223289125492968e+00
4.000000000000000e+00	1.273999714251732e+00
4.000000000000000e+00	1.170438704277579e+00
4.000000000000000e+00	1.249891335788060e+00
4.000000000000000e+00	1.169492021230230e+00
4.000000000000000e+00	1.159135082243415e+00
4.000000000000000e+00	1.167055572041986e+00
4.000000000000000e+00	1.250060018785388e+00
4.000000000000000e+00	1.204701859650868e+00
4.000000000000000e+00	1.222348858843466e+00
4.000000000000000e+00	1.206431031784311e+00
4.000000000000000e+00	1.100541606239114e+00
4.000000000000000e+00	1.229251831127102e+00
4.000000000000000e+00	1.226326910903294e+00
4.000000000000000e+00	1.123453754355065e+00
4.000000000000000e+00	1.215007673324979e+00
4.000000000000000e+00	1.218627585333014e+00
4.000000000000000e+00	1.214675575461675e+00
4.000000000000000e+00	1.135058012210179e+00
4.000000000000000e+00	1.105946689834870e+00
4.000000000000000e+00	1.198939685298769e+00
4.000000000000000e+00	1.194923100946221e+00
4.000000000000000e+00	1.174539505230059e+00
4.000000000000000e+00	1.137722937537792e+00
4.000000000000000e+00	1.225491749804221e+00
4.000000000000000e+00	1.246134554922680e+00
4.000000000000000e+00	1.154372382977321e+00
4.000000000000000e+00	1.135803520126771e+00
4.000000000000000e+00	1.167571545224987e+00
4.000000000000000e+00	1.090315488847965e+00
4.000000000000000e+00	1.221321047790670e+00
4.000000000000000e+00	1.171390200803140e+00
4.000000000000000e+00	1.205298939156249e+00
4.000000000000000e+00	1.191199252330936e+00
4.000000000000000e+00	1.266399037606693e+00
4.000000000000000e+00	1.307026618939760e+00
4.000000000000000e+00	1.124870561495809e+00
4.000000000000000e+00	1.279235266000987e+00
4.000000000000000e+00	1.193691305285897e+00
4.000000000000000e+00	1.235187682982668e+00
4.000000000000000e+00	1.250893200302258e+00
4.000000000000000e+00	1.207503357592470e+00
4.000000000000000e+00	1.200794023462818e+00
4.000000000000000e+00	1.190806469374951e+00
4.000000000000000e+00	1.203861161094692e+00
4.000000000000000e+00	1.130832583228962e+00
4.000000000000000e+00	1.089915929541441e+00
4.000000000000000e+00	1.161742196159590e+00
4.000000000000000e+00	1.170794058543096e+00
4.000000000000000e+00	1.182054956070220e+00
4.000000000000000e+00	1.174740067262954e+00
4.000000000000000e+00	1.188738580690049e+00
4.000000000000000e+00	1.226281559320716e+00
4.000000000000000e+00	1.110649052717513e+00
4.000000000000000e+00	1.240078727898462e+00
4.000000000000000e+00	1.230752737926180e+00
4.000000000000000e+00	1.219919130601274e+00
4.000000000000000e+00	1.130860843501038e+00
4.000000000000000e+00	1.253770068235663e+00
4.000000000000000e+00	1.167516517533230e+00
4.000000000000000e+00	1.261234272017505e+00
4.000000000000000e+00	1.211589229388992e+00
4.000000000000000e+00	1.144168023418021e+00
4.000000000000000e+00	1.232079135341120e+00
4.000000000000000e+00	1.249010973598100e+00
4.000000000000000e+00	1.158281971552973e+00
4.000000000000000e+00	1.273946306633279e+00
4.000000000000000e+00	1.186433342310508e+00
4.000000000000000e+00	1.165067811672311e+00
4.000000000000000e+00	1.265162975316652e+00
4.000000000000000e+00	1.209860875899383e+00
4.000000000000000e+00	1.137638408744997e+00
4.000000000000000e+00	1.084710285432797e+00
4.000000000000000e+00	1.141825754265377e+00
4.000000000000000e+00	1.250373947468328e+00
4.000000000000000e+00	1.117153424455653e+00
4.000000000000000e+00	1.179076136110691e+00
4.000000000000000e+00	1.215243363128959e+00
4.000000000000000e+00	1.169255660935228e+00
4.000000000000000e+00	1.204082251815160e+00
4.000000000000000e+00	1.282556328889999e+00
4.000000000000000e+00	1.149924217464215e+00
4.000000000000000e+00	1.129883093323330e+00
4.000000000000000e+00	1.195360488720310e+00
4.000000000000000e+00	1.198229831186731e+00
4.000000000000000e+00	1.164220277782393e+00
4.000000000000000e+00	1.178304582084152e+00
4.000000000000000e+00	1.201003506477346e+00
4.000000000000000e+00	1.194966480046881e+00
4.000000000000000e+00	1.194737362128508e+00
4.000000000000000e+00	1.271738975530732e+00
4.000000000000000e+00	1.217827863157380e+00
4.000000000000000e+00	1.139567289002125e+00
4.000000000000000e+00	1.250530408460859e+00
4.000000000000000e+00	1.231796724758980e+00
4.000000000000000e+00	1.126292217245000e+00
4.000000000000000e+00	1.195549603555647e+00
4.000000000000000e+00	1.168051343478144e+00
4.000000000000000e+00	1.181750752880607e+00
4.000000000000000e+00	1.172609677142592e+00
4.000000000000000e+00	1.206019283202272e+00
4.000000000000000e+00	1.082783741777916e+00
4.000000000000000e+00	1.176676802210848e+00
4.000000000000000e+00	1.229383418393123e+00
4.000000000000000e+00	1.175961485699079e+00
4.000000000000000e+00	1.156026861480102e+00
4.000000000000000e+00	1.176786877800110e+00
4.000000000000000e+00	1.265059186780177e+00
4.000000000000000e+00	1.264192585289683e+00
4.000000000000000e+00	1.172058387905480e+00
4.000000000000000e+00	1.100246879351627e+00
4.000000000000000e+00	1.198082277616464e+00
4.000000000000000e+00	1.168010533036670e+00
4.000000000000000e+00	1.160092593877838e+00
4.000000000000000e+00	1.143668923691933e+00
4.000000000000000e+00	1.111792801265404e+00
4.000000000000000e+00	1.198956478875815e+00
4.000000000000000e+00	1.254906880817904e+00
4.000000000000000e+00	1.258857343406121e+00
4.000000000000000e+00	1.218017109183941e+00
4.000000000000000e+00	1.206222841464346e+00
4.000000000000000e+00	1.230755994884911e+00
4.000000000000000e+00	1.250999383337850e+00
4.000000000000000e+00	1.250683481775424e+00
4.000000000000000e+00	1.256588866736335e+00
4.000000000000000e+00	1.256632329088980e+00
4.000000000000000e+00	1.187526683628908e+00
4.000000000000000e+00	1.273623391054295e+00
4.000000000000000e+00	1.215797719696766e+00
4.000000000000000e+00	1.163303192671118e+00
4.000000000000000e+00	1.118748324874164e+00
4.000000000000000e+00	1.235709250062085e+00
4.000000000000000e+00	1.213471631113536e+00
4.000000000000000e+00	1.261495820616004e+00
4.000000000000000e+00	1.169117433128781e+00
4.000000000000000e+00	1.132657347658519e+00
4.000000000000000e+00	1.157987237424267e+00
4.000000000000000e+00	1.200493848973005e+00
4.000000000000000e+00	1.159601339293096e+00
4.000000000000000e+00	1.214068421647249e+00
4.000000000000000e+00	1.266806478251423e+00
4.000000000000000e+00	1.183125333174780e+00
4.000000000000000e+00	1.115105768550786e+00
4.000000000000000e+00	1.110259790261173e+00
4.000000000000000e+00	1.112570341947487e+00
4.000000000000000e+00	1.164908888763359e+00
4.000000000000000e+00	1.180240864944778e+00
4.000000000000000e+00	1.255032067239200e+00
4.000000000000000e+00	1.172088979795721e+00
4.000000000000000e+00	1.098993130132764e+00
4.000000000000000e+00	1.142363415445736e+00
4.000000000000000e+00	1.146982440383526e+00
4.000000000000000e+00	1.167472969742810e+00
4.000000000000000e+00	1.148047577422690e+00
4.000000000000000e+00	1.207960093426223e+00
4.000000000000000e+00	1.200215847967125e+00
4.000000000000000e+00	1.255349478484611e+00
4.000000000000000e+00	1.168196983802793e+00
4.000000000000000e+00	1.211034823748687e+00
4.000000000000000e+00	1.197765259603070e+00
4.000000000000000e+00	1.258480902158066e+00
4.000000000000000e+00	1.234462452459666e+00
4.000000000000000e+00	1.204533958269995e+00
4.000000000000000e+00	1.191569370085392e+00
4.000000000000000e+00	1.166758456973199e+00
4.000000000000000e+00	1.124313179212949e+00
4.000000000000000e+00	1.163506429059639e+00
4.000000000000000e+00	1.212578218878178e+00
4.000000000000000e+00	1.106849778283647e+00
4.000000000000000e+00	1.215681356727700e+00
4.000000000000000e+00	1.140126603635540e+00
4.000000000000000e+00	1.167604471786779e+00
4.000000000000000e+00	1.225494025849866e+00
4.000000000000000e+00	1.138631595350168e+00
4.000000000000000e+00	1.222125891610233e+00
4.000000000000000e+00	1.102263749905291e+00
4.000000000000000e+00	1.169004148490904e+00
4.000000000000000e+00	1.174437871180111e+00
4.000000000000000e+00	1.168775822556898e+00
4.000000000000000e+00	1.106704836156382e+00
4.000000000000000e+00	1.244184035422927e+00
4.000000000000000e+00	1.125248845292501e+00
4.000000000000000e+00	1.163623306269732e+00
4.000000000000000e+00	1.109260228583098e+00
4.000000000000000e+00	1.215918639282173e+00
4.000000000000000e+00	1.190553672406474e+00
4.000000000000000e+00	1.202779161261251e+00
4.000000000000000e+00	1.182027643830909e+00
4.000000000000000e+00	1.080970616699102e+00
4.000000000000000e+00	1.127297954318239e+00
4.000000000000000e+00	1.222255254744055e+00
4.000000000000000e+00	1.175884457239779e+00
4.000000000000000e+00	1.153213310178105e+00
4.000000000000000e+00	1.203525667947248e+00
4.000000000000000e+00	1.193643390347916e+00
4.000000000000000e+00	1.181299916776990e+00
4.000000000000000e+00	1.208631230833864e+00
4.000000000000000e+00	1.126523797145011e+00
4.000000000000000e+00	1.163424731917899e+00
4.000000000000000e+00	1.177053144410533e+00
4.000000000000000e+00	1.232880760448850e+00
4.000000000000000e+00	1.212326607094032e+00
4.000000000000000e+00	1.231264272270018e+00
4.000000000000000e+00	1.073741740790860e+00
4.000000000000000e+00	1.119057489451608e+00
4.000000000000000e+00	1.184985640437319e+00
4.000000000000000e+00	1.124576270208724e+00
4.000000000000000e+00	1.180226466786644e+00
4.000000000000000e+00	1.101491093991792e+00
4.000000000000000e+00	1.160930809662376e+00
4.000000000000000e+00	1.208476239453968e+00
4.000000000000000e+00	1.162952354772901e+00
4.000000000000000e+00	1.163352335408093e+00
4.000000000000000e+00	1.174397961137983e+00
4.000000000000000e+00	1.152028721831385e+00
4.000000000000000e+00	1.162000243934048e+00
4.000000000000000e+00	1.176827631289477e+00
4.000000000000000e+00	1.121907036337155e+00
4.000000000000000e+00	1.190507627643139e+00
4.000000000000000e+00	1.167751462856983e+00
4.000000000000000e+00	1.210590091796151e+00
4.000000000000000e+00	1.245400522739460e+00
4.000000000000000e+00	1.121695016568945e+00
4.000000000000000e+00	1.268230780448313e+00
4.000000000000000e+00	1.203134121524731e+00
4.000000000000000e+00	1.169233741893858e+00
4.000000000000000e+00	1.201575022325449e+00
4.000000000000000e+00	1.178048244584374e+00
4.000000000000000e+00	1.289805333924225e+00
4.000000000000000e+00	1.241734576042741e+00
4.000000000000000e+00	1.216745860523960e+00
4.000000000000000e+00	1.198349432916159e+00
4.000000000000000e+00	1.251570755076318e+00
4.000000000000000e+00	1.215001680594875e+00
4.000000000000000e+00	1.181558003443517e+00
4.000000000000000e+00	1.265975110533857e+00
4.000000000000000e+00	1.221899739419575e+00
4.000000000000000e+00	1.234359017033630e+00
4.000000000000000e+00	1.202133595217333e+00
4.000000000000000e+00	1.263146198873863e+00
4.000000000000000e+00	1.241185825533860e+00
4.000000000000000e+00	1.189690284492776e+00
4.000000000000000e+00	1.180939901935436e+00
4.000000000000000e+00	1.132955370274539e+00
4.000000000000000e+00	1.271930090974416e+00
4.000000000000000e+00	1.157201891226181e+00
4.000000000000000e+00	1.135816017567322e+00
4.000000000000000e+00	1.208150891329247e+00
4.000000000000000e+00	1.206127031265799e+00
4.000000000000000e+00	1.094785141770310e+00
4.000000000000000e+00	1.276105415993488e+00
4.000000000000000e+00	1.259672976455942e+00
4.000000000000000e+00	1.210424019971858e+00
4.000000000000000e+00	1.245862756868767e+00
4.000000000000000e+00	1.116872627450043e+00
4.000000000000000e+00	1.214055699159726e+00
4.000000000000000e+00	1.170562291781460e+00
4.000000000000000e+00	1.189160373318731e+00
4.000000000000000e+00	1.243851545229066e+00
4.000000000000000e+00	1.065409438757472e+00
4.000000000000000e+00	1.161051426950630e+00
4.000000000000000e+00	1.252516040304137e+00
4.000000000000000e+00	1.180751602926014e+00
4.000000000000000e+00	1.222085959799787e+00
4.000000000000000e+00	1.184238590236000e+00
4.000000000000000e+00	1.169902821648498e+00
4.000000000000000e+00	1.219812074630176e+00
4.000000000000000e+00	1.255506288690124e+00
4.000000000000000e+00	1.251075667968790e+00
4.000000000000000e+00	1.234326007802231e+00
4.000000000000000e+00	1.203619972235359e+00
4.000000000000000e+00	1.180011025912719e+00
4.000000000000000e+00	1.237345964904200e+00
4.000000000000000e+00	1.182578723220986e+00
4.000000000000000e+00	1.150606884641889e+00
4.000000000000000e+00	1.166429602276745e+00
4.000000000000000e+00	1.149999139851219e+00
4.000000000000000e+00	1.176744387918285e+00
4.000000000000000e+00	1.186474996542450e+00
4.000000000000000e+00	1.127952919973086e+00
4.000000000000000e+00	1.136846706861870e+00
4.000000000000000e+00	1.184177572210444e+00
4.000000000000000e+00	1.170206692343731e+00
4.000000000000000e+00	1.224889455753105e+00
4.000000000000000e+00	1.229176954178370e+00
4.000000000000000e+00	1.271928351391390e+00
4.000000000000000e+00	1.236211854967403e+00
4.000000000000000e+00	1.108382425857534e+00
4.000000000000000e+00	1.208654912616474e+00
4.000000000000000e+00	1.190976609693915e+00
4.000000000000000e+00	1.249507564216878e+00
4.000000000000000e+00	1.164390183438607e+00
4.000000000000000e+00	1.152720502223506e+00
4.000000000000000e+00	1.189915516753894e+00
4.000000000000000e+00	1.214239259180496e+00
4.000000000000000e+00	1.274455211817428e+00
4.000000000000000e+00	1.161548846339632e+00
4.000000000000000e+00	1.161339356659488e+00
4.000000000000000e+00	1.141753243431773e+00
4.000000000000000e+00	1.175068583103410e+00
4.000000000000000e+00	1.160397340239680e+00
4.000000000000000e+00	1.202586825793081e+00
4.000000000000000e+00	1.169332029390413e+00
4.000000000000000e+00	1.207002869303070e+00
4.000000000000000e+00	1.291799906679574e+00
4.000000000000000e+00	1.188506331766262e+00
4.000000000000000e+00	1.188344960596191e+00
4.000000000000000e+00	1.229379994229173e+00
4.000000000000000e+00	1.224983678982284e+00
4.000000000000000e+00	1.166927520405748e+00
4.000000000000000e+00	1.204397861525613e+00
4.000000000000000e+00	1.275576456974471e+00
4.000000000000000e+00	1.162654339264723e+00
4.000000000000000e+00	1.190437358347181e+00
4.000000000000000e+00	1.260650527181012e+00
4.000000000000000e+00	1.121941917423665e+00
4.000000000000000e+00	1.239830427156671e+00
4.000000000000000e+00	1.200767817141888e+00
4.000000000000000e+00	1.134174169082905e+00
4.000000000000000e+00	1.131337075877313e+00
4.000000000000000e+00	1.126787823651193e+00
4.000000000000000e+00	1.162299306082925e+00
4.000000000000000e+00	1.258187971560089e+00
4.000000000000000e+00	1.236134090658135e+00
4.000000000000000e+00	1.176755851773399e+00
4.000000000000000e+00	1.138934588453860e+00
4.000000000000000e+00	1.167791180672691e+00
4.000000000000000e+00	1.213689663768819e+00
4.000000000000000e+00	1.230567012516850e+00
4.000000000000000e+00	1.226518913487387e+00
4.000000000000000e+00	1.116504810685750e+00
4.000000000000000e+00	1.152643102666659e+00
4.000000000000000e+00	1.115357525264929e+00
4.000000000000000e+00	1.164210404284816e+00
4.000000000000000e+00	1.163202868091215e+00
4.000000000000000e+00	1.175887967537727e+00
4.000000000000000e+00	1.183606843739012e+00
4.000000000000000e+00	1.183541202487072e+00
4.000000000000000e+00	1.026768672717893e+00
4.000000000000000e+00	1.140636334972776e+00
4.000000000000000e+00	1.244996591815987e+00
4.000000000000000e+00	1.245279360395082e+00
4.000000000000000e+00	1.234991016783151e+00
4.000000000000000e+00	1.293812144092228e+00
4.000000000000000e+00	1.081556399908160e+00
4.000000000000000e+00	1.272045780152026e+00
4.000000000000000e+00	1.189229072632450e+00
4.000000000000000e+00	1.241305732974851e+00
4.000000000000000e+00	1.196323669947848e+00
4.000000000000000e+00	1.278513045514303e+00
4.000000000000000e+00	1.236429002981665e+00
4.000000000000000e+00	1.156624995223063e+00
4.000000000000000e+00	1.212148666770747e+00
4.000000000000000e+00	1.104041933313648e+00
4.000000000000000e+00	1.205391645170475e+00
4.000000000000000e+00	1.164201729471694e+00
4.000000000000000e+00	1.216274753927519e+00
4.000000000000000e+00	1.226043461356283e+00
4.000000000000000e+00	1.156313420012203e+00
4.000000000000000e+00	1.176026073548261e+00
4.000000000000000e+00	1.111677443964254e+00
4.000000000000000e+00	1.263042662599251e+00
4.000000000000000e+00	1.191617151118109e+00
4.000000000000000e+00	1.151093837005022e+00
4.000000000000000e+00	1.263789072487279e+00
4.000000000000000e+00	1.184808187352080e+00
4.000000000000000e+00	1.167493587609364e+00
4.000000000000000e+00	1.202298268389304e+00
4.000000000000000e+00	1.182033127717392e+00
4.000000000000000e+00	1.113102457457962e+00
4.000000000000000e+00	1.169532505615228e+00
4.000000000000000e+00	1.201385207927650e+00
4.000000000000000e+00	1.203398328835520e+00
4.000000000000000e+00	1.148357486528516e+00
4.000000000000000e+00	1.180794961057321e+00
4.000000000000000e+00	1.184283598088608e+00
4.000000000000000e+00	1.226796473185044e+00
4.000000000000000e+00	1.209466297262409e+00
4.000000000000000e+00	1.183718294118707e+00
4.000000000000000e+00	1.136548626662344e+00
4.000000000000000e+00	1.128342219951790e+00
4.000000000000000e+00	1.177786689143213e+00
4.000000000000000e+00	1.141447023582773e+00
4.000000000000000e+00	1.172648420406895e+00
4.000000000000000e+00	1.204154398752408e+00
4.000000000000000e+00	1.226624887981367e+00
4.000000000000000e+00	1.171183002104012e+00
4.000000000000000e+00	1.326192237341957e+00
4.000000000000000e+00	1.232307487936517e+00
4.000000000000000e+00	1.179090143066983e+00
4.000000000000000e+00	1.098318134632709e+00
4.000000000000000e+00	1.091753030260540e+00
4.000000000000000e+00	1.236561178324404e+00
4.000000000000000e+00	1.207577838127106e+00
4.000000000000000e+00	1.265686977610649e+00
4.000000000000000e+00	1.123023178189494e+00
4.000000000000000e+00	1.166493727796876e+00
4.000000000000000e+00	1.171935443336994e+00
4.000000000000000e+00	1.162614174202897e+00
4.000000000000000e+00	1.196554695340471e+00
4.000000000000000e+00	1.181141430895442e+00
4.000000000000000e+00	1.157740924327439e+00
4.000000000000000e+00	1.178765712438108e+00
4.000000000000000e+00	1.253221637425347e+00
4.000000000000000e+00	1.213234964246971e+00
4.000000000000000e+00	1.225561250513655e+00
4.000000000000000e+00	1.251375158101549e+00
4.000000000000000e+00	1.220102815600911e+00
4.000000000000000e+00	1.326912618733685e+00
4.000000000000000e+00	1.232915762605902e+00
4.000000000000000e+00	1.149292801782616e+00
4.000000000000000e+00	1.239987841559520e+00
4.000000000000000e+00	1.304144873385948e+00
4.000000000000000e+00	1.112465244950639e+00
4.000000000000000e+00	1.166432007378096e+00
4.000000000000000e+00	1.181314668570302e+00
4.000000000000000e+00	1.221421527434528e+00
4.000000000000000e+00	1.198609799601235e+00
4.000000000000000e+00	1.255909230152639e+00
4.000000000000000e+00	1.218984490597107e+00
4.000000000000000e+00	1.203584187683425e+00
4.000000000000000e+00	1.236811935355708e+00
4.000000000000000e+00	1.124212727780445e+00
4.000000000000000e+00	1.218636988350150e+00
4.000000000000000e+00	1.128459578613042e+00
4.000000000000000e+00	1.170403032570803e+00
4.000000000000000e+00	1.203697711989331e+00
4.000000000000000e+00	1.173888939559717e+00
4.000000000000000e+00	1.077459359061923e+00
4.000000000000000e+00	1.258166738427881e+00
4.000000000000000e+00	1.259588574196246e+00
4.000000000000000e+00	1.258955438871349e+00
4.000000000000000e+00	1.109874048867665e+00
4.000000000000000e+00	1.228849013497576e+00
4.000000000000000e+00	1.225363456960288e+00
4.000000000000000e+00	1.212300293649809e+00
4.000000000000000e+00	1.141048688373593e+00
4.000000000000000e+00	1.142579919617170e+00
4.000000000000000e+00	1.178200659764959e+00
4.000000000000000e+00	1.193408264531442e+00
4.000000000000000e+00	1.102368413659516e+00
4.000000000000000e+00	1.160090089993085e+00
4.000000000000000e+00	1.165274641690358e+00
4.000000000000000e+00	1.204583413752458e+00
4.000000000000000e+00	1.078189095920731e+00
4.000000000000000e+00	1.234348327796024e+00
4.000000000000000e+00	1.173062555549098e+00
4.000000000000000e+00	1.234679959035877e+00
4.000000000000000e+00	1.204756589112964e+00
4.000000000000000e+00	1.176201387785531e+00
4.000000000000000e+00	1.193269572865555e+00
4.000000000000000e+00	1.289147584325874e+00
4.000000000000000e+00	1.217340522549389e+00
4.000000000000000e+00	1.260747516952592e+00
4.000000000000000e+00	1.229010154292985e+00
4.000000000000000e+00	1.203609843908694e+00
4.000000000000000e+00	1.155999854071096e+00
4.000000000000000e+00	1.138585204280936e+00
4.000000000000000e+00	1.156916736361093e+00
4.000000000000000e+00	1.220366279398083e+00
4.000000000000000e+00	1.168282859113173e+00
4.000000000000000e+00	1.145301139883819e+00
4.000000000000000e+00	1.150001940976155e+00
4.000000000000000e+00	1.174096963630723e+00
4.000000000000000e+00	1.153425089074312e+00
4.000000000000000e+00	1.226250444129855e+00
4.000000000000000e+00	1.261408971502823e+00
4.000000000000000e+00	1.274508276102871e+00
4.000000000000000e+00	1.243082983084744e+00
4.000000000000000e+00	1.158991485835257e+00
4.000000000000000e+00	1.206079600104818e+00
4.000000000000000e+00	1.166787944066766e+00
4.000000000000000e+00	1.229776923465946e+00
4.000000000000000e+00	1.162948979650070e+00
4.000000000000000e+00	1.187792247421237e+00
4.000000000000000e+00	1.275950643054698e+00
4.000000000000000e+00	1.187951659219862e+00
4.000000000000000e+00	1.218206975360287e+00
4.000000000000000e+00	1.212400943467603e+00
4.000000000000000e+00	1.198127403837309e+00
4.000000000000000e+00	1.145283389040707e+00
4.000000000000000e+00	1.164765293743680e+00
4.000000000000000e+00	1.257412256710186e+00
4.000000000000000e+00	1.122831912546553e+00
4.000000000000000e+00	1.135926004589291e+00
4.000000000000000e+00	1.145889191134484e+00
4.000000000000000e+00	1.185502539817406e+00
4.000000000000000e+00	1.222688857890937e+00
4.000000000000000e+00	1.074992083483586e+00
4.000000000000000e+00	1.075078006391830e+00
4.000000000000000e+00	1.150885199453810e+00
4.000000000000000e+00	1.147800006650118e+00
4.000000000000000e+00	1.194253926672018e+00
4.000000000000000e+00	1.196109447071500e+00
4.000000000000000e+00	1.207623976087267e+00
4.000000000000000e+00	1.194339317515332e+00
4.000000000000000e+00	1.115804191942495e+00
4.000000000000000e+00	1.196539474714266e+00
4.000000000000000e+00	1.251080798488253e+00
4.000000000000000e+00	1.152130936823816e+00
4.000000000000000e+00	1.168398718069963e+00
4.000000000000000e+00	1.133836723365627e+00
4.000000000000000e+00	1.216225435952956e+00
4.000000000000000e+00	1.221976512200369e+00
4.000000000000000e+00	1.127974603000812e+00
4.000000000000000e+00	1.230773060845089e+00
4.000000000000000e+00	1.174956917662880e+00
4.000000000000000e+00	1.187085577371713e+00
4.000000000000000e+00	1.300651389646604e+00
4.000000000000000e+00	1.182824867516507e+00
4.000000000000000e+00	1.147056381373695e+00
4.000000000000000e+00	1.177827105844816e+00
4.000000000000000e+00	1.198025346154165e+00
4.000000000000000e+00	1.207267482134621e+00
4.000000000000000e+00	1.164352629839198e+00
4.000000000000000e+00	1.234887956352944e+00
4.000000000000000e+00	1.163850081750255e+00
4.000000000000000e+00	1.207539372022134e+00
4.000000000000000e+00	1.187496165495216e+00
4.000000000000000e+00	1.197920932825936e+00
4.000000000000000e+00	1.131004268726028e+00
4.000000000000000e+00	1.243817164712585e+00
4.000000000000000e+00	1.207555389439115e+00
4.000000000000000e+00	1.162408890857203e+00
4.000000000000000e+00	1.159892905423352e+00
4.000000000000000e+00	1.111072557416910e+00
4.000000000000000e+00	1.039314958565604e+00
4.000000000000000e+00	1.261659101994733e+00
4.000000000000000e+00	1.151599340297820e+00
4.000000000000000e+00	1.149472743064839e+00
4.000000000000000e+00	1.126505953699537e+00
4.000000000000000e+00	1.075761639821234e+00
4.000000000000000e+00	1.160581569812634e+00
4.000000000000000e+00	1.137942690281418e+00
4.000000000000000e+00	1.136233208990419e+00
4.000000000000000e+00	1.159859414223565e+00
4.000000000000000e+00	1.149511184940941e+00
4.000000000000000e+00	1.183928446239827e+00
4.000000000000000e+00	1.126754457919368e+00
4.000000000000000e+00	1.185526350374561e+00
4.000000000000000e+00	1.184849942404836e+00
4.000000000000000e+00	1.110311620420893e+00
4.000000000000000e+00	1.093660691007037e+00
4.000000000000000e+00	1.157367822170955e+00
4.000000000000000e+00	1.200970952258740e+00
4.000000000000000e+00	1.226917745672912e+00
4.000000000000000e+00	1.208232598915240e+00
4.000000000000000e+00	1.126735974813754e+00
4.000000000000000e+00	1.143208434566489e+00
4.000000000000000e+00	1.174203527278834e+00
4.000000000000000e+00	1.180710204479630e+00
4.000000000000000e+00	1.193473689552806e+00
4.000000000000000e+00	1.144015942050290e+00
4.000000000000000e+00	1.126010185888905e+00
4.000000000000000e+00	1.138709605504036e+00
4.000000000000000e+00	1.224538493590408e+00
4.000000000000000e+00	1.154341622882847e+00
4.000000000000000e+00	1.186229331853683e+00
4.000000000000000e+00	1.214636581138735e+00
4.000000000000000e+00	1.071353807934560e+00
4.000000000000000e+00	1.191378708650080e+00
4.000000000000000e+00	1.235935132834462e+00
4.000000000000000e+00	1.254109337136652e+00
4.000000000000000e+00	1.197169669188602e+00
4.000000000000000e+00	1.124914960847477e+00
4.000000000000000e+00	1.228138835159009e+00
4.000000000000000e+00	1.227571891167618e+00
4.000000000000000e+00	1.062016500901857e+00
4.000000000000000e+00	1.217497574119512e+00
4.000000000000000e+00	1.196619074647154e+00
4.000000000000000e+00	1.190511549615445e+00
4.000000000000000e+00	1.076844930035371e+00
4.000000000000000e+00	1.217141874984558e+00
4.000000000000000e+00	1.184718584789302e+00
4.000000000000000e+00	1.154648460246047e+00
4.000000000000000e+00	1.162194865534937e+00
4.000000000000000e+00	1.189463120515551e+00
4.000000000000000e+00	1.219734924614774e+00
4.000000000000000e+00	1.173026558323694e+00
4.000000000000000e+00	1.258033792349942e+00
4.000000000000000e+00	1.129163980301433e+00
4.000000000000000e+00	1.199560990861295e+00
4.000000000000000e+00	1.225403315823852e+00
4.000000000000000e+00	1.172132548253271e+00
4.000000000000000e+00	1.195792490607680e+00
4.000000000000000e+00	1.155250550744664e+00
4.000000000000000e+00	1.301363536325672e+00
4.000000000000000e+00	1.296985608328779e+00
4.000000000000000e+00	1.235494615063310e+00
4.000000000000000e+00	1.127776614214717e+00
4.000000000000000e+00	1.126801838325706e+00
4.000000000000000e+00	1.117343186918269e+00
4.000000000000000e+00	1.225190414760845e+00
4.000000000000000e+00	1.195178426884681e+00
4.000000000000000e+00	1.201586114004426e+00
4.000000000000000e+00	1.148684276729099e+00
4.000000000000000e+00	1.163313022914398e+00
4.000000000000000e+00	1.140962199197987e+00
4.000000000000000e+00	1.101629426796724e+00
4.000000000000000e+00	1.151349925267728e+00
4.000000000000000e+00	1.220365089456630e+00
4.000000000000000e+00	1.202021595848173e+00
4.000000000000000e+00	1.167595307920261e+00
4.000000000000000e+00	1.183603949966161e+00
4.000000000000000e+00	1.102025136782453e+00
4.000000000000000e+00	1.190216733797391e+00
4.000000000000000e+00	1.159270118754081e+00
4.000000000000000e+00	1.215362825513901e+00
4.000000000000000e+00	1.236296533212412e+00
4.000000000000000e+00	1.166134316500776e+00
4.000000000000000e+00	1.256914674897792e+00
4.000000000000000e+00	1.155952379626437e+00
4.000000000000000e+00	1.206202650908742e+00
4.000000000000000e+00	1.157872333415315e+00
4.000000000000000e+00	1.199362069469961e+00
4.000000000000000e+00	1.192348773212458e+00
4.000000000000000e+00	1.311049597135493e+00
4.000000000000000e+00	1.147022142122513e+00
4.000000000000000e+00	1.161620897598678e+00
4.000000000000000e+00	1.295289465167050e+00
4.000000000000000e+00	1.204948485372854e+00
4.000000000000000e+00	1.168370629505169e+00
4.000000000000000e+00	1.131033075279701e+00
4.000000000000000e+00	1.220388210392610e+00
4.000000000000000e+00	1.210068387909095e+00
4.000000000000000e+00	1.164715481299854e+00
4.000000000000000e+00	1.108698857389565e+00
4.000000000000000e+00	1.120961049915307e+00
4.000000000000000e+00	1.277754192296932e+00
4.000000000000000e+00	1.226597878535463e+00
4.000000000000000e+00	1.231563894827186e+00
4.000000000000000e+00	1.240668304887936e+00
4.000000000000000e+00	1.228937554837282e+00
4.000000000000000e+00	1.259673762155984e+00
4.000000000000000e+00	1.157616635469428e+00
4.000000000000000e+00	1.212221199730138e+00
4.000000000000000e+00	1.248973485752380e+00
4.000000000000000e+00	1.211131706656768e+00
4.000000000000000e+00	1.143143700774472e+00
4.000000000000000e+00	1.196112309191607e+00
4.000000000000000e+00	1.159843491553168e+00
4.000000000000000e+00	1.218055094696539e+00
4.000000000000000e+00	1.292621687205293e+00
4.000000000000000e+00	1.117124308051617e+00
4.000000000000000e+00	1.110723055850743e+00
4.000000000000000e+00	1.161560286686546e+00
4.000000000000000e+00	1.259881447761063e+00
4.000000000000000e+00	1.195695853307860e+00
4.000000000000000e+00	1.203501546197440e+00
4.000000000000000e+00	1.147680719914766e+00
4.000000000000000e+00	1.153384079089609e+00
4.000000000000000e+00	1.245286444416764e+00
4.000000000000000e+00	1.149354677015486e+00
4.000000000000000e+00	1.106424989034931e+00
4.000000000000000e+00	1.176937377916826e+00
4.000000000000000e+00	1.193788064900190e+00
4.000000000000000e+00	1.223213178579917e+00
4.000000000000000e+00	1.270597644447825e+00
4.000000000000000e+00	1.232617001798004e+00
4.000000000000000e+00	1.161177717260229e+00
4.000000000000000e+00	1.173197683980063e+00
4.000000000000000e+00	1.065776788104839e+00
4.000000000000000e+00	1.184035440932809e+00
4.000000000000000e+00	1.174695138815756e+00
4.000000000000000e+00	1.096087748875844e+00
4.000000000000000e+00	1.219584361843074e+00
4.000000000000000e+00	1.228863958067758e+00
4.000000000000000e+00	1.218577216357105e+00
4.000000000000000e+00	1.051602925078998e+00
4.000000000000000e+00	1.150884667917009e+00
4.000000000000000e+00	1.156037977246839e+00
4.000000000000000e+00	1.225428508661985e+00
4.000000000000000e+00	1.201234195193038e+00
4.000000000000000e+00	1.175128471728364e+00
4.000000000000000e+00	1.184179030300375e+00
4.000000000000000e+00	1.100627380324105e+00
4.000000000000000e+00	1.217427723973130e+00
4.000000000000000e+00	1.072667915114583e+00
4.000000000000000e+00	1.309119746950119e+00
4.000000000000000e+00	1.199531072886182e+00
4.000000000000000e+00	1.279414213164545e+00
4.000000000000000e+00	1.289598323791070e+00
4.000000000000000e+00	1.109007054460371e+00
4.000000000000000e+00	1.108897936871419e+00
4.000000000000000e+00	1.246282639037461e+00
4.000000000000000e+00	1.198794307847035e+00
4.000000000000000e+00	1.203627297206279e+00
4.000000000000000e+00	1.302067645413083e+00
4.000000000000000e+00	1.100243960101205e+00
4.000000000000000e+00	1.183359993810525e+00
4.000000000000000e+00	1.231158043987911e+00
4.000000000000000e+00	1.267078998545125e+00
4.000000000000000e+00	1.211401611895347e+00
4.000000000000000e+00	1.154443576072419e+00
4.000000000000000e+00	1.188219101268637e+00
4.000000000000000e+00	1.211195792038508e+00
4.000000000000000e+00	1.148263316117135e+00
4.000000000000000e+00	1.257096517549741e+00
4.000000000000000e+00	1.196150229651513e+00
4.000000000000000e+00	1.200279177104270e+00
4.000000000000000e+00	1.207756862859647e+00
4.000000000000000e+00	1.247956986112231e+00
4.000000000000000e+00	1.125791528219664e+00
4.000000000000000e+00	1.174299913092271e+00
4.000000000000000e+00	1.127696085727523e+00
4.000000000000000e+00	1.197102675841715e+00
4.000000000000000e+00	1.175631795863282e+00
4.000000000000000e+00	1.226405787452284e+00
4.000000000000000e+00	1.146654731970606e+00
4.000000000000000e+00	1.215220985490046e+00
4.000000000000000e+00	1.055144555139260e+00
4.000000000000000e+00	1.162774705990060e+00
4.000000000000000e+00	1.254658519335003e+00
4.000000000000000e+00	1.213380253088546e+00
4.000000000000000e+00	1.142660318259961e+00
4.000000000000000e+00	1.110068004279096e+00
4.000000000000000e+00	1.153531178902758e+00
4.000000000000000e+00	1.285867746921315e+00
4.000000000000000e+00	1.173098733274653e+00
4.000000000000000e+00	1.185856419613737e+00
4.000000000000000e+00	1.180496184476319e+00
4.000000000000000e+00	1.089380673519710e+00
4.000000000000000e+00	1.189025169710425e+00
4.000000000000000e+00	1.098812775545555e+00
4.000000000000000e+00	1.170610493418822e+00
4.000000000000000e+00	1.217016513170984e+00
4.000000000000000e+00	1.186340873673771e+00
4.000000000000000e+00	1.179378906771451e+00
4.000000000000000e+00	1.113913597097969e+00
4.000000000000000e+00	1.121935158933265e+00
4.000000000000000e+00	1.216560880757812e+00
4.000000000000000e+00	1.272755717582124e+00
4.000000000000000e+00	1.235117006618729e+00
4.000000000000000e+00	1.076855806621521e+00
4.000000000000000e+00	1.253456604499594e+00
4.000000000000000e+00	1.160613597654734e+00
4.000000000000000e+00	1.244235369891755e+00
4.000000000000000e+00	1.186347759270225e+00
4.000000000000000e+00	1.170138926125317e+00
4.000000000000000e+00	1.182083659164460e+00
4.000000000000000e+00	1.226759564210416e+00
4.000000000000000e+00	1.210128519244906e+00
4.000000000000000e+00	1.153349166761063e+00
4.000000000000000e+00	1.137018200268364e+00
4.000000000000000e+00	1.126615105236058e+00
4.000000000000000e+00	1.193804669096249e+00
4.000000000000000e+00	1.231299594759456e+00
4.000000000000000e+00	1.148681562162718e+00
4.000000000000000e+00	1.145400730602007e+00
4.000000000000000e+00	1.243402133591262e+00
4.000000000000000e+00	1.162949909955072e+00
4.000000000000000e+00	1.226914427597027e+00
4.000000000000000e+00	1.112237849253994e+00
4.000000000000000e+00	1.261553082914817e+00
4.000000000000000e+00	1.149414390183568e+00
4.000000000000000e+00	1.151836841577209e+00
4.000000000000000e+00	1.085311242792537e+00
4.000000000000000e+00	1.194680496044952e+00
4.000000000000000e+00	1.179208171787824e+00
4.000000000000000e+00	1.169084224385672e+00
4.000000000000000e+00	1.225872301057745e+00
4.000000000000000e+00	1.180682600711700e+00
4.000000000000000e+00	1.221220849149115e+00
4.000000000000000e+00	1.290536083664901e+00
4.000000000000000e+00	1.229394975732845e+00
4.000000000000000e+00	1.245949940908372e+00
4.000000000000000e+00	1.372050843479695e+00
4.000000000000000e+00	1.217206081330475e+00
4.000000000000000e+00	1.112948088501397e+00
4.000000000000000e+00	1.132220295941132e+00
4.000000000000000e+00	1.158587124284172e+00
4.000000000000000e+00	1.280654478504020e+00
4.000000000000000e+00	1.291058980848776e+00
4.000000000000000e+00	1.223086414212184e+00
4.000000000000000e+00	1.236093153442117e+00
4.000000000000000e+00	1.187949096437649e+00
4.000000000000000e+00	1.171674144160006e+00
4.000000000000000e+00	1.193567822358665e+00
4.000000000000000e+00	1.181294386361232e+00
4.000000000000000e+00	1.083072557827749e+00
4.000000000000000e+00	1.186689534450468e+00
4.000000000000000e+00	1.145774339370006e+00
4.000000000000000e+00	1.186852604970789e+00
4.000000000000000e+00	1.186613149610454e+00
4.000000000000000e+00	1.303259164622735e+00
4.000000000000000e+00	1.216407839277016e+00
4.000000000000000e+00	1.223335941918288e+00
4.000000000000000e+00	1.219068363880956e+00
4.000000000000000e+00	1.154302428788156e+00
4.000000000000000e+00	1.171115241706312e+00
4.000000000000000e+00	1.143034967675836e+00
4.000000000000000e+00	1.144825572157744e+00
4.000000000000000e+00	1.202773758338698e+00
4.000000000000000e+00	1.196510818402193e+00
4.000000000000000e+00	1.191575849778582e+00
4.000000000000000e+00	1.192992584744657e+00
4.000000000000000e+00	1.191312683610509e+00
4.000000000000000e+00	1.097912503431958e+00
4.000000000000000e+00	1.194618228760398e+00
4.000000000000000e+00	1.244920306859786e+00
4.000000000000000e+00	1.157723236258117e+00
4.000000000000000e+00	1.257338985489534e+00
4.000000000000000e+00	1.249305711004024e+00
4.000000000000000e+00	1.233857899491171e+00
4.000000000000000e+00	1.235540591512320e+00
4.000000000000000e+00	1.257398308990633e+00
4.000000000000000e+00	1.185182737410181e+00
4.000000000000000e+00	1.112245352523136e+00
4.000000000000000e+00	1.185783328835460e+00
4.000000000000000e+00	1.137890623373517e+00
4.000000000000000e+00	1.144071331022567e+00
4.000000000000000e+00	1.139343888670388e+00
4.000000000000000e+00	1.259956308624052e+00
4.000000000000000e+00	1.079651412050944e+00
4.000000000000000e+00	1.126215908026065e+00
4.000000000000000e+00	1.198058625029414e+00
4.000000000000000e+00	1.231205037122284e+00
4.000000000000000e+00	1.198229606657689e+00
4.000000000000000e+00	1.150658748211665e+00
4.000000000000000e+00	1.231716298053438e+00
4.000000000000000e+00	1.228538738130924e+00
4.000000000000000e+00	1.231418481650339e+00
4.000000000000000e+00	1.205009349172503e+00
4.000000000000000e+00	1.210100585696217e+00
4.000000000000000e+00	1.208564704354877e+00
4.000000000000000e+00	1.196276147281522e+00
4.000000000000000e+00	1.140043760583314e+00
4.000000000000000e+00	1.298334304897570e+00
4.000000000000000e+00	1.171137281181793e+00
4.000000000000000e+00	1.126036395813923e+00
4.000000000000000e+00	1.197975463510259e+00
4.000000000000000e+00	1.163198500080890e+00
4.000000000000000e+00	1.213830348055192e+00
4.000000000000000e+00	1.275823305598090e+00
4.000000000000000e+00	1.310332519846879e+00
4.000000000000000e+00	1.141499870123579e+00
4.000000000000000e+00	1.318899857981400e+00
4.000000000000000e+00	1.212667214600204e+00
4.000000000000000e+00	1.257816753192305e+00
4.000000000000000e+00	1.302522432925098e+00
