2.250000000000000e+00	4.201239470918499e-01
2.250000000000000e+00	4.421393354038021e-01
2.250000000000000e+00	4.641512766921299e-01
2.250000000000000e+00	4.819634853477695e-01
2.250000000000000e+00	4.312918946976300e-01
2.250000000000000e+00	4.394755618752821e-01
2.250000000000000e+00	4.480685139132651e-01
2.250000000000000e+00	4.265167643003318e-01
2.250000000000000e+00	4.055592785361207e-01
2.250000000000000e+00	4.222009979143839e-01
2.250000000000000e+00	4.337971892046436e-01
2.250000000000000e+00	4.385999056996140e-01
2.250000000000000e+00	4.433518787620854e-01
2.250000000000000e+00	4.376548526754676e-01
2.250000000000000e+00	4.421518933084168e-01
2.250000000000000e+00	4.457742272519912e-01
2.250000000000000e+00	4.173268125200196e-01
2.250000000000000e+00	4.247615863518523e-01
2.250000000000000e+00	4.486194955010196e-01
2.250000000000000e+00	4.718216382103699e-01
2.250000000000000e+00	4.376926502171565e-01
2.250000000000000e+00	3.967631814325790e-01
2.250000000000000e+00	4.352606424954268e-01
2.250000000000000e+00	4.437416115840151e-01
2.250000000000000e+00	4.490999174572068e-01
2.250000000000000e+00	4.429582376110346e-01
2.250000000000000e+00	4.462305741604597e-01
2.250000000000000e+00	4.588540846106121e-01
2.250000000000000e+00	4.511081154053643e-01
2.250000000000000e+00	3.995221099711442e-01
2.250000000000000e+00	4.880316916401867e-01
2.250000000000000e+00	4.448543665353031e-01
2.250000000000000e+00	4.273747757477078e-01
2.250000000000000e+00	3.969374340281131e-01
2.250000000000000e+00	4.275199067063751e-01
2.250000000000000e+00	4.203557570202963e-01
2.250000000000000e+00	4.472317283779387e-01
2.250000000000000e+00	4.401301267211048e-01
2.250000000000000e+00	4.428869164405530e-01
2.250000000000000e+00	4.269043732261848e-01
2.250000000000000e+00	4.289320295000368e-01
2.250000000000000e+00	4.303366487037251e-01
2.250000000000000e+00	4.778210304399410e-01
2.250000000000000e+00	4.482012206634384e-01
2.250000000000000e+00	4.275242028891691e-01
2.250000000000000e+00	4.313278319593794e-01
2.250000000000000e+00	4.552245997926243e-01
2.250000000000000e+00	4.714681669802965e-01
2.250000000000000e+00	4.929958938454252e-01
2.250000000000000e+00	4.968933440726360e-01
2.250000000000000e+00	4.490852898298714e-01
2.250000000000000e+00	4.264025486002193e-01
2.250000000000000e+00	4.433894138161374e-01
2.250000000000000e+00	4.315434285792659e-01
2.250000000000000e+00	4.485670931800242e-01
2.250000000000000e+00	3.934069489669016e-01
2.250000000000000e+00	4.180506867848608e-01
2.250000000000000e+00	4.127775978277512e-01
2.250000000000000e+00	4.081689217607413e-01
2.250000000000000e+00	4.447828374787083e-01
2.250000000000000e+00	4.548718201299638e-01
2.250000000000000e+00	4.536771752022010e-01
2.250000000000000e+00	4.191482731611900e-01
2.250000000000000e+00	4.588346754963835e-01
2.250000000000000e+00	4.826151338668090e-01
2.250000000000000e+00	4.256738261676996e-01
2.250000000000000e+00	4.153766324475958e-01
2.250000000000000e+00	4.039662600078470e-01
2.250000000000000e+00	4.430859352568062e-01
2.250000000000000e+00	4.574720740402686e-01
2.250000000000000e+00	4.445727144750253e-01
2.250000000000000e+00	4.279866952751361e-01
2.250000000000000e+00	4.548399493103216e-01
2.250000000000000e+00	4.633606811926469e-01
2.250000000000000e+00	4.212520803351348e-01
2.250000000000000e+00	4.629384701561919e-01
2.250000000000000e+00	4.078474875678845e-01
2.250000000000000e+00	4.099934204755800e-01
2.250000000000000e+00	4.356968969237614e-01
2.250000000000000e+00	4.693870679974567e-01
2.250000000000000e+00	4.417158634994477e-01
2.250000000000000e+00	4.165984177922002e-01
2.250000000000000e+00	4.850472283915165e-01
2.250000000000000e+00	4.315868751891894e-01
2.250000000000000e+00	4.452385690308104e-01
2.250000000000000e+00	4.417198044413034e-01
2.250000000000000e+00	4.343666814876453e-01
2.250000000000000e+00	4.276526156812899e-01
2.250000000000000e+00	4.663105014281407e-01
2.250000000000000e+00	4.241309754157899e-01
2.250000000000000e+00	4.677012635014257e-01
2.250000000000000e+00	4.539387252033658e-01
2.250000000000000e+00	4.159790150085841e-01
2.250000000000000e+00	4.408553466592889e-01
2.250000000000000e+00	4.024151301799381e-01
2.250000000000000e+00	4.661385159324384e-01
2.250000000000000e+00	3.976245817223513e-01
2.250000000000000e+00	4.412882674154805e-01
2.250000000000000e+00	4.734934246013269e-01
2.250000000000000e+00	3.992279739866111e-01
2.250000000000000e+00	4.233532321244903e-01
2.250000000000000e+00	4.428294810205323e-01
2.250000000000000e+00	4.361120472560053e-01
2.250000000000000e+00	4.376677661699525e-01
2.250000000000000e+00	4.662173616662020e-01
2.250000000000000e+00	4.448388988188656e-01
2.250000000000000e+00	4.041930494587747e-01
2.250000000000000e+00	4.430179170708333e-01
2.250000000000000e+00	4.756313769755513e-01
2.250000000000000e+00	4.623245190656080e-01
2.250000000000000e+00	4.058578624428111e-01
2.250000000000000e+00	4.514760605962758e-01
2.250000000000000e+00	4.118434846132723e-01
2.250000000000000e+00	4.693234529364205e-01
2.250000000000000e+00	4.920508859415312e-01
2.250000000000000e+00	4.530554553399710e-01
2.250000000000000e+00	4.082455623032655e-01
2.250000000000000e+00	4.559005034125829e-01
2.250000000000000e+00	4.245082853408066e-01
2.250000000000000e+00	4.411589673963854e-01
2.250000000000000e+00	4.701435739701518e-01
2.250000000000000e+00	4.198311912159508e-01
2.250000000000000e+00	4.418698270246166e-01
2.250000000000000e+00	4.532021732478773e-01
2.250000000000000e+00	4.199789019743829e-01
2.250000000000000e+00	4.475904338286585e-01
2.250000000000000e+00	4.549794954767985e-01
2.250000000000000e+00	4.081941381243038e-01
2.250000000000000e+00	4.570119128635100e-01
2.250000000000000e+00	4.643527108071176e-01
2.250000000000000e+00	4.472053672420109e-01
2.250000000000000e+00	4.582245455045628e-01
2.250000000000000e+00	4.258183412771069e-01
2.250000000000000e+00	4.600791051450467e-01
2.250000000000000e+00	4.162392668011282e-01
2.250000000000000e+00	4.530257078999506e-01
2.250000000000000e+00	4.199867114914005e-01
2.250000000000000e+00	4.291903333027025e-01
2.250000000000000e+00	4.181454085075998e-01
2.250000000000000e+00	4.851737330202504e-01
2.250000000000000e+00	4.129209318148577e-01
2.250000000000000e+00	4.481213911224945e-01
2.250000000000000e+00	4.465135084674166e-01
2.250000000000000e+00	4.645988335295723e-01
2.250000000000000e+00	4.478435130852992e-01
2.250000000000000e+00	4.044947498858718e-01
2.250000000000000e+00	4.474310333303403e-01
2.250000000000000e+00	4.511296316424773e-01
2.250000000000000e+00	4.520515938389914e-01
2.250000000000000e+00	5.015044902615637e-01
2.250000000000000e+00	4.585069292704332e-01
2.250000000000000e+00	4.405413497472168e-01
2.250000000000000e+00	4.298974510070056e-01
2.250000000000000e+00	3.815513022910237e-01
2.250000000000000e+00	4.581520091188633e-01
2.250000000000000e+00	4.281645286529896e-01
2.250000000000000e+00	3.784542959281383e-01
2.250000000000000e+00	4.319777422146892e-01
2.250000000000000e+00	3.698711991727788e-01
2.250000000000000e+00	4.458578820026395e-01
2.250000000000000e+00	3.918087228709915e-01
2.250000000000000e+00	4.529150821463848e-01
2.250000000000000e+00	4.436994506755342e-01
2.250000000000000e+00	4.029181116752867e-01
2.250000000000000e+00	4.566235772780354e-01
2.250000000000000e+00	4.735774111478474e-01
2.250000000000000e+00	4.265450112875231e-01
2.250000000000000e+00	4.246013026194593e-01
2.250000000000000e+00	4.619932479734307e-01
2.250000000000000e+00	4.503023134121504e-01
2.250000000000000e+00	4.732112858133288e-01
2.250000000000000e+00	4.223882409175972e-01
2.250000000000000e+00	4.390195625225976e-01
2.250000000000000e+00	3.949743278803486e-01
2.250000000000000e+00	4.300903912988351e-01
2.250000000000000e+00	4.405211635832260e-01
2.250000000000000e+00	4.258607968123638e-01
2.250000000000000e+00	4.380151822255858e-01
2.250000000000000e+00	4.077716332550728e-01
2.250000000000000e+00	4.559024456311451e-01
2.250000000000000e+00	4.138805595897532e-01
2.250000000000000e+00	4.437551353089758e-01
2.250000000000000e+00	4.346847798497430e-01
2.250000000000000e+00	4.530923313943792e-01
2.250000000000000e+00	4.394898638457684e-01
2.250000000000000e+00	4.607097259258164e-01
2.250000000000000e+00	4.226634738081494e-01
2.250000000000000e+00	4.439934779690551e-01
2.250000000000000e+00	4.699664428097906e-01
2.250000000000000e+00	4.558285056190572e-01
2.250000000000000e+00	4.388047802404381e-01
2.250000000000000e+00	4.126843913937215e-01
2.250000000000000e+00	4.460137716168084e-01
2.250000000000000e+00	4.328832253486718e-01
2.250000000000000e+00	4.037246274716531e-01
2.250000000000000e+00	4.170372394343610e-01
2.250000000000000e+00	4.304519776204868e-01
2.250000000000000e+00	4.399128900371595e-01
2.250000000000000e+00	4.936651053517144e-01
2.250000000000000e+00	4.500919947750108e-01
2.250000000000000e+00	4.275084501997710e-01
2.250000000000000e+00	4.701844172016826e-01
2.250000000000000e+00	4.728003592311562e-01
2.250000000000000e+00	4.475885387985342e-01
2.250000000000000e+00	4.583910759816294e-01
2.250000000000000e+00	4.318090288211175e-01
2.250000000000000e+00	4.411786854009678e-01
2.250000000000000e+00	5.013725690531143e-01
2.250000000000000e+00	4.348143744020014e-01
2.250000000000000e+00	4.223889843676331e-01
2.250000000000000e+00	4.455797370864185e-01
2.250000000000000e+00	4.472195425708909e-01
2.250000000000000e+00	4.341133656352589e-01
2.250000000000000e+00	4.465236007716135e-01
2.250000000000000e+00	4.840641724487340e-01
2.250000000000000e+00	4.400250889024440e-01
2.250000000000000e+00	4.356348093274970e-01
2.250000000000000e+00	4.763890117353380e-01
2.250000000000000e+00	4.539778711612351e-01
2.250000000000000e+00	4.182896658655506e-01
2.250000000000000e+00	4.067987433362010e-01
2.250000000000000e+00	4.488080549375542e-01
2.250000000000000e+00	3.878756484949621e-01
2.250000000000000e+00	4.576836010850363e-01
2.250000000000000e+00	4.697166019644979e-01
2.250000000000000e+00	4.162852074306860e-01
2.250000000000000e+00	4.266860249648243e-01
2.250000000000000e+00	4.572314212856965e-01
2.250000000000000e+00	4.678290082384166e-01
2.250000000000000e+00	4.496219781379495e-01
2.250000000000000e+00	4.296311685464029e-01
2.250000000000000e+00	4.189168830368512e-01
2.250000000000000e+00	4.305559350779385e-01
2.250000000000000e+00	4.643594351114933e-01
2.250000000000000e+00	4.642908836522604e-01
2.250000000000000e+00	4.210200936723675e-01
2.250000000000000e+00	4.329771121489893e-01
2.250000000000000e+00	4.991283439060352e-01
2.250000000000000e+00	4.660320879757405e-01
2.250000000000000e+00	4.796845425227366e-01
2.250000000000000e+00	4.548413282793787e-01
2.250000000000000e+00	4.167234900165814e-01
2.250000000000000e+00	4.157979125982618e-01
2.250000000000000e+00	4.341599999428184e-01
2.250000000000000e+00	4.100210541384200e-01
2.250000000000000e+00	4.382005609138699e-01
2.250000000000000e+00	4.480323204727917e-01
2.250000000000000e+00	4.427104948043378e-01
2.250000000000000e+00	4.706210362569008e-01
2.250000000000000e+00	4.711604819455067e-01
2.250000000000000e+00	4.659569777295481e-01
2.250000000000000e+00	4.308424212221648e-01
2.250000000000000e+00	4.402388725850696e-01
2.250000000000000e+00	4.615388686855800e-01
2.250000000000000e+00	4.089088370813909e-01
2.250000000000000e+00	4.760287231518209e-01
2.250000000000000e+00	4.267425759834460e-01
2.250000000000000e+00	4.148131488383633e-01
2.250000000000000e+00	4.637425454617154e-01
2.250000000000000e+00	3.971791839243676e-01
2.250000000000000e+00	3.825251275898849e-01
2.250000000000000e+00	4.916719382088569e-01
2.250000000000000e+00	4.826518118907798e-01
2.250000000000000e+00	4.739689783159345e-01
2.250000000000000e+00	4.300262137230686e-01
2.250000000000000e+00	4.498806606096767e-01
2.250000000000000e+00	4.121743792444125e-01
2.250000000000000e+00	4.383361690829040e-01
2.250000000000000e+00	4.317609952850532e-01
2.250000000000000e+00	4.153493009241513e-01
2.250000000000000e+00	4.537656445080731e-01
2.250000000000000e+00	4.524351108633781e-01
2.250000000000000e+00	4.401462401948170e-01
2.250000000000000e+00	4.480885147681567e-01
2.250000000000000e+00	4.840087002495156e-01
2.250000000000000e+00	4.315211445126667e-01
2.250000000000000e+00	4.539863659575692e-01
2.250000000000000e+00	4.263311982764170e-01
2.250000000000000e+00	4.492739493373882e-01
2.250000000000000e+00	4.589613396251810e-01
2.250000000000000e+00	4.477764290232858e-01
2.250000000000000e+00	4.598171664783869e-01
2.250000000000000e+00	4.446559718371700e-01
2.250000000000000e+00	4.341883173441290e-01
2.250000000000000e+00	4.523444762315785e-01
2.250000000000000e+00	4.241758581038854e-01
2.250000000000000e+00	4.504413556046282e-01
2.250000000000000e+00	4.517963357890817e-01
2.250000000000000e+00	4.379873342748561e-01
2.250000000000000e+00	4.305666924319463e-01
2.250000000000000e+00	4.224068296115160e-01
2.250000000000000e+00	4.480788581032699e-01
2.250000000000000e+00	4.398045944621384e-01
2.250000000000000e+00	4.660004345203554e-01
2.250000000000000e+00	4.513296471809498e-01
2.250000000000000e+00	4.355587061233008e-01
2.250000000000000e+00	3.915993445987092e-01
2.250000000000000e+00	3.996477135877758e-01
2.250000000000000e+00	4.510692815857106e-01
2.250000000000000e+00	4.747561534403223e-01
2.250000000000000e+00	4.407056856823958e-01
2.250000000000000e+00	4.378952508653766e-01
2.250000000000000e+00	4.700666601670895e-01
2.250000000000000e+00	4.660569616878686e-01
2.250000000000000e+00	4.588239959666306e-01
2.250000000000000e+00	4.509849960517387e-01
2.250000000000000e+00	4.339167516918189e-01
2.250000000000000e+00	4.492542859717130e-01
2.250000000000000e+00	3.997658519593555e-01
2.250000000000000e+00	4.474104486265041e-01
2.250000000000000e+00	4.588128243109454e-01
2.250000000000000e+00	4.519252397085667e-01
2.250000000000000e+00	4.489738685895057e-01
2.250000000000000e+00	4.380292198138955e-01
2.250000000000000e+00	4.296800793337599e-01
2.250000000000000e+00	4.353803986675649e-01
2.250000000000000e+00	4.738659506964605e-01
2.250000000000000e+00	4.432128370527714e-01
2.250000000000000e+00	4.401791752944867e-01
2.250000000000000e+00	4.736169900263563e-01
2.250000000000000e+00	4.370674751341975e-01
2.250000000000000e+00	4.909109514988039e-01
2.250000000000000e+00	4.473747238139436e-01
2.250000000000000e+00	3.957943135800028e-01
2.250000000000000e+00	4.618439458097796e-01
2.250000000000000e+00	4.665794307874255e-01
2.250000000000000e+00	4.648024326132115e-01
2.250000000000000e+00	4.495976220413724e-01
2.250000000000000e+00	4.601525565085378e-01
2.250000000000000e+00	4.509695532586449e-01
2.250000000000000e+00	4.607687555573711e-01
2.250000000000000e+00	4.318051072256245e-01
2.250000000000000e+00	4.339794666394112e-01
2.250000000000000e+00	4.392450693348778e-01
2.250000000000000e+00	4.493715800959024e-01
2.250000000000000e+00	4.623954563514679e-01
2.250000000000000e+00	4.276061269405901e-01
2.250000000000000e+00	4.435689890791271e-01
2.250000000000000e+00	4.337491876427782e-01
2.250000000000000e+00	4.356195846773560e-01
2.250000000000000e+00	4.764611493089416e-01
2.250000000000000e+00	4.178100667023107e-01
2.250000000000000e+00	4.508726497923913e-01
2.250000000000000e+00	4.320593138500810e-01
2.250000000000000e+00	4.377145513429611e-01
2.250000000000000e+00	4.238094415560359e-01
2.250000000000000e+00	4.294990346467644e-01
2.250000000000000e+00	4.572753846642142e-01
2.250000000000000e+00	4.110868598046865e-01
2.250000000000000e+00	4.236489431630266e-01
2.250000000000000e+00	4.509781772628810e-01
2.250000000000000e+00	4.188373396287717e-01
2.250000000000000e+00	4.202347504602352e-01
2.250000000000000e+00	4.213218557107016e-01
2.250000000000000e+00	4.478481061928895e-01
2.250000000000000e+00	4.321255040251984e-01
2.250000000000000e+00	4.211080170796189e-01
2.250000000000000e+00	4.626447439951064e-01
2.250000000000000e+00	4.316937710088823e-01
2.250000000000000e+00	4.820276742720514e-01
2.250000000000000e+00	4.353097291016997e-01
2.250000000000000e+00	4.299914060664614e-01
2.250000000000000e+00	4.156186873729318e-01
2.250000000000000e+00	4.549399319133646e-01
2.250000000000000e+00	4.181729092140406e-01
2.250000000000000e+00	4.664600386061336e-01
2.250000000000000e+00	4.932897746279520e-01
2.250000000000000e+00	4.575486630376041e-01
2.250000000000000e+00	4.488270193516056e-01
2.250000000000000e+00	4.217468680810440e-01
2.250000000000000e+00	4.047969366500347e-01
2.250000000000000e+00	4.556819236807896e-01
2.250000000000000e+00	4.476992043832056e-01
2.250000000000000e+00	4.152796053512587e-01
2.250000000000000e+00	4.428902943921738e-01
2.250000000000000e+00	4.247183189251142e-01
2.250000000000000e+00	4.349719144892616e-01
2.250000000000000e+00	4.432838744694348e-01
2.250000000000000e+00	4.383329885715875e-01
2.250000000000000e+00	4.594252915765514e-01
2.250000000000000e+00	4.309718109214176e-01
2.250000000000000e+00	4.439878036811473e-01
2.250000000000000e+00	4.519574331904173e-01
2.250000000000000e+00	4.181029208346724e-01
2.250000000000000e+00	4.500898172306730e-01
2.250000000000000e+00	4.353911405036111e-01
2.250000000000000e+00	3.839475808729905e-01
2.250000000000000e+00	4.489016294917559e-01
2.250000000000000e+00	4.719638526015745e-01
2.250000000000000e+00	4.377341202972260e-01
2.250000000000000e+00	4.519754988586813e-01
2.250000000000000e+00	4.595255308433127e-01
2.250000000000000e+00	4.440427074128437e-01
2.250000000000000e+00	4.534930458699404e-01
2.250000000000000e+00	4.538472817994290e-01
2.250000000000000e+00	4.118015660005040e-01
2.250000000000000e+00	4.673912299402211e-01
2.250000000000000e+00	4.245405343082400e-01
2.250000000000000e+00	4.197923127940696e-01
2.250000000000000e+00	4.488060361610928e-01
2.250000000000000e+00	4.635227037180329e-01
2.250000000000000e+00	4.534829287556089e-01
2.250000000000000e+00	4.590416247197464e-01
2.250000000000000e+00	4.170670739957166e-01
2.250000000000000e+00	4.258337262191816e-01
2.250000000000000e+00	3.946850371322532e-01
2.250000000000000e+00	4.154067214408616e-01
2.250000000000000e+00	4.665661808603465e-01
2.250000000000000e+00	4.107525349812189e-01
2.250000000000000e+00	4.012954825248458e-01
2.250000000000000e+00	4.164955906977622e-01
2.250000000000000e+00	4.625891773373299e-01
2.250000000000000e+00	4.249908376804805e-01
2.250000000000000e+00	3.877306910348522e-01
2.250000000000000e+00	4.311206532426472e-01
2.250000000000000e+00	4.554829280835915e-01
2.250000000000000e+00	4.685305484565309e-01
2.250000000000000e+00	4.247862553935448e-01
2.250000000000000e+00	4.197100941735616e-01
2.250000000000000e+00	4.529893173710320e-01
2.250000000000000e+00	4.409062164987896e-01
2.250000000000000e+00	4.522424056520504e-01
2.250000000000000e+00	4.709247138801763e-01
2.250000000000000e+00	4.072727473480436e-01
2.250000000000000e+00	4.537534425311281e-01
2.250000000000000e+00	4.362729871436347e-01
2.250000000000000e+00	4.175145624705391e-01
2.250000000000000e+00	4.051391575697122e-01
2.250000000000000e+00	4.373009130578384e-01
2.250000000000000e+00	3.957308709175902e-01
2.250000000000000e+00	4.678692103389320e-01
2.250000000000000e+00	4.456006861760000e-01
2.250000000000000e+00	4.515720404261053e-01
2.250000000000000e+00	4.299045757636513e-01
2.250000000000000e+00	3.964914059476908e-01
2.250000000000000e+00	4.469067738375045e-01
2.250000000000000e+00	5.004689117590406e-01
2.250000000000000e+00	4.616164764487290e-01
2.250000000000000e+00	4.697087295034070e-01
2.250000000000000e+00	4.272764043275898e-01
2.250000000000000e+00	4.454918054096228e-01
2.250000000000000e+00	4.504433759935369e-01
2.250000000000000e+00	4.280380805474102e-01
2.250000000000000e+00	4.071321429296593e-01
2.250000000000000e+00	4.234860287472915e-01
2.250000000000000e+00	4.158445437490901e-01
2.250000000000000e+00	4.240575250157232e-01
2.250000000000000e+00	4.758731425873337e-01
2.250000000000000e+00	4.698612247436766e-01
2.250000000000000e+00	5.003882428734532e-01
2.250000000000000e+00	4.326202571868886e-01
2.250000000000000e+00	4.032906275285177e-01
2.250000000000000e+00	4.510733073122549e-01
2.250000000000000e+00	4.083278221367431e-01
2.250000000000000e+00	4.540731647989637e-01
2.250000000000000e+00	4.188536843179171e-01
2.250000000000000e+00	4.041666125891872e-01
2.250000000000000e+00	4.176970073018745e-01
2.250000000000000e+00	4.091489294604189e-01
2.250000000000000e+00	4.243516169338298e-01
2.250000000000000e+00	4.327485311701994e-01
2.250000000000000e+00	4.723476219139355e-01
2.250000000000000e+00	4.153688953409671e-01
2.250000000000000e+00	4.078992619618771e-01
2.250000000000000e+00	4.708675750445954e-01
2.250000000000000e+00	4.091525898379947e-01
2.250000000000000e+00	4.455183695840398e-01
2.250000000000000e+00	4.159651472763637e-01
2.250000000000000e+00	4.244678838572829e-01
2.250000000000000e+00	4.195813214651845e-01
2.250000000000000e+00	4.547740541552537e-01
2.250000000000000e+00	4.333768388934375e-01
2.250000000000000e+00	4.246950048052022e-01
2.250000000000000e+00	4.508043178917686e-01
2.250000000000000e+00	4.760212504555495e-01
2.250000000000000e+00	4.398179850135784e-01
2.250000000000000e+00	4.571193506942953e-01
2.250000000000000e+00	4.358292342653334e-01
2.250000000000000e+00	4.127046236288114e-01
2.250000000000000e+00	4.632469378047304e-01
2.250000000000000e+00	4.889974546124646e-01
2.250000000000000e+00	4.379515316098792e-01
2.250000000000000e+00	4.258731914857649e-01
2.250000000000000e+00	4.201124657979652e-01
2.250000000000000e+00	4.396202094487145e-01
2.250000000000000e+00	4.335737493943249e-01
2.250000000000000e+00	4.290381892941020e-01
2.250000000000000e+00	3.833966852277840e-01
2.250000000000000e+00	4.333127024924557e-01
2.250000000000000e+00	4.378987572579857e-01
2.250000000000000e+00	4.426579264542996e-01
2.250000000000000e+00	4.176974826213732e-01
2.250000000000000e+00	4.597622697471638e-01
2.250000000000000e+00	4.698709935891046e-01
2.250000000000000e+00	4.588351040888481e-01
2.250000000000000e+00	4.299329693175727e-01
2.250000000000000e+00	4.567611912929618e-01
2.250000000000000e+00	4.273465320282103e-01
2.250000000000000e+00	4.205710072988940e-01
2.250000000000000e+00	4.684543604905516e-01
2.250000000000000e+00	4.330283843171245e-01
2.250000000000000e+00	4.138450701221765e-01
2.250000000000000e+00	4.227654404446853e-01
2.250000000000000e+00	3.915022067981404e-01
2.250000000000000e+00	4.772027146995570e-01
2.250000000000000e+00	4.650156400648049e-01
2.250000000000000e+00	4.238142833071879e-01
2.250000000000000e+00	4.556025431335168e-01
2.250000000000000e+00	4.266138603076287e-01
2.250000000000000e+00	4.713674816456482e-01
2.250000000000000e+00	4.728582121770891e-01
2.250000000000000e+00	4.523395105270124e-01
2.250000000000000e+00	4.454417947070008e-01
2.250000000000000e+00	4.427794361735464e-01
2.250000000000000e+00	4.525288358969560e-01
2.250000000000000e+00	4.153580436969549e-01
2.250000000000000e+00	3.920410862620337e-01
2.250000000000000e+00	4.163891367258100e-01
2.250000000000000e+00	4.281794174723620e-01
2.250000000000000e+00	4.183135992495501e-01
2.250000000000000e+00	4.380033552516350e-01
2.250000000000000e+00	4.594309606084509e-01
2.250000000000000e+00	4.184963951866630e-01
2.250000000000000e+00	4.560770635909997e-01
2.250000000000000e+00	4.539285668274798e-01
2.250000000000000e+00	4.368229182686897e-01
2.250000000000000e+00	4.000073548882896e-01
2.250000000000000e+00	4.139776835676042e-01
2.250000000000000e+00	4.327953355395615e-01
2.250000000000000e+00	4.129284372474156e-01
2.250000000000000e+00	4.495215923316254e-01
2.250000000000000e+00	4.264495233876404e-01
2.250000000000000e+00	4.157351148862614e-01
2.250000000000000e+00	4.293216502549724e-01
2.250000000000000e+00	4.142889080884438e-01
2.250000000000000e+00	4.609160702498895e-01
2.250000000000000e+00	4.525316985533681e-01
2.250000000000000e+00	4.252284682281330e-01
2.250000000000000e+00	3.769352295491589e-01
2.250000000000000e+00	4.065479813374683e-01
2.250000000000000e+00	4.951049900022723e-01
2.250000000000000e+00	4.342596225258847e-01
2.250000000000000e+00	4.618561967061369e-01
2.250000000000000e+00	4.063905246946556e-01
2.250000000000000e+00	4.543981512883831e-01
2.250000000000000e+00	4.473190625333153e-01
2.250000000000000e+00	4.253886356871751e-01
2.250000000000000e+00	4.540493327124385e-01
2.250000000000000e+00	4.744218653237985e-01
2.250000000000000e+00	4.174849617136024e-01
2.250000000000000e+00	4.273154279830712e-01
2.250000000000000e+00	4.061086405643972e-01
2.250000000000000e+00	4.067104487850672e-01
2.250000000000000e+00	4.453627577003044e-01
2.250000000000000e+00	4.505958910527708e-01
2.250000000000000e+00	3.887915630210113e-01
2.250000000000000e+00	4.409791618723283e-01
2.250000000000000e+00	4.722908587045527e-01
2.250000000000000e+00	4.421740584886900e-01
2.250000000000000e+00	4.292139346866491e-01
2.250000000000000e+00	4.618318692610253e-01
2.250000000000000e+00	4.423092994749425e-01
2.250000000000000e+00	4.445521426284803e-01
2.250000000000000e+00	4.571260731924372e-01
2.250000000000000e+00	4.527123567125106e-01
2.250000000000000e+00	3.944618353741587e-01
2.250000000000000e+00	4.350648199798112e-01
2.250000000000000e+00	3.886858662761086e-01
2.250000000000000e+00	3.948857858669034e-01
2.250000000000000e+00	4.597324131266942e-01
2.250000000000000e+00	4.367637192517680e-01
2.250000000000000e+00	4.452073856865546e-01
2.250000000000000e+00	4.843066533851881e-01
2.250000000000000e+00	4.267572102247096e-01
2.250000000000000e+00	4.423639475502780e-01
2.250000000000000e+00	4.598460857845281e-01
2.250000000000000e+00	4.485941007031315e-01
2.250000000000000e+00	4.763568534348809e-01
2.250000000000000e+00	4.009076742020113e-01
2.250000000000000e+00	4.449319595853952e-01
2.250000000000000e+00	4.485885740908025e-01
2.250000000000000e+00	4.818288354705123e-01
2.250000000000000e+00	4.159601184662552e-01
2.250000000000000e+00	4.728555617654169e-01
2.250000000000000e+00	4.567922428457217e-01
2.250000000000000e+00	4.041668433479809e-01
2.250000000000000e+00	4.258634928017782e-01
2.250000000000000e+00	3.986422372106239e-01
2.250000000000000e+00	4.501607056945015e-01
2.250000000000000e+00	4.252376547785422e-01
2.250000000000000e+00	4.266418121854292e-01
2.250000000000000e+00	4.324070100789990e-01
2.250000000000000e+00	4.669298085506733e-01
2.250000000000000e+00	4.591313374639919e-01
2.250000000000000e+00	4.472869517577858e-01
2.250000000000000e+00	4.918797972719502e-01
2.250000000000000e+00	4.228093380935420e-01
2.250000000000000e+00	4.255678209436018e-01
2.250000000000000e+00	4.500801400421113e-01
2.250000000000000e+00	4.585866475751106e-01
2.250000000000000e+00	4.282799328938269e-01
2.250000000000000e+00	4.467662051276793e-01
2.250000000000000e+00	4.751620399391647e-01
2.250000000000000e+00	4.716559164866582e-01
2.250000000000000e+00	4.510772778304698e-01
2.250000000000000e+00	4.730322570857703e-01
2.250000000000000e+00	4.274345561125746e-01
2.250000000000000e+00	4.357456163489931e-01
2.250000000000000e+00	4.312222709547607e-01
2.250000000000000e+00	4.011496399998287e-01
2.250000000000000e+00	4.056589298984858e-01
2.250000000000000e+00	4.116590397484650e-01
2.250000000000000e+00	4.396343953795930e-01
2.250000000000000e+00	4.261889740423519e-01
2.250000000000000e+00	4.292313944232787e-01
2.250000000000000e+00	4.324755164066603e-01
2.250000000000000e+00	4.666788551135698e-01
2.250000000000000e+00	4.218779992535409e-01
2.250000000000000e+00	3.980974622892128e-01
2.250000000000000e+00	4.332319930106873e-01
2.250000000000000e+00	3.971930698365931e-01
2.250000000000000e+00	4.183384091225366e-01
2.250000000000000e+00	4.330029421366040e-01
2.250000000000000e+00	4.589686573993951e-01
2.250000000000000e+00	4.232373467104324e-01
2.250000000000000e+00	3.949470357030316e-01
2.250000000000000e+00	3.986533888142729e-01
2.250000000000000e+00	4.493577449050846e-01
2.250000000000000e+00	4.648258475768059e-01
2.250000000000000e+00	4.423273999644868e-01
2.250000000000000e+00	4.684512765231952e-01
2.250000000000000e+00	4.010327562957005e-01
2.250000000000000e+00	3.934557858945640e-01
2.250000000000000e+00	4.533698547983934e-01
2.250000000000000e+00	4.255987638315323e-01
2.250000000000000e+00	4.888642975663935e-01
2.250000000000000e+00	4.586417003373205e-01
2.250000000000000e+00	4.547007277363008e-01
2.250000000000000e+00	4.698731443336049e-01
2.250000000000000e+00	4.475206609781686e-01
2.250000000000000e+00	4.067034295553577e-01
2.250000000000000e+00	4.204855640885048e-01
2.250000000000000e+00	4.342808318692610e-01
2.250000000000000e+00	3.873542146637544e-01
2.250000000000000e+00	4.595907913468312e-01
2.250000000000000e+00	3.990466345510956e-01
2.250000000000000e+00	4.050052682684596e-01
2.250000000000000e+00	4.497552360163464e-01
2.250000000000000e+00	3.699725507686006e-01
2.250000000000000e+00	4.476809382176141e-01
2.250000000000000e+00	4.128441332185226e-01
2.250000000000000e+00	4.511709410357241e-01
2.250000000000000e+00	4.274765777136634e-01
2.250000000000000e+00	4.818641449155862e-01
2.250000000000000e+00	4.334384144450011e-01
2.250000000000000e+00	4.329457379079606e-01
2.250000000000000e+00	4.398242595732838e-01
2.250000000000000e+00	4.574106089451773e-01
2.250000000000000e+00	4.783975377046023e-01
2.250000000000000e+00	4.421341513683513e-01
2.250000000000000e+00	4.549684076074094e-01
2.250000000000000e+00	4.164723485718340e-01
2.250000000000000e+00	3.910208452658818e-01
2.250000000000000e+00	4.385629255911677e-01
2.250000000000000e+00	4.279584190297281e-01
2.250000000000000e+00	4.401212262414068e-01
2.250000000000000e+00	4.058093908104833e-01
2.250000000000000e+00	3.805671154870758e-01
2.250000000000000e+00	4.480033404129766e-01
2.250000000000000e+00	4.612496789830307e-01
2.250000000000000e+00	4.292877978242013e-01
2.250000000000000e+00	4.598753698546003e-01
2.250000000000000e+00	4.469081731775318e-01
2.250000000000000e+00	4.078030824574545e-01
2.250000000000000e+00	4.246826540259102e-01
2.250000000000000e+00	4.433360141814550e-01
2.250000000000000e+00	4.045764443740268e-01
2.250000000000000e+00	4.579699307406923e-01
2.250000000000000e+00	4.404312373642063e-01
2.250000000000000e+00	4.517552641366800e-01
2.250000000000000e+00	4.018443016879831e-01
2.250000000000000e+00	4.479004007757207e-01
2.250000000000000e+00	4.793951556983109e-01
2.250000000000000e+00	4.619492913094629e-01
2.250000000000000e+00	4.185668097862070e-01
2.250000000000000e+00	4.498226830268952e-01
2.250000000000000e+00	4.367038289196298e-01
2.250000000000000e+00	4.264598291227538e-01
2.250000000000000e+00	4.528593637640430e-01
2.250000000000000e+00	4.424615083265249e-01
2.250000000000000e+00	4.642774548527939e-01
2.250000000000000e+00	4.142602477143800e-01
2.250000000000000e+00	4.140146598732275e-01
2.250000000000000e+00	4.182256211230541e-01
2.250000000000000e+00	4.311294084705601e-01
2.250000000000000e+00	4.446340057282813e-01
2.250000000000000e+00	4.374622502691890e-01
2.250000000000000e+00	4.518027778332344e-01
2.250000000000000e+00	4.451033132325948e-01
2.250000000000000e+00	4.041187691221509e-01
2.250000000000000e+00	3.948483861817518e-01
2.250000000000000e+00	4.279791567783925e-01
2.250000000000000e+00	4.513326137882893e-01
2.250000000000000e+00	4.301812372874012e-01
2.250000000000000e+00	4.461029749826027e-01
2.250000000000000e+00	4.187878799094257e-01
2.250000000000000e+00	4.389222734857722e-01
2.250000000000000e+00	4.211616961154522e-01
2.250000000000000e+00	4.527161865594017e-01
2.250000000000000e+00	4.331030166161761e-01
2.250000000000000e+00	4.803965780238575e-01
2.250000000000000e+00	4.569268115423326e-01
2.250000000000000e+00	4.281516564570150e-01
2.250000000000000e+00	3.955610886011772e-01
2.250000000000000e+00	4.365257585068804e-01
2.250000000000000e+00	4.141137332046649e-01
2.250000000000000e+00	4.458411451868678e-01
2.250000000000000e+00	4.531610065151290e-01
2.250000000000000e+00	4.689452578728122e-01
2.250000000000000e+00	4.834234633495552e-01
2.250000000000000e+00	4.189671732795051e-01
2.250000000000000e+00	4.622301710649663e-01
2.250000000000000e+00	3.917691079668357e-01
2.250000000000000e+00	4.252867356261139e-01
2.250000000000000e+00	4.374688493495069e-01
2.250000000000000e+00	4.434311184032443e-01
2.250000000000000e+00	4.414049090576386e-01
2.250000000000000e+00	4.261859278224832e-01
2.250000000000000e+00	4.554906119072514e-01
2.250000000000000e+00	4.627065398588147e-01
2.250000000000000e+00	4.324118959621419e-01
2.250000000000000e+00	4.961226729224125e-01
2.250000000000000e+00	4.567664888872173e-01
2.250000000000000e+00	4.053453307926695e-01
2.250000000000000e+00	4.579259152918027e-01
2.250000000000000e+00	4.256845833324591e-01
2.250000000000000e+00	4.487276179356650e-01
2.250000000000000e+00	4.437902441382460e-01
2.250000000000000e+00	4.020495972306273e-01
2.250000000000000e+00	4.492299216894755e-01
2.250000000000000e+00	4.231032187333639e-01
2.250000000000000e+00	4.342744039546949e-01
2.250000000000000e+00	4.354504732199365e-01
2.250000000000000e+00	4.101377189546473e-01
2.250000000000000e+00	4.176425529486302e-01
2.250000000000000e+00	4.458645949022705e-01
2.250000000000000e+00	4.721571858244297e-01
2.250000000000000e+00	4.595289341590050e-01
2.250000000000000e+00	4.335574225436099e-01
2.250000000000000e+00	4.889432509900691e-01
2.250000000000000e+00	4.705257019368094e-01
2.250000000000000e+00	4.464074472072825e-01
2.250000000000000e+00	4.468903856979803e-01
2.250000000000000e+00	4.496505582464468e-01
2.250000000000000e+00	4.415597279983113e-01
2.250000000000000e+00	4.370906947983943e-01
2.250000000000000e+00	4.014562758222619e-01
2.250000000000000e+00	4.411061365399683e-01
2.250000000000000e+00	4.312432891818787e-01
2.250000000000000e+00	4.463880465156062e-01
2.250000000000000e+00	4.244090741548504e-01
2.250000000000000e+00	4.428012960474477e-01
2.250000000000000e+00	4.410288568780123e-01
2.250000000000000e+00	4.814213099199493e-01
2.250000000000000e+00	4.345416204097546e-01
2.250000000000000e+00	4.631808993718314e-01
2.250000000000000e+00	4.434342839587181e-01
2.250000000000000e+00	4.537549198555897e-01
2.250000000000000e+00	4.837406531705150e-01
2.250000000000000e+00	4.354629117298009e-01
2.250000000000000e+00	4.512046762297812e-01
2.250000000000000e+00	4.769701246487258e-01
2.250000000000000e+00	3.971582007226957e-01
2.250000000000000e+00	4.436959065482689e-01
2.250000000000000e+00	4.716878273374208e-01
2.250000000000000e+00	4.329399597595713e-01
2.250000000000000e+00	4.494829365604574e-01
2.250000000000000e+00	4.630294115721256e-01
2.250000000000000e+00	4.205866269818418e-01
2.250000000000000e+00	4.519651615375199e-01
2.250000000000000e+00	4.328692283686959e-01
2.250000000000000e+00	4.338833200972222e-01
2.250000000000000e+00	4.460608795538443e-01
2.250000000000000e+00	3.887863471034066e-01
2.250000000000000e+00	4.328393166676323e-01
2.250000000000000e+00	4.105289629329724e-01
2.250000000000000e+00	4.050767264657303e-01
2.250000000000000e+00	4.395332390999839e-01
2.250000000000000e+00	4.033523651788338e-01
2.250000000000000e+00	4.442482110607064e-01
2.250000000000000e+00	4.429514257178869e-01
2.250000000000000e+00	4.659565125964089e-01
2.250000000000000e+00	4.355182222321543e-01
2.250000000000000e+00	4.195541222801143e-01
2.250000000000000e+00	4.300680203484940e-01
2.250000000000000e+00	4.282839166320025e-01
2.250000000000000e+00	4.248541355778980e-01
2.250000000000000e+00	4.919154440446138e-01
2.250000000000000e+00	4.266687802636515e-01
2.250000000000000e+00	4.330260304039221e-01
2.250000000000000e+00	4.261099223043593e-01
2.250000000000000e+00	4.346891411213742e-01
2.250000000000000e+00	4.044826158790026e-01
2.250000000000000e+00	4.057236612981528e-01
2.250000000000000e+00	4.228834569666955e-01
2.250000000000000e+00	4.445851017008782e-01
2.250000000000000e+00	4.726667672689352e-01
2.250000000000000e+00	4.575414462010142e-01
2.250000000000000e+00	4.042128007029899e-01
2.250000000000000e+00	4.596669948070133e-01
2.250000000000000e+00	4.707400432557051e-01
2.250000000000000e+00	5.162081942092979e-01
2.250000000000000e+00	4.684827656034767e-01
2.250000000000000e+00	4.536532419201769e-01
2.250000000000000e+00	4.776896194043218e-01
2.250000000000000e+00	4.583993321095202e-01
2.250000000000000e+00	4.529442224490290e-01
2.250000000000000e+00	4.140944561068107e-01
2.250000000000000e+00	3.861065792090798e-01
2.250000000000000e+00	4.232828787632061e-01
2.250000000000000e+00	4.409544061879901e-01
2.250000000000000e+00	4.238813246022194e-01
2.250000000000000e+00	4.460352294864884e-01
2.250000000000000e+00	4.196138723409522e-01
2.250000000000000e+00	4.574158596635442e-01
2.250000000000000e+00	4.360208533718704e-01
2.250000000000000e+00	4.176741034886289e-01
2.250000000000000e+00	4.491284348448865e-01
2.250000000000000e+00	4.654784110066768e-01
2.250000000000000e+00	4.254865425808109e-01
2.250000000000000e+00	4.781794840642132e-01
2.250000000000000e+00	4.469676412427714e-01
2.250000000000000e+00	4.750738902201397e-01
2.250000000000000e+00	4.525355159764066e-01
2.250000000000000e+00	4.213512051954143e-01
2.250000000000000e+00	4.533081991055212e-01
2.250000000000000e+00	4.437492674970440e-01
2.250000000000000e+00	4.442598965064493e-01
2.250000000000000e+00	4.501009214827094e-01
2.250000000000000e+00	4.723070355671393e-01
2.250000000000000e+00	4.536127486194459e-01
2.250000000000000e+00	4.378893211140665e-01
2.250000000000000e+00	4.615904002526248e-01
2.250000000000000e+00	4.694743276405425e-01
2.250000000000000e+00	4.420503307881495e-01
2.250000000000000e+00	4.558237421764720e-01
2.250000000000000e+00	4.449364895249737e-01
2.250000000000000e+00	4.502063835181281e-01
2.250000000000000e+00	4.507504944271334e-01
2.250000000000000e+00	4.320885814863301e-01
2.250000000000000e+00	4.568407619242281e-01
2.250000000000000e+00	4.276917755442361e-01
2.250000000000000e+00	4.295507130831437e-01
2.250000000000000e+00	4.681743919378427e-01
2.250000000000000e+00	4.549587794063152e-01
2.250000000000000e+00	4.511341133838698e-01
2.250000000000000e+00	4.155453527405851e-01
2.250000000000000e+00	4.620586200107646e-01
2.250000000000000e+00	4.460596268425702e-01
2.250000000000000e+00	5.161061345784641e-01
2.250000000000000e+00	4.314446926658291e-01
2.250000000000000e+00	4.089034689171187e-01
2.250000000000000e+00	4.523756342765041e-01
2.250000000000000e+00	4.584656850436018e-01
2.250000000000000e+00	4.927732342853965e-01
2.250000000000000e+00	4.533850730723790e-01
2.250000000000000e+00	4.658335464704098e-01
2.250000000000000e+00	4.494143845373499e-01
2.250000000000000e+00	4.428961700239573e-01
2.250000000000000e+00	4.639169606317932e-01
2.250000000000000e+00	4.552450315898121e-01
2.250000000000000e+00	4.167829142421252e-01
2.250000000000000e+00	4.712199810695406e-01
2.250000000000000e+00	4.341794180471278e-01
2.250000000000000e+00	4.570152631362505e-01
2.250000000000000e+00	4.416745663643230e-01
2.250000000000000e+00	4.258925767067466e-01
2.250000000000000e+00	4.636589895908936e-01
2.250000000000000e+00	4.069344028832398e-01
2.250000000000000e+00	4.919222222566379e-01
2.250000000000000e+00	4.774768688932399e-01
2.250000000000000e+00	4.407786125912533e-01
2.250000000000000e+00	4.693095760465586e-01
2.250000000000000e+00	4.958396367921500e-01
2.250000000000000e+00	4.199585559046271e-01
2.250000000000000e+00	4.846186077012368e-01
2.250000000000000e+00	4.405635290093853e-01
2.250000000000000e+00	4.303295254180560e-01
2.250000000000000e+00	4.320834182751916e-01
2.250000000000000e+00	4.570091196813774e-01
2.250000000000000e+00	4.396654900302547e-01
2.250000000000000e+00	4.384029869089324e-01
2.250000000000000e+00	4.293495798353258e-01
2.250000000000000e+00	4.520732694758761e-01
2.250000000000000e+00	4.104102470066682e-01
2.250000000000000e+00	4.687811904682312e-01
2.250000000000000e+00	4.605290487798442e-01
2.250000000000000e+00	4.450652102037115e-01
2.250000000000000e+00	4.210997789486209e-01
2.250000000000000e+00	4.339881391138330e-01
2.250000000000000e+00	4.521572353442005e-01
2.250000000000000e+00	4.477271086367174e-01
2.250000000000000e+00	4.168433714265222e-01
2.250000000000000e+00	4.066838433611904e-01
2.250000000000000e+00	4.278150707699138e-01
2.250000000000000e+00	4.373526839512395e-01
2.250000000000000e+00	4.326201139720204e-01
2.250000000000000e+00	4.761709565969100e-01
2.250000000000000e+00	4.379826781596582e-01
2.250000000000000e+00	4.574367453278270e-01
2.250000000000000e+00	4.296132869872802e-01
2.250000000000000e+00	4.285023488430310e-01
2.250000000000000e+00	4.367731394432355e-01
2.250000000000000e+00	4.503140479067477e-01
2.250000000000000e+00	4.448082998476454e-01
2.250000000000000e+00	4.398332292122050e-01
2.250000000000000e+00	4.332759386748005e-01
2.250000000000000e+00	4.217243854995993e-01
2.250000000000000e+00	4.216999346313949e-01
2.250000000000000e+00	3.977110074977467e-01
2.250000000000000e+00	4.720408498891883e-01
2.250000000000000e+00	4.936401454064803e-01
2.250000000000000e+00	4.491534673350130e-01
2.250000000000000e+00	4.555735609840247e-01
2.250000000000000e+00	4.382333613269200e-01
2.250000000000000e+00	4.483010257884537e-01
2.250000000000000e+00	4.283137101005741e-01
2.250000000000000e+00	4.384571357499353e-01
2.250000000000000e+00	4.362450905483459e-01
2.250000000000000e+00	4.322023085263113e-01
2.250000000000000e+00	4.030536375645133e-01
2.250000000000000e+00	4.388151103276651e-01
2.250000000000000e+00	4.520072464090407e-01
2.250000000000000e+00	4.392745065737362e-01
2.250000000000000e+00	4.269584074579393e-01
2.250000000000000e+00	4.705060605079593e-01
2.250000000000000e+00	4.754709722427286e-01
2.250000000000000e+00	4.252549919672968e-01
2.250000000000000e+00	4.329627138942671e-01
2.250000000000000e+00	4.807060391184327e-01
2.250000000000000e+00	4.395499567000055e-01
2.250000000000000e+00	4.624741598598790e-01
2.250000000000000e+00	4.913719811575348e-01
2.250000000000000e+00	4.125395178331343e-01
2.250000000000000e+00	4.351106091289799e-01
2.250000000000000e+00	4.700660217660153e-01
2.250000000000000e+00	4.786679694597362e-01
2.250000000000000e+00	4.783503206095870e-01
2.250000000000000e+00	5.168714074433853e-01
2.250000000000000e+00	4.141731427800123e-01
2.250000000000000e+00	4.386298341307434e-01
2.250000000000000e+00	4.302510066984931e-01
2.250000000000000e+00	4.288781276516897e-01
2.250000000000000e+00	4.383152910547849e-01
2.250000000000000e+00	4.798615419566583e-01
2.250000000000000e+00	4.147476441316925e-01
2.250000000000000e+00	4.369967287362322e-01
2.250000000000000e+00	4.294232326339516e-01
2.250000000000000e+00	4.141231831338097e-01
2.250000000000000e+00	4.132520269854187e-01
2.250000000000000e+00	4.188298574079156e-01
2.250000000000000e+00	4.598814051963145e-01
2.250000000000000e+00	4.088596534930564e-01
2.250000000000000e+00	4.179193281549718e-01
2.250000000000000e+00	4.390998399348588e-01
2.250000000000000e+00	4.098870271442110e-01
2.250000000000000e+00	4.494581637342804e-01
2.250000000000000e+00	4.220704674464018e-01
2.250000000000000e+00	4.206285823317825e-01
2.250000000000000e+00	4.244752698367562e-01
2.250000000000000e+00	4.074337236608268e-01
2.250000000000000e+00	4.680800149461398e-01
2.250000000000000e+00	4.659937388722674e-01
2.250000000000000e+00	4.487240521883615e-01
2.250000000000000e+00	4.885896918041994e-01
2.250000000000000e+00	4.454278275752960e-01
2.250000000000000e+00	4.559005609830482e-01
2.250000000000000e+00	4.109944225078458e-01
2.250000000000000e+00	4.481127611329079e-01
2.250000000000000e+00	4.772094486913661e-01
2.250000000000000e+00	4.739450666105108e-01
2.250000000000000e+00	4.107802675913156e-01
2.250000000000000e+00	4.790624188995461e-01
2.250000000000000e+00	4.318069408575231e-01
2.250000000000000e+00	4.255898270229496e-01
2.250000000000000e+00	4.495732991154436e-01
2.250000000000000e+00	4.487101485710889e-01
2.250000000000000e+00	4.558204265479071e-01
2.250000000000000e+00	4.152098420010426e-01
2.250000000000000e+00	4.585645403894272e-01
2.250000000000000e+00	4.631556843859477e-01
2.250000000000000e+00	4.712260688837054e-01
2.250000000000000e+00	4.434098929305844e-01
2.250000000000000e+00	4.289090613270664e-01
2.250000000000000e+00	4.870499781664881e-01
2.250000000000000e+00	4.297206467138837e-01
2.250000000000000e+00	4.062171533073961e-01
2.250000000000000e+00	4.315311918928535e-01
2.250000000000000e+00	4.181996146564523e-01
2.250000000000000e+00	4.161012049175342e-01
