2.000000000000000e+00	9.658030824395745e+00
2.000000000000000e+00	9.598619858860523e+00
2.000000000000000e+00	9.766690396370517e+00
2.000000000000000e+00	9.582597697872345e+00
2.000000000000000e+00	9.574626093446092e+00
2.000000000000000e+00	9.710811031203201e+00
2.000000000000000e+00	9.525954506416459e+00
2.000000000000000e+00	9.691521950199078e+00
2.000000000000000e+00	9.713489805323253e+00
2.000000000000000e+00	9.662741322769335e+00
2.000000000000000e+00	9.586964348873293e+00
2.000000000000000e+00	9.344383705003620e+00
2.000000000000000e+00	9.540803025121326e+00
2.000000000000000e+00	9.489521496075412e+00
2.000000000000000e+00	9.583489967368541e+00
2.000000000000000e+00	9.633828448140806e+00
2.000000000000000e+00	9.656082970430242e+00
2.000000000000000e+00	9.664750050425603e+00
2.000000000000000e+00	9.571033991769976e+00
2.000000000000000e+00	9.695287415005684e+00
2.000000000000000e+00	9.733047220575433e+00
2.000000000000000e+00	9.734406033723058e+00
2.000000000000000e+00	9.694072736900546e+00
2.000000000000000e+00	9.723824419320710e+00
2.000000000000000e+00	9.725511313706688e+00
2.000000000000000e+00	9.654674981582204e+00
2.000000000000000e+00	9.626123777394042e+00
2.000000000000000e+00	9.561183061930091e+00
2.000000000000000e+00	9.615535507578430e+00
2.000000000000000e+00	9.692180534213083e+00
2.000000000000000e+00	9.445867553097678e+00
2.000000000000000e+00	9.461343632350806e+00
2.000000000000000e+00	9.743563168917888e+00
2.000000000000000e+00	9.598695012973149e+00
2.000000000000000e+00	9.633009687872244e+00
2.000000000000000e+00	9.755786326068652e+00
2.000000000000000e+00	9.557485042691285e+00
2.000000000000000e+00	9.677733686179447e+00
2.000000000000000e+00	9.816448314102971e+00
2.000000000000000e+00	9.638348345665010e+00
2.000000000000000e+00	9.595368977455198e+00
2.000000000000000e+00	9.709269727549707e+00
2.000000000000000e+00	9.635091675325931e+00
2.000000000000000e+00	9.623648143460180e+00
2.000000000000000e+00	9.518597970034081e+00
2.000000000000000e+00	9.598434828188001e+00
2.000000000000000e+00	9.633583122751702e+00
2.000000000000000e+00	9.545955541393221e+00
2.000000000000000e+00	9.574815315057780e+00
2.000000000000000e+00	9.562319412140649e+00
2.000000000000000e+00	9.658830113604601e+00
2.000000000000000e+00	9.556718728668367e+00
2.000000000000000e+00	9.629695465360101e+00
2.000000000000000e+00	9.774868329412502e+00
2.000000000000000e+00	9.620091178616045e+00
2.000000000000000e+00	9.643563828871629e+00
2.000000000000000e+00	9.752692037660728e+00
2.000000000000000e+00	9.695485416201510e+00
2.000000000000000e+00	9.649826742025905e+00
2.000000000000000e+00	9.581199129584125e+00
2.000000000000000e+00	9.840264723358995e+00
2.000000000000000e+00	9.614450814828212e+00
2.000000000000000e+00	9.625993681002727e+00
2.000000000000000e+00	9.534901935802239e+00
2.000000000000000e+00	9.516173654794892e+00
2.000000000000000e+00	9.659705200027828e+00
2.000000000000000e+00	9.666985607716997e+00
2.000000000000000e+00	9.567415487415825e+00
2.000000000000000e+00	9.404733089567733e+00
2.000000000000000e+00	9.702983723276771e+00
2.000000000000000e+00	9.932261960577119e+00
2.000000000000000e+00	9.762071139665156e+00
2.000000000000000e+00	9.653217327936712e+00
2.000000000000000e+00	9.649307801345520e+00
2.000000000000000e+00	9.754726084800293e+00
2.000000000000000e+00	9.565595906955494e+00
2.000000000000000e+00	9.793734779536493e+00
2.000000000000000e+00	9.655964065286968e+00
2.000000000000000e+00	9.752241736620952e+00
2.000000000000000e+00	9.657729221182166e+00
2.000000000000000e+00	9.685846651925992e+00
2.000000000000000e+00	9.557056104313528e+00
2.000000000000000e+00	9.548847171092422e+00
2.000000000000000e+00	9.678782540757515e+00
2.000000000000000e+00	9.484212655816261e+00
2.000000000000000e+00	9.586289864327146e+00
2.000000000000000e+00	9.657270884096970e+00
2.000000000000000e+00	9.702576744733200e+00
2.000000000000000e+00	9.623278174098292e+00
2.000000000000000e+00	9.740841264390196e+00
2.000000000000000e+00	9.773972545092221e+00
2.000000000000000e+00	9.560670353851499e+00
2.000000000000000e+00	9.681987147926248e+00
2.000000000000000e+00	9.712423626857554e+00
2.000000000000000e+00	9.486381338604772e+00
2.000000000000000e+00	9.522537775047851e+00
2.000000000000000e+00	9.498398077999637e+00
2.000000000000000e+00	9.774391703836251e+00
2.000000000000000e+00	9.685786791343570e+00
2.000000000000000e+00	9.512227823476362e+00
2.000000000000000e+00	9.785464484386885e+00
2.000000000000000e+00	9.685678684214329e+00
2.000000000000000e+00	9.552006571603203e+00
2.000000000000000e+00	9.692405599202267e+00
2.000000000000000e+00	9.824181570910806e+00
2.000000000000000e+00	9.621873686959365e+00
2.000000000000000e+00	9.838234129123023e+00
2.000000000000000e+00	9.613310193784759e+00
2.000000000000000e+00	9.556822629827355e+00
2.000000000000000e+00	9.649876072600861e+00
2.000000000000000e+00	9.719895613291529e+00
2.000000000000000e+00	9.587902293420127e+00
2.000000000000000e+00	9.658482801678502e+00
2.000000000000000e+00	9.625429220042349e+00
2.000000000000000e+00	9.745969457554708e+00
2.000000000000000e+00	9.562246987222391e+00
2.000000000000000e+00	9.837958942203352e+00
2.000000000000000e+00	9.640953880485441e+00
2.000000000000000e+00	9.542227557848481e+00
2.000000000000000e+00	9.793275543129473e+00
2.000000000000000e+00	9.675747416440842e+00
2.000000000000000e+00	9.605690127919560e+00
2.000000000000000e+00	9.661774316069394e+00
2.000000000000000e+00	9.727870722657180e+00
2.000000000000000e+00	9.611240360689511e+00
2.000000000000000e+00	9.680193965009234e+00
2.000000000000000e+00	9.602431596572035e+00
2.000000000000000e+00	9.539225224100326e+00
2.000000000000000e+00	9.671580114539571e+00
2.000000000000000e+00	9.619274369334079e+00
2.000000000000000e+00	9.652396122481942e+00
2.000000000000000e+00	9.582703863283079e+00
2.000000000000000e+00	9.543970394452520e+00
2.000000000000000e+00	9.624681555564047e+00
2.000000000000000e+00	9.655218080981449e+00
2.000000000000000e+00	9.516017450243279e+00
2.000000000000000e+00	9.685472083709266e+00
2.000000000000000e+00	9.486071183439911e+00
2.000000000000000e+00	9.527936571074273e+00
2.000000000000000e+00	9.634467756267572e+00
2.000000000000000e+00	9.724830119812168e+00
2.000000000000000e+00	9.549581281531655e+00
2.000000000000000e+00	9.663965184557989e+00
2.000000000000000e+00	9.516647595860103e+00
2.000000000000000e+00	9.728002906627475e+00
2.000000000000000e+00	9.725156277954127e+00
2.000000000000000e+00	9.796862191616812e+00
2.000000000000000e+00	9.542468558557069e+00
2.000000000000000e+00	9.529604728246742e+00
2.000000000000000e+00	9.531568669236483e+00
2.000000000000000e+00	9.758055169897892e+00
2.000000000000000e+00	9.793433448610177e+00
2.000000000000000e+00	9.652459308849121e+00
2.000000000000000e+00	9.726233771242553e+00
2.000000000000000e+00	9.682797708931250e+00
2.000000000000000e+00	9.540350845004177e+00
2.000000000000000e+00	9.689694102200853e+00
2.000000000000000e+00	9.785116561466436e+00
2.000000000000000e+00	9.696758001687568e+00
2.000000000000000e+00	9.682954520541092e+00
2.000000000000000e+00	9.613702430211989e+00
2.000000000000000e+00	9.545209344818401e+00
2.000000000000000e+00	9.596561072643748e+00
2.000000000000000e+00	9.681960788296470e+00
2.000000000000000e+00	9.474165421160714e+00
2.000000000000000e+00	9.514737766623618e+00
2.000000000000000e+00	9.554824440922447e+00
2.000000000000000e+00	9.641461255784641e+00
2.000000000000000e+00	9.509338397237117e+00
2.000000000000000e+00	9.753373274819490e+00
2.000000000000000e+00	9.616771930454249e+00
2.000000000000000e+00	9.562595575217163e+00
2.000000000000000e+00	9.549193197727341e+00
2.000000000000000e+00	9.495828500794202e+00
2.000000000000000e+00	9.783601261206933e+00
2.000000000000000e+00	9.524983999527418e+00
2.000000000000000e+00	9.597689808505482e+00
2.000000000000000e+00	9.714522094978662e+00
2.000000000000000e+00	9.702869964229160e+00
2.000000000000000e+00	9.478527533478960e+00
2.000000000000000e+00	9.701640663460939e+00
2.000000000000000e+00	9.570104997829846e+00
2.000000000000000e+00	9.408761806498452e+00
2.000000000000000e+00	9.482026819941145e+00
2.000000000000000e+00	9.703115799730005e+00
2.000000000000000e+00	9.579909066919736e+00
2.000000000000000e+00	9.811667529297990e+00
2.000000000000000e+00	9.580250081680790e+00
2.000000000000000e+00	9.665193611112834e+00
2.000000000000000e+00	9.721533828908232e+00
2.000000000000000e+00	9.544603515218293e+00
2.000000000000000e+00	9.508672483007601e+00
2.000000000000000e+00	9.605191592785950e+00
2.000000000000000e+00	9.705543148292879e+00
2.000000000000000e+00	9.675589397982414e+00
2.000000000000000e+00	9.726077875706551e+00
2.000000000000000e+00	9.654971629194772e+00
2.000000000000000e+00	9.556411267215603e+00
2.000000000000000e+00	9.723947093695019e+00
2.000000000000000e+00	9.593218739502397e+00
2.000000000000000e+00	9.727067437042921e+00
2.000000000000000e+00	9.539502356423728e+00
2.000000000000000e+00	9.475310603718032e+00
2.000000000000000e+00	9.675051858713889e+00
2.000000000000000e+00	9.575705365744664e+00
2.000000000000000e+00	9.619269151962692e+00
2.000000000000000e+00	9.687021569600132e+00
2.000000000000000e+00	9.641647407710654e+00
2.000000000000000e+00	9.741218991668662e+00
2.000000000000000e+00	9.543626753625496e+00
2.000000000000000e+00	9.565568881358242e+00
2.000000000000000e+00	9.504921384414143e+00
2.000000000000000e+00	9.804310727763873e+00
2.000000000000000e+00	9.606970260931723e+00
2.000000000000000e+00	9.628888867806202e+00
2.000000000000000e+00	9.424710130576731e+00
2.000000000000000e+00	9.449795097529115e+00
2.000000000000000e+00	9.573706081886247e+00
2.000000000000000e+00	9.713700476750878e+00
2.000000000000000e+00	9.618699252180576e+00
2.000000000000000e+00	9.618292431675030e+00
2.000000000000000e+00	9.487843389344180e+00
2.000000000000000e+00	9.525496701894406e+00
2.000000000000000e+00	9.644122945975456e+00
2.000000000000000e+00	9.696708358963489e+00
2.000000000000000e+00	9.526058411526078e+00
2.000000000000000e+00	9.552022287188493e+00
2.000000000000000e+00	9.664790706354147e+00
2.000000000000000e+00	9.451328675335986e+00
2.000000000000000e+00	9.647951579802807e+00
2.000000000000000e+00	9.567524878462311e+00
2.000000000000000e+00	9.726755823003604e+00
2.000000000000000e+00	9.723121837177892e+00
2.000000000000000e+00	9.628544576283677e+00
2.000000000000000e+00	9.507755845896948e+00
2.000000000000000e+00	9.656672940901906e+00
2.000000000000000e+00	9.803466763803128e+00
2.000000000000000e+00	9.578075772721128e+00
2.000000000000000e+00	9.726479949733639e+00
2.000000000000000e+00	9.757308719345016e+00
2.000000000000000e+00	9.816752261364012e+00
2.000000000000000e+00	9.612203929873896e+00
2.000000000000000e+00	9.644559965111597e+00
2.000000000000000e+00	9.561515497361521e+00
2.000000000000000e+00	9.637700622507467e+00
2.000000000000000e+00	9.725518761258334e+00
2.000000000000000e+00	9.589620060312326e+00
2.000000000000000e+00	9.643550244599588e+00
2.000000000000000e+00	9.667809635536202e+00
2.000000000000000e+00	9.537031591799746e+00
2.000000000000000e+00	9.632149857283828e+00
2.000000000000000e+00	9.712812114810912e+00
2.000000000000000e+00	9.696650423937953e+00
2.000000000000000e+00	9.600750999985760e+00
2.000000000000000e+00	9.849436908359579e+00
2.000000000000000e+00	9.721549782611701e+00
2.000000000000000e+00	9.734180591030597e+00
2.000000000000000e+00	9.736694348809877e+00
2.000000000000000e+00	9.646906671207011e+00
2.000000000000000e+00	9.580412017084338e+00
2.000000000000000e+00	9.738569254412027e+00
2.000000000000000e+00	9.558894138071347e+00
2.000000000000000e+00	9.601821752428776e+00
2.000000000000000e+00	9.554195217947868e+00
2.000000000000000e+00	9.527727549682318e+00
2.000000000000000e+00	9.541878630557472e+00
2.000000000000000e+00	9.522614091650624e+00
2.000000000000000e+00	9.775170402075997e+00
2.000000000000000e+00	9.547601191108892e+00
2.000000000000000e+00	9.734979069217006e+00
2.000000000000000e+00	9.531178341595105e+00
2.000000000000000e+00	9.591013362202691e+00
2.000000000000000e+00	9.705488739780771e+00
2.000000000000000e+00	9.539600493094778e+00
2.000000000000000e+00	9.663423962295678e+00
2.000000000000000e+00	9.608266740200859e+00
2.000000000000000e+00	9.581420556897505e+00
2.000000000000000e+00	9.660875698259957e+00
2.000000000000000e+00	9.694555933968218e+00
2.000000000000000e+00	9.610301713530745e+00
2.000000000000000e+00	9.539509080158034e+00
2.000000000000000e+00	9.700704744587995e+00
2.000000000000000e+00	9.673240636356439e+00
2.000000000000000e+00	9.632303291829643e+00
2.000000000000000e+00	9.719774524027537e+00
2.000000000000000e+00	9.564109821867437e+00
2.000000000000000e+00	9.561015663091601e+00
2.000000000000000e+00	9.591698276390318e+00
2.000000000000000e+00	9.499289183481260e+00
2.000000000000000e+00	9.692533900333485e+00
2.000000000000000e+00	9.527796828739575e+00
2.000000000000000e+00	9.609800548845424e+00
2.000000000000000e+00	9.711592909319991e+00
2.000000000000000e+00	9.627185307176900e+00
2.000000000000000e+00	9.695042975690274e+00
2.000000000000000e+00	9.532145803430371e+00
2.000000000000000e+00	9.684557808114338e+00
2.000000000000000e+00	9.645104149275950e+00
2.000000000000000e+00	9.554786328989112e+00
2.000000000000000e+00	9.527106228863062e+00
2.000000000000000e+00	9.822430108705321e+00
2.000000000000000e+00	9.597385190607923e+00
2.000000000000000e+00	9.537738655056865e+00
2.000000000000000e+00	9.655751971916207e+00
2.000000000000000e+00	9.698598114504676e+00
2.000000000000000e+00	9.657793467847844e+00
2.000000000000000e+00	9.694071982084708e+00
2.000000000000000e+00	9.596420099121641e+00
2.000000000000000e+00	9.760521044111879e+00
2.000000000000000e+00	9.596222253246150e+00
2.000000000000000e+00	9.577576519957997e+00
2.000000000000000e+00	9.842389516754697e+00
2.000000000000000e+00	9.807156622829877e+00
2.000000000000000e+00	9.773980858383435e+00
2.000000000000000e+00	9.642225357257189e+00
2.000000000000000e+00	9.744008154993690e+00
2.000000000000000e+00	9.778723043685453e+00
2.000000000000000e+00	9.783058004849796e+00
2.000000000000000e+00	9.593243019478985e+00
2.000000000000000e+00	9.541330078164718e+00
2.000000000000000e+00	9.643563404979130e+00
2.000000000000000e+00	9.589770978891499e+00
2.000000000000000e+00	9.666540040216397e+00
2.000000000000000e+00	9.524989278157074e+00
2.000000000000000e+00	9.651303596422888e+00
2.000000000000000e+00	9.724005131024102e+00
2.000000000000000e+00	9.651520991558545e+00
2.000000000000000e+00	9.431914027732834e+00
2.000000000000000e+00	9.624319555274528e+00
2.000000000000000e+00	9.460762601719017e+00
2.000000000000000e+00	9.722466354652433e+00
2.000000000000000e+00	9.442236353087944e+00
2.000000000000000e+00	9.684977750604478e+00
2.000000000000000e+00	9.871344306733182e+00
2.000000000000000e+00	9.629551851225200e+00
2.000000000000000e+00	9.509180240412244e+00
2.000000000000000e+00	9.615595055447221e+00
2.000000000000000e+00	9.714452591080645e+00
2.000000000000000e+00	9.858647832712730e+00
2.000000000000000e+00	9.422806613381983e+00
2.000000000000000e+00	9.691821555592380e+00
2.000000000000000e+00	9.744609459143907e+00
2.000000000000000e+00	9.732697772262277e+00
2.000000000000000e+00	9.612842439471983e+00
2.000000000000000e+00	9.842982495867524e+00
2.000000000000000e+00	9.576179142828249e+00
2.000000000000000e+00	9.569695138146738e+00
2.000000000000000e+00	9.598875231075890e+00
2.000000000000000e+00	9.561776096244888e+00
2.000000000000000e+00	9.804081059828480e+00
2.000000000000000e+00	9.557992489820544e+00
2.000000000000000e+00	9.645243035087272e+00
2.000000000000000e+00	9.632559483058735e+00
2.000000000000000e+00	9.754188633484752e+00
2.000000000000000e+00	9.413521696420283e+00
2.000000000000000e+00	9.566098165318063e+00
2.000000000000000e+00	9.714669556874288e+00
2.000000000000000e+00	9.730610195737178e+00
2.000000000000000e+00	9.749614051803313e+00
2.000000000000000e+00	9.565652430603796e+00
2.000000000000000e+00	9.792979189822169e+00
2.000000000000000e+00	9.744165821368894e+00
2.000000000000000e+00	9.627706236278797e+00
2.000000000000000e+00	9.690372637899879e+00
2.000000000000000e+00	9.656253800949139e+00
2.000000000000000e+00	9.560737807010588e+00
2.000000000000000e+00	9.487893610418984e+00
2.000000000000000e+00	9.720696911561321e+00
2.000000000000000e+00	9.381031780896212e+00
2.000000000000000e+00	9.639524292355272e+00
2.000000000000000e+00	9.591561043227333e+00
2.000000000000000e+00	9.545072664775020e+00
2.000000000000000e+00	9.612411166727757e+00
2.000000000000000e+00	9.623114562031995e+00
2.000000000000000e+00	9.681508166610707e+00
2.000000000000000e+00	9.667300434331072e+00
2.000000000000000e+00	9.718848148753322e+00
2.000000000000000e+00	9.684969926949988e+00
2.000000000000000e+00	9.680202475803748e+00
2.000000000000000e+00	9.749660254794659e+00
2.000000000000000e+00	9.688902757013594e+00
2.000000000000000e+00	9.781820441067222e+00
2.000000000000000e+00	9.588941257968603e+00
2.000000000000000e+00	9.816677068186330e+00
2.000000000000000e+00	9.651346507345956e+00
2.000000000000000e+00	9.582653516041349e+00
2.000000000000000e+00	9.635308581104553e+00
2.000000000000000e+00	9.599509917018660e+00
2.000000000000000e+00	9.578439486929406e+00
2.000000000000000e+00	9.802910186018739e+00
2.000000000000000e+00	9.657336337499679e+00
2.000000000000000e+00	9.751639121725660e+00
2.000000000000000e+00	9.690956485325870e+00
2.000000000000000e+00	9.652245283544506e+00
2.000000000000000e+00	9.587651242157058e+00
2.000000000000000e+00	9.577887287177882e+00
2.000000000000000e+00	9.448445588386363e+00
2.000000000000000e+00	9.546280980211328e+00
2.000000000000000e+00	9.630393443157551e+00
2.000000000000000e+00	9.722243443509903e+00
2.000000000000000e+00	9.715495995234422e+00
2.000000000000000e+00	9.519232515571826e+00
2.000000000000000e+00	9.524691523323554e+00
2.000000000000000e+00	9.607206403710459e+00
2.000000000000000e+00	9.406215635893485e+00
2.000000000000000e+00	9.621362648051534e+00
2.000000000000000e+00	9.557381262991807e+00
2.000000000000000e+00	9.713095381120867e+00
2.000000000000000e+00	9.736980645440696e+00
2.000000000000000e+00	9.620193891147817e+00
2.000000000000000e+00	9.595767464995820e+00
2.000000000000000e+00	9.586691563384639e+00
2.000000000000000e+00	9.608537092936139e+00
2.000000000000000e+00	9.804687607720480e+00
2.000000000000000e+00	9.565953872563487e+00
2.000000000000000e+00	9.583666471397278e+00
2.000000000000000e+00	9.655444381776006e+00
2.000000000000000e+00	9.648471497284461e+00
2.000000000000000e+00	9.810607383119395e+00
2.000000000000000e+00	9.711321837652143e+00
2.000000000000000e+00	9.597340686196015e+00
2.000000000000000e+00	9.647550467497840e+00
2.000000000000000e+00	9.582418849968334e+00
2.000000000000000e+00	9.681337049159252e+00
2.000000000000000e+00	9.587845382818848e+00
2.000000000000000e+00	9.616082117965572e+00
2.000000000000000e+00	9.816270216198019e+00
2.000000000000000e+00	9.578579332034169e+00
2.000000000000000e+00	9.687915844582701e+00
2.000000000000000e+00	9.494172427475572e+00
2.000000000000000e+00	9.586457892253657e+00
2.000000000000000e+00	9.708773215762609e+00
2.000000000000000e+00	9.486725700255885e+00
2.000000000000000e+00	9.537008346481372e+00
2.000000000000000e+00	9.494835591768929e+00
2.000000000000000e+00	9.782537223098876e+00
2.000000000000000e+00	9.634282148343880e+00
2.000000000000000e+00	9.725908424500735e+00
2.000000000000000e+00	9.617853876504554e+00
2.000000000000000e+00	9.762279450092928e+00
2.000000000000000e+00	9.717925396233692e+00
2.000000000000000e+00	9.725286933300177e+00
2.000000000000000e+00	9.585936824665868e+00
2.000000000000000e+00	9.453497181109778e+00
2.000000000000000e+00	9.472771629767726e+00
2.000000000000000e+00	9.538626679600590e+00
2.000000000000000e+00	9.594419257636480e+00
2.000000000000000e+00	9.501893350950116e+00
2.000000000000000e+00	9.716120652517350e+00
2.000000000000000e+00	9.673901985659873e+00
2.000000000000000e+00	9.556960439992990e+00
2.000000000000000e+00	9.632771493211255e+00
2.000000000000000e+00	9.550179642035422e+00
2.000000000000000e+00	9.624721148362974e+00
2.000000000000000e+00	9.700217321600068e+00
2.000000000000000e+00	9.661437942686794e+00
2.000000000000000e+00	9.500947141410169e+00
2.000000000000000e+00	9.626121179893843e+00
2.000000000000000e+00	9.636220908392353e+00
2.000000000000000e+00	9.699249924483741e+00
2.000000000000000e+00	9.610479127141945e+00
2.000000000000000e+00	9.498786309759005e+00
2.000000000000000e+00	9.622909902988429e+00
2.000000000000000e+00	9.577639948806594e+00
2.000000000000000e+00	9.718440042808259e+00
2.000000000000000e+00	9.667654443695191e+00
2.000000000000000e+00	9.702928573791985e+00
2.000000000000000e+00	9.656576785955425e+00
2.000000000000000e+00	9.497551941771054e+00
2.000000000000000e+00	9.586499264644459e+00
2.000000000000000e+00	9.592874714248385e+00
2.000000000000000e+00	9.853576199933803e+00
2.000000000000000e+00	9.619625290707177e+00
2.000000000000000e+00	9.667158460052637e+00
2.000000000000000e+00	9.557485511751374e+00
2.000000000000000e+00	9.657102832233747e+00
2.000000000000000e+00	9.569469727598484e+00
2.000000000000000e+00	9.707908770782495e+00
2.000000000000000e+00	9.811905528223237e+00
2.000000000000000e+00	9.659951566974399e+00
2.000000000000000e+00	9.784570949618285e+00
2.000000000000000e+00	9.625960176192464e+00
2.000000000000000e+00	9.502961507483313e+00
2.000000000000000e+00	9.752898053772299e+00
2.000000000000000e+00	9.553460533192107e+00
2.000000000000000e+00	9.523136511069717e+00
2.000000000000000e+00	9.725290859531137e+00
2.000000000000000e+00	9.674880936112626e+00
2.000000000000000e+00	9.552631316533745e+00
2.000000000000000e+00	9.672587776980738e+00
2.000000000000000e+00	9.594737639474976e+00
2.000000000000000e+00	9.688498973979417e+00
2.000000000000000e+00	9.556188873064546e+00
2.000000000000000e+00	9.654383732723623e+00
2.000000000000000e+00	9.616316387034139e+00
2.000000000000000e+00	9.663227154662318e+00
2.000000000000000e+00	9.652467840315071e+00
2.000000000000000e+00	9.638401132163319e+00
2.000000000000000e+00	9.728707740437192e+00
2.000000000000000e+00	9.616709260666712e+00
2.000000000000000e+00	9.663089881551816e+00
2.000000000000000e+00	9.623697568417244e+00
2.000000000000000e+00	9.830201981151834e+00
2.000000000000000e+00	9.533134338764269e+00
2.000000000000000e+00	9.710476077179999e+00
2.000000000000000e+00	9.517201619377255e+00
2.000000000000000e+00	9.731133407080350e+00
2.000000000000000e+00	9.484605414322132e+00
2.000000000000000e+00	9.656702131511230e+00
2.000000000000000e+00	9.493849588595811e+00
2.000000000000000e+00	9.629445315464267e+00
2.000000000000000e+00	9.652909822551152e+00
2.000000000000000e+00	9.544948083483066e+00
2.000000000000000e+00	9.501276274378291e+00
2.000000000000000e+00	9.637032410753019e+00
2.000000000000000e+00	9.626470599840870e+00
2.000000000000000e+00	9.571380055498720e+00
2.000000000000000e+00	9.934460184907765e+00
2.000000000000000e+00	9.443302229552852e+00
2.000000000000000e+00	9.702979315857085e+00
2.000000000000000e+00	9.577401156903342e+00
2.000000000000000e+00	9.768951371908676e+00
2.000000000000000e+00	9.588164011922872e+00
2.000000000000000e+00	9.883163588725360e+00
2.000000000000000e+00	9.804059880620290e+00
2.000000000000000e+00	9.640735280724648e+00
2.000000000000000e+00	9.745705298094482e+00
2.000000000000000e+00	9.592608188036746e+00
2.000000000000000e+00	9.762289025595500e+00
2.000000000000000e+00	9.545116844977155e+00
2.000000000000000e+00	9.761297681235661e+00
2.000000000000000e+00	9.647979980316141e+00
2.000000000000000e+00	9.471282955174313e+00
2.000000000000000e+00	9.519507385960999e+00
2.000000000000000e+00	9.523774244103556e+00
2.000000000000000e+00	9.631383397504745e+00
2.000000000000000e+00	9.417076260021721e+00
2.000000000000000e+00	9.510428859659633e+00
2.000000000000000e+00	9.649459566976958e+00
2.000000000000000e+00	9.689474410099875e+00
2.000000000000000e+00	9.620152764665406e+00
2.000000000000000e+00	9.510572844761846e+00
2.000000000000000e+00	9.552347085307481e+00
2.000000000000000e+00	9.491596355128157e+00
2.000000000000000e+00	9.627088903879562e+00
2.000000000000000e+00	9.583430145457253e+00
2.000000000000000e+00	9.450091236684280e+00
2.000000000000000e+00	9.773013524914280e+00
2.000000000000000e+00	9.618563117347975e+00
2.000000000000000e+00	9.517413340408583e+00
2.000000000000000e+00	9.489065371367197e+00
2.000000000000000e+00	9.750037825434333e+00
2.000000000000000e+00	9.514724331504334e+00
2.000000000000000e+00	9.494195720052478e+00
2.000000000000000e+00	9.526960627105215e+00
2.000000000000000e+00	9.543465091206761e+00
2.000000000000000e+00	9.497213431915927e+00
2.000000000000000e+00	9.696372938199545e+00
2.000000000000000e+00	9.542829010878371e+00
2.000000000000000e+00	9.650337385887578e+00
2.000000000000000e+00	9.777318548396016e+00
2.000000000000000e+00	9.916635600908144e+00
2.000000000000000e+00	9.588882924419078e+00
2.000000000000000e+00	9.596944834646786e+00
2.000000000000000e+00	9.534343623902835e+00
2.000000000000000e+00	9.599296471276357e+00
2.000000000000000e+00	9.634458229390088e+00
2.000000000000000e+00	9.551700604332316e+00
2.000000000000000e+00	9.807315576271650e+00
2.000000000000000e+00	9.686853785393726e+00
2.000000000000000e+00	9.547391230450391e+00
2.000000000000000e+00	9.707677136737095e+00
2.000000000000000e+00	9.657307548721786e+00
2.000000000000000e+00	9.681339613543374e+00
2.000000000000000e+00	9.595669791112964e+00
2.000000000000000e+00	9.474770532922179e+00
2.000000000000000e+00	9.596693903993454e+00
2.000000000000000e+00	9.689531371961976e+00
2.000000000000000e+00	9.522825757191573e+00
2.000000000000000e+00	9.613352229720803e+00
2.000000000000000e+00	9.648366852385545e+00
2.000000000000000e+00	9.623092800618146e+00
2.000000000000000e+00	9.489154904008537e+00
2.000000000000000e+00	9.606248935626734e+00
2.000000000000000e+00	9.681983606818598e+00
2.000000000000000e+00	9.522226610362363e+00
2.000000000000000e+00	9.505624238544595e+00
2.000000000000000e+00	9.616804351929778e+00
2.000000000000000e+00	9.606027068550047e+00
2.000000000000000e+00	9.545087768635756e+00
2.000000000000000e+00	9.694742610743429e+00
2.000000000000000e+00	9.830683410496512e+00
2.000000000000000e+00	9.643708071746818e+00
2.000000000000000e+00	9.542447752144405e+00
2.000000000000000e+00	9.613355375697253e+00
2.000000000000000e+00	9.518623519377741e+00
2.000000000000000e+00	9.593574940989315e+00
2.000000000000000e+00	9.719893226231051e+00
2.000000000000000e+00	9.410523481688498e+00
2.000000000000000e+00	9.761751768273060e+00
2.000000000000000e+00	9.758612061393773e+00
2.000000000000000e+00	9.595287329932201e+00
2.000000000000000e+00	9.505076855351069e+00
2.000000000000000e+00	9.729100876891319e+00
2.000000000000000e+00	9.656035001457804e+00
2.000000000000000e+00	9.566695273121718e+00
2.000000000000000e+00	9.561342247300281e+00
2.000000000000000e+00	9.636902030379352e+00
2.000000000000000e+00	9.556783797122300e+00
2.000000000000000e+00	9.621748073020903e+00
2.000000000000000e+00	9.851046848915866e+00
2.000000000000000e+00	9.712400503366739e+00
2.000000000000000e+00	9.767237224015149e+00
2.000000000000000e+00	9.641030234591849e+00
2.000000000000000e+00	9.522978291293958e+00
2.000000000000000e+00	9.723773698112447e+00
2.000000000000000e+00	9.648135268852082e+00
2.000000000000000e+00	9.723182275425643e+00
2.000000000000000e+00	9.678684568318793e+00
2.000000000000000e+00	9.562166318594770e+00
2.000000000000000e+00	9.756761633582945e+00
2.000000000000000e+00	9.545696852700148e+00
2.000000000000000e+00	9.637264426081568e+00
2.000000000000000e+00	9.718941048688226e+00
2.000000000000000e+00	9.586162534569393e+00
2.000000000000000e+00	9.560365078665594e+00
2.000000000000000e+00	9.768242892328992e+00
2.000000000000000e+00	9.517393715018851e+00
2.000000000000000e+00	9.655117553989808e+00
2.000000000000000e+00	9.481481039804111e+00
2.000000000000000e+00	9.627744306206079e+00
2.000000000000000e+00	9.559811620984776e+00
2.000000000000000e+00	9.796161092932536e+00
2.000000000000000e+00	9.651828339546107e+00
2.000000000000000e+00	9.618533080845157e+00
2.000000000000000e+00	9.548069965516170e+00
2.000000000000000e+00	9.387403198706989e+00
2.000000000000000e+00	9.575822517880539e+00
2.000000000000000e+00	9.614885316814485e+00
2.000000000000000e+00	9.647670608524296e+00
2.000000000000000e+00	9.625479506183243e+00
2.000000000000000e+00	9.718258513609562e+00
2.000000000000000e+00	9.792524561806356e+00
2.000000000000000e+00	9.585125350995069e+00
2.000000000000000e+00	9.549245349609887e+00
2.000000000000000e+00	9.790278641068010e+00
2.000000000000000e+00	9.666147559599679e+00
2.000000000000000e+00	9.680804548992032e+00
2.000000000000000e+00	9.513581777885936e+00
2.000000000000000e+00	9.604393637156313e+00
2.000000000000000e+00	9.692772446440355e+00
2.000000000000000e+00	9.687495375404819e+00
2.000000000000000e+00	9.417727786626934e+00
2.000000000000000e+00	9.697753715574741e+00
2.000000000000000e+00	9.692641941981242e+00
2.000000000000000e+00	9.589210268128193e+00
2.000000000000000e+00	9.727137954210839e+00
2.000000000000000e+00	9.572437039295284e+00
2.000000000000000e+00	9.734563579699861e+00
2.000000000000000e+00	9.935787018802378e+00
2.000000000000000e+00	9.704135780928144e+00
2.000000000000000e+00	9.552408912404671e+00
2.000000000000000e+00	9.898604673926513e+00
2.000000000000000e+00	9.637333258484180e+00
2.000000000000000e+00	9.776720942860699e+00
2.000000000000000e+00	9.365162480198267e+00
2.000000000000000e+00	9.840083009345831e+00
2.000000000000000e+00	9.593896802730384e+00
2.000000000000000e+00	9.635670224784493e+00
2.000000000000000e+00	9.563022856006409e+00
2.000000000000000e+00	9.574304898186718e+00
2.000000000000000e+00	9.598581046595559e+00
2.000000000000000e+00	9.667724504079533e+00
2.000000000000000e+00	9.727004343293899e+00
2.000000000000000e+00	9.590801887502776e+00
2.000000000000000e+00	9.751460530379264e+00
2.000000000000000e+00	9.620196581620085e+00
2.000000000000000e+00	9.544951068345645e+00
2.000000000000000e+00	9.800379758625382e+00
2.000000000000000e+00	9.683167272860800e+00
2.000000000000000e+00	9.677041878946651e+00
2.000000000000000e+00	9.526303480402175e+00
2.000000000000000e+00	9.711103089851838e+00
2.000000000000000e+00	9.775807787011608e+00
2.000000000000000e+00	9.633690309764477e+00
2.000000000000000e+00	9.667514819762548e+00
2.000000000000000e+00	9.590097794503926e+00
2.000000000000000e+00	9.690808729789254e+00
2.000000000000000e+00	9.778127527012526e+00
2.000000000000000e+00	9.618387345418020e+00
2.000000000000000e+00	9.733931389010495e+00
2.000000000000000e+00	9.553829349993629e+00
2.000000000000000e+00	9.458480326088235e+00
2.000000000000000e+00	9.756360877428483e+00
2.000000000000000e+00	9.785515170581689e+00
2.000000000000000e+00	9.832812858444109e+00
2.000000000000000e+00	9.603361000034834e+00
2.000000000000000e+00	9.582144090479531e+00
2.000000000000000e+00	9.556837560258622e+00
2.000000000000000e+00	9.599953041311338e+00
2.000000000000000e+00	9.565069511551247e+00
2.000000000000000e+00	9.605995869421275e+00
2.000000000000000e+00	9.559503408600630e+00
2.000000000000000e+00	9.672366131279739e+00
2.000000000000000e+00	9.559265526324737e+00
2.000000000000000e+00	9.569062067014656e+00
2.000000000000000e+00	9.491088747646371e+00
2.000000000000000e+00	9.637269965056319e+00
2.000000000000000e+00	9.588723364883267e+00
2.000000000000000e+00	9.518484427130447e+00
2.000000000000000e+00	9.578109988076180e+00
2.000000000000000e+00	9.700082157281017e+00
2.000000000000000e+00	9.621323857759624e+00
2.000000000000000e+00	9.744193356090559e+00
2.000000000000000e+00	9.665875986431125e+00
2.000000000000000e+00	9.638707201013229e+00
2.000000000000000e+00	9.530843099091504e+00
2.000000000000000e+00	9.559193571901670e+00
2.000000000000000e+00	9.657321708829571e+00
2.000000000000000e+00	9.488234239576649e+00
2.000000000000000e+00	9.561742599235878e+00
2.000000000000000e+00	9.661616161455933e+00
2.000000000000000e+00	9.567450210139203e+00
2.000000000000000e+00	9.628496954532260e+00
2.000000000000000e+00	9.589037041468089e+00
2.000000000000000e+00	9.628065080015674e+00
2.000000000000000e+00	9.397033436849403e+00
2.000000000000000e+00	9.619622388572452e+00
2.000000000000000e+00	9.592247087713819e+00
2.000000000000000e+00	9.613175122704879e+00
2.000000000000000e+00	9.648656431758488e+00
2.000000000000000e+00	9.543161783471259e+00
2.000000000000000e+00	9.599691033289840e+00
2.000000000000000e+00	9.529226343559895e+00
2.000000000000000e+00	9.586229662857519e+00
2.000000000000000e+00	9.589371790871684e+00
2.000000000000000e+00	9.647877443677043e+00
2.000000000000000e+00	9.710879879629324e+00
2.000000000000000e+00	9.606711974635623e+00
2.000000000000000e+00	9.533332251229156e+00
2.000000000000000e+00	9.725483978554877e+00
2.000000000000000e+00	9.718692979898512e+00
2.000000000000000e+00	9.652674102193899e+00
2.000000000000000e+00	9.515599217235062e+00
2.000000000000000e+00	9.700706411917885e+00
2.000000000000000e+00	9.574892151227679e+00
2.000000000000000e+00	9.493616409723945e+00
2.000000000000000e+00	9.665551283776047e+00
2.000000000000000e+00	9.555664613551748e+00
2.000000000000000e+00	9.747422214336424e+00
2.000000000000000e+00	9.652451135965592e+00
2.000000000000000e+00	9.548802924871623e+00
2.000000000000000e+00	9.445684201094007e+00
2.000000000000000e+00	9.426918052815443e+00
2.000000000000000e+00	9.641809724458707e+00
2.000000000000000e+00	9.595336785404921e+00
2.000000000000000e+00	9.713946109319295e+00
2.000000000000000e+00	9.742339939840983e+00
2.000000000000000e+00	9.608905705983510e+00
2.000000000000000e+00	9.565097393412811e+00
2.000000000000000e+00	9.724965657425921e+00
2.000000000000000e+00	9.606444367505810e+00
2.000000000000000e+00	9.803185541344494e+00
2.000000000000000e+00	9.676509408554997e+00
2.000000000000000e+00	9.858112328286238e+00
2.000000000000000e+00	9.822986182163586e+00
2.000000000000000e+00	9.512924015978097e+00
2.000000000000000e+00	9.617009238388400e+00
2.000000000000000e+00	9.665796041267075e+00
2.000000000000000e+00	9.644051374849390e+00
2.000000000000000e+00	9.758459399466322e+00
2.000000000000000e+00	9.538848170678126e+00
2.000000000000000e+00	9.552446144245494e+00
2.000000000000000e+00	9.662398801768383e+00
2.000000000000000e+00	9.768335370794656e+00
2.000000000000000e+00	9.630017528681513e+00
2.000000000000000e+00	9.696269857957052e+00
2.000000000000000e+00	9.488833309678382e+00
2.000000000000000e+00	9.630463384734121e+00
2.000000000000000e+00	9.706096262375818e+00
2.000000000000000e+00	9.751113508262394e+00
2.000000000000000e+00	9.644001988447529e+00
2.000000000000000e+00	9.708881026945365e+00
2.000000000000000e+00	9.600530892756753e+00
2.000000000000000e+00	9.573774107322048e+00
2.000000000000000e+00	9.596853717966152e+00
2.000000000000000e+00	9.554487512241268e+00
2.000000000000000e+00	9.533322483725058e+00
2.000000000000000e+00	9.433700237238476e+00
2.000000000000000e+00	9.432381434864926e+00
2.000000000000000e+00	9.591888011187610e+00
2.000000000000000e+00	9.809354982425099e+00
2.000000000000000e+00	9.551964405537841e+00
2.000000000000000e+00	9.519116005571172e+00
2.000000000000000e+00	9.479983087253713e+00
2.000000000000000e+00	9.754762879560190e+00
2.000000000000000e+00	9.533894329254814e+00
2.000000000000000e+00	9.594921033415746e+00
2.000000000000000e+00	9.644094940534295e+00
2.000000000000000e+00	9.656777138924113e+00
2.000000000000000e+00	9.521614319140646e+00
2.000000000000000e+00	9.631932391302840e+00
2.000000000000000e+00	9.565513055449934e+00
2.000000000000000e+00	9.477527522524525e+00
2.000000000000000e+00	9.562518874909246e+00
2.000000000000000e+00	9.645831141836403e+00
2.000000000000000e+00	9.586172737221709e+00
2.000000000000000e+00	9.633727895743830e+00
2.000000000000000e+00	9.612992464150942e+00
2.000000000000000e+00	9.528559460761880e+00
2.000000000000000e+00	9.596989235507198e+00
2.000000000000000e+00	9.528332895084187e+00
2.000000000000000e+00	9.533587101805885e+00
2.000000000000000e+00	9.663543858348669e+00
2.000000000000000e+00	9.580662645197121e+00
2.000000000000000e+00	9.688100801681689e+00
2.000000000000000e+00	9.572714455054490e+00
2.000000000000000e+00	9.728146342167811e+00
2.000000000000000e+00	9.788836315404529e+00
2.000000000000000e+00	9.777161569683301e+00
2.000000000000000e+00	9.557336751082167e+00
2.000000000000000e+00	9.555935124852903e+00
2.000000000000000e+00	9.577290693833982e+00
2.000000000000000e+00	9.640474697519814e+00
2.000000000000000e+00	9.403444367675256e+00
2.000000000000000e+00	9.699919382877024e+00
2.000000000000000e+00	9.646727047223848e+00
2.000000000000000e+00	9.478048375060382e+00
2.000000000000000e+00	9.648937849326659e+00
2.000000000000000e+00	9.764101923331809e+00
2.000000000000000e+00	9.618206223331422e+00
2.000000000000000e+00	9.679076609053745e+00
2.000000000000000e+00	9.526746301520335e+00
2.000000000000000e+00	9.734479804424071e+00
2.000000000000000e+00	9.491490354744979e+00
2.000000000000000e+00	9.548835185894017e+00
2.000000000000000e+00	9.594021569569687e+00
2.000000000000000e+00	9.724843515832980e+00
2.000000000000000e+00	9.585051046102217e+00
2.000000000000000e+00	9.739930856913478e+00
2.000000000000000e+00	9.670003965313210e+00
2.000000000000000e+00	9.581552173243853e+00
2.000000000000000e+00	9.615923995970011e+00
2.000000000000000e+00	9.620321337538606e+00
2.000000000000000e+00	9.543455282600886e+00
2.000000000000000e+00	9.636009460570968e+00
2.000000000000000e+00	9.679010487573365e+00
2.000000000000000e+00	9.579930277720770e+00
2.000000000000000e+00	9.500549410610239e+00
2.000000000000000e+00	9.741599084949172e+00
2.000000000000000e+00	9.632006651881111e+00
2.000000000000000e+00	9.606583056326734e+00
2.000000000000000e+00	9.447279567325300e+00
2.000000000000000e+00	9.682590450067966e+00
2.000000000000000e+00	9.569101828227815e+00
2.000000000000000e+00	9.657212406779889e+00
2.000000000000000e+00	9.621025077056759e+00
2.000000000000000e+00	9.584610174593474e+00
2.000000000000000e+00	9.613850170113384e+00
2.000000000000000e+00	9.684534021146401e+00
2.000000000000000e+00	9.750540944166115e+00
2.000000000000000e+00	9.652981714467085e+00
2.000000000000000e+00	9.641208743617234e+00
2.000000000000000e+00	9.644596241568710e+00
2.000000000000000e+00	9.634060974100960e+00
2.000000000000000e+00	9.607934580299480e+00
2.000000000000000e+00	9.552932455291092e+00
2.000000000000000e+00	9.631220456675601e+00
2.000000000000000e+00	9.630908916607204e+00
2.000000000000000e+00	9.650086659856694e+00
2.000000000000000e+00	9.615688471054986e+00
2.000000000000000e+00	9.823770249251369e+00
2.000000000000000e+00	9.570101757739923e+00
2.000000000000000e+00	9.634684778585260e+00
2.000000000000000e+00	9.781349116031263e+00
2.000000000000000e+00	9.602967537071777e+00
2.000000000000000e+00	9.760313459544873e+00
2.000000000000000e+00	9.536517276767032e+00
2.000000000000000e+00	9.622389954050945e+00
2.000000000000000e+00	9.645358664015315e+00
2.000000000000000e+00	9.546553901440667e+00
2.000000000000000e+00	9.684424566887746e+00
2.000000000000000e+00	9.771279001820691e+00
2.000000000000000e+00	9.680779481018661e+00
2.000000000000000e+00	9.587502379476707e+00
2.000000000000000e+00	9.714297957597969e+00
2.000000000000000e+00	9.740745477323705e+00
2.000000000000000e+00	9.511116878744936e+00
2.000000000000000e+00	9.530944402515075e+00
2.000000000000000e+00	9.535979408549228e+00
2.000000000000000e+00	9.542435973158778e+00
2.000000000000000e+00	9.595666874634185e+00
2.000000000000000e+00	9.493868487890481e+00
2.000000000000000e+00	9.568788933701056e+00
2.000000000000000e+00	9.639518733178482e+00
2.000000000000000e+00	9.599487090346885e+00
2.000000000000000e+00	9.656645442277902e+00
2.000000000000000e+00	9.610950758481888e+00
2.000000000000000e+00	9.750761279227676e+00
2.000000000000000e+00	9.764775982834568e+00
2.000000000000000e+00	9.557475999002204e+00
2.000000000000000e+00	9.679971598117859e+00
2.000000000000000e+00	9.556868639766947e+00
2.000000000000000e+00	9.658063122521316e+00
2.000000000000000e+00	9.621621563652774e+00
2.000000000000000e+00	9.398838997002422e+00
2.000000000000000e+00	9.823721574218887e+00
2.000000000000000e+00	9.582873652432369e+00
2.000000000000000e+00	9.694426337344760e+00
2.000000000000000e+00	9.787152997261911e+00
2.000000000000000e+00	9.659561266656718e+00
2.000000000000000e+00	9.534793632820678e+00
2.000000000000000e+00	9.671981076271107e+00
2.000000000000000e+00	9.761183965662569e+00
2.000000000000000e+00	9.652262188846903e+00
2.000000000000000e+00	9.490907723658895e+00
2.000000000000000e+00	9.767921607779824e+00
2.000000000000000e+00	9.648279280787953e+00
2.000000000000000e+00	9.656259322111527e+00
2.000000000000000e+00	9.555155175041815e+00
2.000000000000000e+00	9.762999832722375e+00
2.000000000000000e+00	9.699417841176619e+00
2.000000000000000e+00	9.567019284901287e+00
2.000000000000000e+00	9.742128111710192e+00
2.000000000000000e+00	9.582880119508907e+00
2.000000000000000e+00	9.808932267615216e+00
2.000000000000000e+00	9.555699870744553e+00
2.000000000000000e+00	9.499667373057735e+00
2.000000000000000e+00	9.641513590285449e+00
2.000000000000000e+00	9.637325177551604e+00
2.000000000000000e+00	9.577324880286824e+00
2.000000000000000e+00	9.689277740244066e+00
2.000000000000000e+00	9.708483412414452e+00
2.000000000000000e+00	9.591109031623349e+00
2.000000000000000e+00	9.439955639667385e+00
2.000000000000000e+00	9.539204721570604e+00
2.000000000000000e+00	9.720882072745940e+00
2.000000000000000e+00	9.806491885650470e+00
2.000000000000000e+00	9.521916659653652e+00
2.000000000000000e+00	9.582595592142773e+00
2.000000000000000e+00	9.736301097332865e+00
2.000000000000000e+00	9.681695590694771e+00
2.000000000000000e+00	9.614982768088339e+00
2.000000000000000e+00	9.797617909229853e+00
2.000000000000000e+00	9.631762146752195e+00
2.000000000000000e+00	9.621848134274886e+00
2.000000000000000e+00	9.784760713634135e+00
2.000000000000000e+00	9.745653085938180e+00
2.000000000000000e+00	9.753316965118543e+00
2.000000000000000e+00	9.642534113551310e+00
2.000000000000000e+00	9.550660936272052e+00
2.000000000000000e+00	9.593304191247574e+00
2.000000000000000e+00	9.621675331808019e+00
2.000000000000000e+00	9.543022272053364e+00
2.000000000000000e+00	9.618292898169592e+00
2.000000000000000e+00	9.713635224640800e+00
2.000000000000000e+00	9.733939604212940e+00
2.000000000000000e+00	9.685813817460758e+00
2.000000000000000e+00	9.706190106570013e+00
2.000000000000000e+00	9.428437551934309e+00
2.000000000000000e+00	9.680303225298919e+00
2.000000000000000e+00	9.667483922973496e+00
2.000000000000000e+00	9.716175066145240e+00
2.000000000000000e+00	9.574179214694752e+00
2.000000000000000e+00	9.661992118978382e+00
2.000000000000000e+00	9.682087418442119e+00
2.000000000000000e+00	9.578410486812867e+00
2.000000000000000e+00	9.710440479462747e+00
2.000000000000000e+00	9.684005730584474e+00
2.000000000000000e+00	9.562417103100906e+00
2.000000000000000e+00	9.810872182244312e+00
2.000000000000000e+00	9.539001195383781e+00
2.000000000000000e+00	9.721456610378549e+00
2.000000000000000e+00	9.583033268892741e+00
2.000000000000000e+00	9.533653513863957e+00
2.000000000000000e+00	9.782059473800860e+00
2.000000000000000e+00	9.749602908493635e+00
2.000000000000000e+00	9.523009590040310e+00
2.000000000000000e+00	9.529370927129783e+00
2.000000000000000e+00	9.676953782581503e+00
2.000000000000000e+00	9.697162750298915e+00
2.000000000000000e+00	9.769142079614650e+00
2.000000000000000e+00	9.474585622315336e+00
2.000000000000000e+00	9.634724057231571e+00
2.000000000000000e+00	9.625148947331564e+00
2.000000000000000e+00	9.602165123509847e+00
2.000000000000000e+00	9.542436317301350e+00
2.000000000000000e+00	9.558822615440231e+00
2.000000000000000e+00	9.554143279801517e+00
2.000000000000000e+00	9.909353994043919e+00
2.000000000000000e+00	9.776029474317102e+00
2.000000000000000e+00	9.879241306974254e+00
2.000000000000000e+00	9.557637444920577e+00
2.000000000000000e+00	9.593727420187502e+00
2.000000000000000e+00	9.563869656634813e+00
2.000000000000000e+00	9.536209753638909e+00
2.000000000000000e+00	9.424076615686889e+00
2.000000000000000e+00	9.578833991852502e+00
2.000000000000000e+00	9.499806833949604e+00
2.000000000000000e+00	9.555013616582787e+00
