2.450000000000000e+00	6.260944701984276e-01
2.450000000000000e+00	5.819767983272432e-01
2.450000000000000e+00	5.794915452972014e-01
2.450000000000000e+00	6.165129097218726e-01
2.450000000000000e+00	6.361619996069933e-01
2.450000000000000e+00	6.011089847345799e-01
2.450000000000000e+00	5.920828624369315e-01
2.450000000000000e+00	5.645591077045286e-01
2.450000000000000e+00	6.377431309577681e-01
2.450000000000000e+00	6.122384797685032e-01
2.450000000000000e+00	5.910429452226946e-01
2.450000000000000e+00	6.297928873844968e-01
2.450000000000000e+00	6.790444227977269e-01
2.450000000000000e+00	6.684842440750896e-01
2.450000000000000e+00	5.593394021960492e-01
2.450000000000000e+00	5.731610607121504e-01
2.450000000000000e+00	5.393200662472055e-01
2.450000000000000e+00	5.901913266447947e-01
2.450000000000000e+00	6.112885002205540e-01
2.450000000000000e+00	5.766983594441222e-01
2.450000000000000e+00	5.947262201719277e-01
2.450000000000000e+00	6.317333337431252e-01
2.450000000000000e+00	5.982176579874550e-01
2.450000000000000e+00	6.437904143220627e-01
2.450000000000000e+00	6.155128699900950e-01
2.450000000000000e+00	6.436032468608143e-01
2.450000000000000e+00	6.296601217100023e-01
2.450000000000000e+00	6.238780533612779e-01
2.450000000000000e+00	5.944503634033148e-01
2.450000000000000e+00	6.745921313409495e-01
2.450000000000000e+00	5.981900378704919e-01
2.450000000000000e+00	5.852901358188617e-01
2.450000000000000e+00	5.506505932563702e-01
2.450000000000000e+00	5.159001794102507e-01
2.450000000000000e+00	5.806305242670629e-01
2.450000000000000e+00	6.226343638153614e-01
2.450000000000000e+00	4.926783861270148e-01
2.450000000000000e+00	6.143085359058816e-01
2.450000000000000e+00	5.633833668855110e-01
2.450000000000000e+00	5.901342434110520e-01
2.450000000000000e+00	6.225688026959896e-01
2.450000000000000e+00	5.164179063428453e-01
2.450000000000000e+00	6.309738639812810e-01
2.450000000000000e+00	6.459953249852824e-01
2.450000000000000e+00	5.582362015504149e-01
2.450000000000000e+00	6.435859636260208e-01
2.450000000000000e+00	6.809464790830702e-01
2.450000000000000e+00	5.379372544037921e-01
2.450000000000000e+00	6.499198762794530e-01
2.450000000000000e+00	6.983949626344861e-01
2.450000000000000e+00	5.863491273643449e-01
2.450000000000000e+00	6.099005577428414e-01
2.450000000000000e+00	6.656659888806999e-01
2.450000000000000e+00	6.726326435034585e-01
2.450000000000000e+00	6.262369924573771e-01
2.450000000000000e+00	5.963254512282901e-01
2.450000000000000e+00	6.241645891488922e-01
2.450000000000000e+00	6.353649229844252e-01
2.450000000000000e+00	5.393380133991827e-01
2.450000000000000e+00	5.393707839997647e-01
2.450000000000000e+00	6.294887974428931e-01
2.450000000000000e+00	5.716435184971206e-01
2.450000000000000e+00	6.261144193985704e-01
2.450000000000000e+00	6.388864114266743e-01
2.450000000000000e+00	5.973895097136034e-01
2.450000000000000e+00	5.719209461301016e-01
2.450000000000000e+00	6.559505999571903e-01
2.450000000000000e+00	6.279124397577557e-01
2.450000000000000e+00	6.863165256089605e-01
2.450000000000000e+00	6.041788997932894e-01
2.450000000000000e+00	6.096450883542194e-01
2.450000000000000e+00	6.523902920098315e-01
2.450000000000000e+00	6.065738976889362e-01
2.450000000000000e+00	6.354293705036703e-01
2.450000000000000e+00	5.581911435616794e-01
2.450000000000000e+00	6.220634008283178e-01
2.450000000000000e+00	5.718762411216388e-01
2.450000000000000e+00	5.720604916622164e-01
2.450000000000000e+00	6.278585204142810e-01
2.450000000000000e+00	5.552558259664179e-01
2.450000000000000e+00	6.242637724012183e-01
2.450000000000000e+00	6.109382972781172e-01
2.450000000000000e+00	6.013568463842867e-01
2.450000000000000e+00	5.878294544635282e-01
2.450000000000000e+00	6.476776685082332e-01
2.450000000000000e+00	5.871410497092334e-01
2.450000000000000e+00	6.962562288067776e-01
2.450000000000000e+00	5.465193803648056e-01
2.450000000000000e+00	5.707986816832777e-01
2.450000000000000e+00	6.569354510798739e-01
2.450000000000000e+00	6.411722056468961e-01
2.450000000000000e+00	6.253838505873904e-01
2.450000000000000e+00	6.344597126340571e-01
2.450000000000000e+00	6.289078822985792e-01
2.450000000000000e+00	6.003952625818046e-01
2.450000000000000e+00	6.449655923903304e-01
2.450000000000000e+00	5.937194301765987e-01
2.450000000000000e+00	6.549034177595240e-01
2.450000000000000e+00	6.134804713000782e-01
2.450000000000000e+00	6.563938193847718e-01
2.450000000000000e+00	6.162840196356208e-01
2.450000000000000e+00	5.876921636153106e-01
2.450000000000000e+00	6.726765901494290e-01
2.450000000000000e+00	6.167456219866515e-01
2.450000000000000e+00	5.784441980485857e-01
2.450000000000000e+00	5.172898295307039e-01
2.450000000000000e+00	6.087264834839149e-01
2.450000000000000e+00	5.947098827133807e-01
2.450000000000000e+00	6.606648851104713e-01
2.450000000000000e+00	6.140892979768028e-01
2.450000000000000e+00	5.995661266846617e-01
2.450000000000000e+00	5.865683334843790e-01
2.450000000000000e+00	5.513135313190366e-01
2.450000000000000e+00	6.004319679519406e-01
2.450000000000000e+00	6.745181662755618e-01
2.450000000000000e+00	6.417895916448298e-01
2.450000000000000e+00	5.462185024577364e-01
2.450000000000000e+00	6.311242958469940e-01
2.450000000000000e+00	6.289784307247149e-01
2.450000000000000e+00	5.973753391534629e-01
2.450000000000000e+00	6.418771139086119e-01
2.450000000000000e+00	6.504465713611599e-01
2.450000000000000e+00	5.599388340134349e-01
2.450000000000000e+00	5.340081610316233e-01
2.450000000000000e+00	6.047518582164599e-01
2.450000000000000e+00	5.883482129303941e-01
2.450000000000000e+00	6.290416881928376e-01
2.450000000000000e+00	6.487362861329194e-01
2.450000000000000e+00	5.464993885503843e-01
2.450000000000000e+00	6.007850821311047e-01
2.450000000000000e+00	6.222377884308318e-01
2.450000000000000e+00	6.065089764914136e-01
2.450000000000000e+00	5.790295641185996e-01
2.450000000000000e+00	6.220046618580846e-01
2.450000000000000e+00	5.983794108485258e-01
2.450000000000000e+00	6.018567879602532e-01
2.450000000000000e+00	6.453070233631770e-01
2.450000000000000e+00	5.983880768533262e-01
2.450000000000000e+00	6.025757151435904e-01
2.450000000000000e+00	6.175946281917805e-01
2.450000000000000e+00	5.297030257954729e-01
2.450000000000000e+00	5.784293314622921e-01
2.450000000000000e+00	5.773599278000577e-01
2.450000000000000e+00	5.810025988930599e-01
2.450000000000000e+00	5.592559903185460e-01
2.450000000000000e+00	6.133303860103290e-01
2.450000000000000e+00	6.634126669924951e-01
2.450000000000000e+00	6.028851490215555e-01
2.450000000000000e+00	5.889351861763407e-01
2.450000000000000e+00	6.015638864038231e-01
2.450000000000000e+00	5.858161887207149e-01
2.450000000000000e+00	6.415733047511692e-01
2.450000000000000e+00	6.011422972473535e-01
2.450000000000000e+00	5.005638553434049e-01
2.450000000000000e+00	6.155242892473027e-01
2.450000000000000e+00	6.846743911203539e-01
2.450000000000000e+00	6.158665095004749e-01
2.450000000000000e+00	6.357180173657418e-01
2.450000000000000e+00	6.051454073946153e-01
2.450000000000000e+00	5.922155184051017e-01
2.450000000000000e+00	6.285651053431048e-01
2.450000000000000e+00	6.052152994104014e-01
2.450000000000000e+00	5.944814152070058e-01
2.450000000000000e+00	5.661796571747586e-01
2.450000000000000e+00	5.720479721960100e-01
2.450000000000000e+00	6.069237976335501e-01
2.450000000000000e+00	6.411878931253510e-01
2.450000000000000e+00	6.314234236590205e-01
2.450000000000000e+00	6.908961084312514e-01
2.450000000000000e+00	5.656367823482678e-01
2.450000000000000e+00	5.989266021251408e-01
2.450000000000000e+00	5.555990660843745e-01
2.450000000000000e+00	6.876258621588298e-01
2.450000000000000e+00	6.426679139018114e-01
2.450000000000000e+00	5.766119519823201e-01
2.450000000000000e+00	6.366681153513617e-01
2.450000000000000e+00	5.867121244834915e-01
2.450000000000000e+00	5.744011284719145e-01
2.450000000000000e+00	6.473403297140041e-01
2.450000000000000e+00	6.159328260265533e-01
2.450000000000000e+00	6.494902058544200e-01
2.450000000000000e+00	6.413055995646310e-01
2.450000000000000e+00	6.370815440089701e-01
2.450000000000000e+00	6.807539581506280e-01
2.450000000000000e+00	6.131988202057770e-01
2.450000000000000e+00	5.900946680578512e-01
2.450000000000000e+00	6.708536937470543e-01
2.450000000000000e+00	6.088002757799300e-01
2.450000000000000e+00	5.849391638045031e-01
2.450000000000000e+00	5.079022102386214e-01
2.450000000000000e+00	6.054380309662292e-01
2.450000000000000e+00	5.820860737078080e-01
2.450000000000000e+00	7.013913043558430e-01
2.450000000000000e+00	5.420311390833665e-01
2.450000000000000e+00	6.549622367407069e-01
2.450000000000000e+00	5.534405920675560e-01
2.450000000000000e+00	6.259860184549249e-01
2.450000000000000e+00	6.613317926674172e-01
2.450000000000000e+00	7.074582963957758e-01
2.450000000000000e+00	5.956249679795632e-01
2.450000000000000e+00	5.543217211368623e-01
2.450000000000000e+00	5.553678390228539e-01
2.450000000000000e+00	5.655505777929414e-01
2.450000000000000e+00	5.451151756195743e-01
2.450000000000000e+00	6.766556241862054e-01
2.450000000000000e+00	6.411623118202605e-01
2.450000000000000e+00	6.444675423639871e-01
2.450000000000000e+00	6.147275087906943e-01
2.450000000000000e+00	5.017210928061905e-01
2.450000000000000e+00	5.950004099408445e-01
2.450000000000000e+00	5.542026331481642e-01
2.450000000000000e+00	6.727508196401033e-01
2.450000000000000e+00	6.129239838207121e-01
2.450000000000000e+00	6.257368272812287e-01
2.450000000000000e+00	5.915518969430761e-01
2.450000000000000e+00	4.874377872757252e-01
2.450000000000000e+00	6.055402281136965e-01
2.450000000000000e+00	5.712031154598030e-01
2.450000000000000e+00	5.634608449527987e-01
2.450000000000000e+00	6.951315304099589e-01
2.450000000000000e+00	6.556065418422433e-01
2.450000000000000e+00	6.382901266080443e-01
2.450000000000000e+00	6.182599713478847e-01
2.450000000000000e+00	5.905816453370223e-01
2.450000000000000e+00	5.689252406527763e-01
2.450000000000000e+00	5.630994453115671e-01
2.450000000000000e+00	5.445033131724417e-01
2.450000000000000e+00	5.952464693149762e-01
2.450000000000000e+00	6.162744414568535e-01
2.450000000000000e+00	6.472613162926363e-01
2.450000000000000e+00	5.933880628096565e-01
2.450000000000000e+00	5.705656670289615e-01
2.450000000000000e+00	5.731843160290553e-01
2.450000000000000e+00	6.105022039822630e-01
2.450000000000000e+00	6.183337867131378e-01
2.450000000000000e+00	6.333481228004675e-01
2.450000000000000e+00	6.336479667733729e-01
2.450000000000000e+00	6.970712102918025e-01
2.450000000000000e+00	6.017975321745249e-01
2.450000000000000e+00	6.573283911144050e-01
2.450000000000000e+00	6.308122029747970e-01
2.450000000000000e+00	6.110914880959081e-01
2.450000000000000e+00	5.981462473964445e-01
2.450000000000000e+00	5.257179131000311e-01
2.450000000000000e+00	6.425001225268291e-01
2.450000000000000e+00	6.928677956961417e-01
2.450000000000000e+00	6.192064613416784e-01
2.450000000000000e+00	6.268312560990684e-01
2.450000000000000e+00	5.499437316483102e-01
2.450000000000000e+00	5.917507309958308e-01
2.450000000000000e+00	5.990899163377821e-01
2.450000000000000e+00	6.440307503060548e-01
2.450000000000000e+00	6.390813447894952e-01
2.450000000000000e+00	6.300925567621707e-01
2.450000000000000e+00	5.709949331293358e-01
2.450000000000000e+00	6.757026681776508e-01
2.450000000000000e+00	5.587911305741451e-01
2.450000000000000e+00	6.561360936985092e-01
2.450000000000000e+00	6.704169277745421e-01
2.450000000000000e+00	6.298492448746050e-01
2.450000000000000e+00	5.565846868067588e-01
2.450000000000000e+00	6.204174228104756e-01
2.450000000000000e+00	5.730448443720844e-01
2.450000000000000e+00	5.846919913872732e-01
2.450000000000000e+00	5.459243505515258e-01
2.450000000000000e+00	6.866582604230278e-01
2.450000000000000e+00	5.830524392607054e-01
2.450000000000000e+00	6.212045495181137e-01
2.450000000000000e+00	6.090209607773347e-01
2.450000000000000e+00	5.951713210495071e-01
2.450000000000000e+00	6.008773489304982e-01
2.450000000000000e+00	6.173776006512685e-01
2.450000000000000e+00	5.994167098792540e-01
2.450000000000000e+00	6.210753752577467e-01
2.450000000000000e+00	5.855259165884956e-01
2.450000000000000e+00	5.831469348938916e-01
2.450000000000000e+00	6.553694588046107e-01
2.450000000000000e+00	6.399243536192943e-01
2.450000000000000e+00	5.292079409607562e-01
2.450000000000000e+00	5.418055899812257e-01
2.450000000000000e+00	6.020856582238351e-01
2.450000000000000e+00	5.796145289566856e-01
2.450000000000000e+00	5.636761353636274e-01
2.450000000000000e+00	5.676837699756417e-01
2.450000000000000e+00	6.317785832444440e-01
2.450000000000000e+00	6.487544095423621e-01
2.450000000000000e+00	5.899031496397602e-01
2.450000000000000e+00	6.593252472105240e-01
2.450000000000000e+00	5.624704414928967e-01
2.450000000000000e+00	6.517573399758191e-01
2.450000000000000e+00	6.350493024615249e-01
2.450000000000000e+00	6.220728272590941e-01
2.450000000000000e+00	6.168084329528895e-01
2.450000000000000e+00	6.885369513625731e-01
2.450000000000000e+00	5.898551172492918e-01
2.450000000000000e+00	6.126565461798349e-01
2.450000000000000e+00	6.183031494327800e-01
2.450000000000000e+00	6.292156320047029e-01
2.450000000000000e+00	6.224279772735299e-01
2.450000000000000e+00	6.664116276851920e-01
2.450000000000000e+00	6.022844927997906e-01
2.450000000000000e+00	6.079367022803719e-01
2.450000000000000e+00	6.099043361546467e-01
2.450000000000000e+00	6.232266252180074e-01
2.450000000000000e+00	6.605410247875928e-01
2.450000000000000e+00	5.920513302610123e-01
2.450000000000000e+00	6.631105730055460e-01
2.450000000000000e+00	6.432562899427242e-01
2.450000000000000e+00	5.089930417448926e-01
2.450000000000000e+00	5.672908236789839e-01
2.450000000000000e+00	7.491795646636513e-01
2.450000000000000e+00	6.164991127685656e-01
2.450000000000000e+00	6.172946602750748e-01
2.450000000000000e+00	5.839136858102821e-01
2.450000000000000e+00	5.922465048142658e-01
2.450000000000000e+00	6.030605616217464e-01
2.450000000000000e+00	5.736737412687481e-01
2.450000000000000e+00	6.673155526715000e-01
2.450000000000000e+00	6.021432617205693e-01
2.450000000000000e+00	5.756066680346617e-01
2.450000000000000e+00	6.406249650193017e-01
2.450000000000000e+00	6.234569261493050e-01
2.450000000000000e+00	6.214497661821115e-01
2.450000000000000e+00	6.293106616978191e-01
2.450000000000000e+00	5.778095419157067e-01
2.450000000000000e+00	6.488502037174471e-01
2.450000000000000e+00	6.599955616815215e-01
2.450000000000000e+00	6.441957709263938e-01
2.450000000000000e+00	5.858732215806191e-01
2.450000000000000e+00	6.594818282652692e-01
2.450000000000000e+00	6.536959613031272e-01
2.450000000000000e+00	5.718400878240913e-01
2.450000000000000e+00	5.539163715539266e-01
2.450000000000000e+00	5.279075832710668e-01
2.450000000000000e+00	5.948481926764699e-01
2.450000000000000e+00	6.310750862222330e-01
2.450000000000000e+00	5.886884563670339e-01
2.450000000000000e+00	6.683304930118257e-01
2.450000000000000e+00	5.296121530297988e-01
2.450000000000000e+00	5.885855924014287e-01
2.450000000000000e+00	6.406780737154227e-01
2.450000000000000e+00	6.614464320164649e-01
2.450000000000000e+00	6.437701210477681e-01
2.450000000000000e+00	5.922240068071482e-01
2.450000000000000e+00	5.581599513035291e-01
2.450000000000000e+00	5.952489803110920e-01
2.450000000000000e+00	6.412631357662247e-01
2.450000000000000e+00	6.332713765643400e-01
2.450000000000000e+00	6.322707012665051e-01
2.450000000000000e+00	6.640850666728992e-01
2.450000000000000e+00	5.795213805107456e-01
2.450000000000000e+00	5.786990290340964e-01
2.450000000000000e+00	5.195615615814161e-01
2.450000000000000e+00	5.502907631572266e-01
2.450000000000000e+00	5.880001798847523e-01
2.450000000000000e+00	6.089744189652292e-01
2.450000000000000e+00	5.901763692363308e-01
2.450000000000000e+00	5.944407552025737e-01
2.450000000000000e+00	5.370824259202744e-01
2.450000000000000e+00	6.380845129524471e-01
2.450000000000000e+00	5.202421362359815e-01
2.450000000000000e+00	6.205844300637653e-01
2.450000000000000e+00	6.578757780718500e-01
2.450000000000000e+00	6.139434863993833e-01
2.450000000000000e+00	6.153742283371574e-01
2.450000000000000e+00	6.242879337712112e-01
2.450000000000000e+00	6.016677706447123e-01
2.450000000000000e+00	6.317041479833905e-01
2.450000000000000e+00	6.855045225471430e-01
2.450000000000000e+00	5.105886706703481e-01
2.450000000000000e+00	5.917564528248230e-01
2.450000000000000e+00	5.261508160676246e-01
2.450000000000000e+00	6.640076275883843e-01
2.450000000000000e+00	5.888265666736953e-01
2.450000000000000e+00	5.961450884026986e-01
2.450000000000000e+00	5.529269400833335e-01
2.450000000000000e+00	5.689874398909052e-01
2.450000000000000e+00	5.685018608745062e-01
2.450000000000000e+00	5.864104304808476e-01
2.450000000000000e+00	6.374271346943988e-01
2.450000000000000e+00	5.981426830783733e-01
2.450000000000000e+00	5.745988974500658e-01
2.450000000000000e+00	5.772701577252715e-01
2.450000000000000e+00	6.044318867528100e-01
2.450000000000000e+00	5.990456152816060e-01
2.450000000000000e+00	5.715478750597329e-01
2.450000000000000e+00	5.927937601388936e-01
2.450000000000000e+00	5.929363781911865e-01
2.450000000000000e+00	6.574647935652014e-01
2.450000000000000e+00	6.337166809852856e-01
2.450000000000000e+00	6.579857146544960e-01
2.450000000000000e+00	5.956263349295011e-01
2.450000000000000e+00	5.426200495635354e-01
2.450000000000000e+00	5.739271780643647e-01
2.450000000000000e+00	6.801163177833998e-01
2.450000000000000e+00	5.675525916395181e-01
2.450000000000000e+00	5.333505712578706e-01
2.450000000000000e+00	5.839536804826179e-01
2.450000000000000e+00	6.443276730340197e-01
2.450000000000000e+00	5.765091844909254e-01
2.450000000000000e+00	5.901288757947265e-01
2.450000000000000e+00	5.790889600174128e-01
2.450000000000000e+00	6.592637815126267e-01
2.450000000000000e+00	5.794195837466997e-01
2.450000000000000e+00	6.272668324950360e-01
2.450000000000000e+00	6.381637932949521e-01
2.450000000000000e+00	5.994717122109324e-01
2.450000000000000e+00	6.377237409245403e-01
2.450000000000000e+00	5.346527019851680e-01
2.450000000000000e+00	6.397331692609103e-01
2.450000000000000e+00	6.329068545634724e-01
2.450000000000000e+00	5.815939125760513e-01
2.450000000000000e+00	5.911416292458180e-01
2.450000000000000e+00	6.082080020413628e-01
2.450000000000000e+00	5.892847513233951e-01
2.450000000000000e+00	5.707449115570519e-01
2.450000000000000e+00	6.072810596860523e-01
2.450000000000000e+00	6.274439599101757e-01
2.450000000000000e+00	5.678917178091668e-01
2.450000000000000e+00	5.973448642482737e-01
2.450000000000000e+00	6.186921135892929e-01
2.450000000000000e+00	6.280938825326349e-01
2.450000000000000e+00	5.301036603326055e-01
2.450000000000000e+00	5.375943123891418e-01
2.450000000000000e+00	5.615594282871058e-01
2.450000000000000e+00	5.433950571853637e-01
2.450000000000000e+00	5.843924380802878e-01
2.450000000000000e+00	5.837490262553029e-01
2.450000000000000e+00	5.943863287414967e-01
2.450000000000000e+00	6.051150155910752e-01
2.450000000000000e+00	5.997672096424183e-01
2.450000000000000e+00	5.444770605261080e-01
2.450000000000000e+00	6.389946498435281e-01
2.450000000000000e+00	5.936604341979642e-01
2.450000000000000e+00	6.087994584776999e-01
2.450000000000000e+00	5.694754878160856e-01
2.450000000000000e+00	6.478664838344633e-01
2.450000000000000e+00	6.044016456631880e-01
2.450000000000000e+00	5.729970947580562e-01
2.450000000000000e+00	5.898109593870269e-01
2.450000000000000e+00	6.532423207837830e-01
2.450000000000000e+00	6.162291046576853e-01
2.450000000000000e+00	6.676388469609287e-01
2.450000000000000e+00	6.562345560313919e-01
2.450000000000000e+00	5.942637108400235e-01
2.450000000000000e+00	5.771878520533126e-01
2.450000000000000e+00	5.685780745150946e-01
2.450000000000000e+00	5.768780548652604e-01
2.450000000000000e+00	5.851770357568840e-01
2.450000000000000e+00	5.524851011889496e-01
2.450000000000000e+00	6.452273838676508e-01
2.450000000000000e+00	6.040880347259572e-01
2.450000000000000e+00	7.095737052602926e-01
2.450000000000000e+00	6.587992638382461e-01
2.450000000000000e+00	5.906152858221088e-01
2.450000000000000e+00	4.783835455728020e-01
2.450000000000000e+00	5.540342860024893e-01
2.450000000000000e+00	6.283059204408120e-01
2.450000000000000e+00	6.243100694819407e-01
2.450000000000000e+00	6.985786152464726e-01
2.450000000000000e+00	5.069487738891332e-01
2.450000000000000e+00	4.868520571178120e-01
2.450000000000000e+00	6.341804186165141e-01
2.450000000000000e+00	5.918575895773963e-01
2.450000000000000e+00	6.007349821732191e-01
2.450000000000000e+00	6.095646675988531e-01
2.450000000000000e+00	5.036215208309972e-01
2.450000000000000e+00	5.971603656827995e-01
2.450000000000000e+00	5.477762854617506e-01
2.450000000000000e+00	5.369818396154008e-01
2.450000000000000e+00	6.415545244848710e-01
2.450000000000000e+00	5.855001048994652e-01
2.450000000000000e+00	6.237730970506056e-01
2.450000000000000e+00	5.572421401334992e-01
2.450000000000000e+00	5.688742837557623e-01
2.450000000000000e+00	6.534764273089959e-01
2.450000000000000e+00	6.527623117674182e-01
2.450000000000000e+00	5.724847078581421e-01
2.450000000000000e+00	6.056862243228871e-01
2.450000000000000e+00	6.127298640772201e-01
2.450000000000000e+00	6.301868473557029e-01
2.450000000000000e+00	6.872732409526155e-01
2.450000000000000e+00	6.365375505827195e-01
2.450000000000000e+00	6.058724496651537e-01
2.450000000000000e+00	5.760053168972042e-01
2.450000000000000e+00	5.883761246727590e-01
2.450000000000000e+00	5.980973125169647e-01
2.450000000000000e+00	5.923437937734654e-01
2.450000000000000e+00	6.205555513617835e-01
2.450000000000000e+00	5.564678158742090e-01
2.450000000000000e+00	6.929070401581683e-01
2.450000000000000e+00	5.735936877804203e-01
2.450000000000000e+00	7.073080500510029e-01
2.450000000000000e+00	6.329541489093151e-01
2.450000000000000e+00	5.928343772436607e-01
2.450000000000000e+00	6.093613946620781e-01
2.450000000000000e+00	6.045443563108308e-01
2.450000000000000e+00	5.430454550545468e-01
2.450000000000000e+00	5.945876103048703e-01
2.450000000000000e+00	5.460615928076936e-01
2.450000000000000e+00	5.707171882553826e-01
2.450000000000000e+00	5.626001325758887e-01
2.450000000000000e+00	6.684813627674997e-01
2.450000000000000e+00	5.800094343453704e-01
2.450000000000000e+00	6.727756704685115e-01
2.450000000000000e+00	5.472302939626462e-01
2.450000000000000e+00	6.105112818357827e-01
2.450000000000000e+00	5.650737681348754e-01
2.450000000000000e+00	5.872380572991256e-01
2.450000000000000e+00	6.077875486615825e-01
2.450000000000000e+00	5.443153848792102e-01
2.450000000000000e+00	6.044507853600236e-01
2.450000000000000e+00	5.767724746418386e-01
2.450000000000000e+00	6.479750659939784e-01
2.450000000000000e+00	6.674692049771309e-01
2.450000000000000e+00	5.533966106344538e-01
2.450000000000000e+00	5.787035803423994e-01
2.450000000000000e+00	5.536779684938373e-01
2.450000000000000e+00	6.020100150186285e-01
2.450000000000000e+00	6.681656250954137e-01
2.450000000000000e+00	6.522250386770332e-01
2.450000000000000e+00	5.683619664770914e-01
2.450000000000000e+00	6.682648032483574e-01
2.450000000000000e+00	6.232448256196064e-01
2.450000000000000e+00	6.049172873944605e-01
2.450000000000000e+00	6.490762754924275e-01
2.450000000000000e+00	5.741016196119447e-01
2.450000000000000e+00	5.524115247755058e-01
2.450000000000000e+00	6.252844420960987e-01
2.450000000000000e+00	5.851244276290793e-01
2.450000000000000e+00	5.714834222516043e-01
2.450000000000000e+00	6.073080976099734e-01
2.450000000000000e+00	6.115732646614611e-01
2.450000000000000e+00	5.596047465406319e-01
2.450000000000000e+00	5.976878259050737e-01
2.450000000000000e+00	5.615827185054646e-01
2.450000000000000e+00	7.424675095278686e-01
2.450000000000000e+00	5.904793929386191e-01
2.450000000000000e+00	5.877282088116721e-01
2.450000000000000e+00	6.646591180382335e-01
2.450000000000000e+00	6.680014321688073e-01
2.450000000000000e+00	5.456987498226520e-01
2.450000000000000e+00	6.187419590337285e-01
2.450000000000000e+00	5.390239593833571e-01
2.450000000000000e+00	5.450862960746280e-01
2.450000000000000e+00	5.422446576282312e-01
2.450000000000000e+00	6.365843945597638e-01
2.450000000000000e+00	6.256270867541825e-01
2.450000000000000e+00	5.828744788158619e-01
2.450000000000000e+00	5.847057610269929e-01
2.450000000000000e+00	6.527907572751410e-01
2.450000000000000e+00	6.439489059520169e-01
2.450000000000000e+00	5.710949923954771e-01
2.450000000000000e+00	5.462288567221634e-01
2.450000000000000e+00	5.674765328986827e-01
2.450000000000000e+00	6.285472753880743e-01
2.450000000000000e+00	6.475232414353351e-01
2.450000000000000e+00	5.710116761079056e-01
2.450000000000000e+00	5.782252960786503e-01
2.450000000000000e+00	5.811522813255356e-01
2.450000000000000e+00	5.923725844634518e-01
2.450000000000000e+00	5.776282381783034e-01
2.450000000000000e+00	6.183605393554181e-01
2.450000000000000e+00	5.851720920297102e-01
2.450000000000000e+00	5.444376203577602e-01
2.450000000000000e+00	5.563416326762785e-01
2.450000000000000e+00	5.846701259322756e-01
2.450000000000000e+00	5.973888430325890e-01
2.450000000000000e+00	5.727312175686414e-01
2.450000000000000e+00	6.687714297827179e-01
2.450000000000000e+00	5.306133749738989e-01
2.450000000000000e+00	5.491073285440206e-01
2.450000000000000e+00	5.811116419874605e-01
2.450000000000000e+00	6.176422573890776e-01
2.450000000000000e+00	5.880939124117109e-01
2.450000000000000e+00	6.256366259489889e-01
2.450000000000000e+00	6.416782221744353e-01
2.450000000000000e+00	5.834152597978501e-01
2.450000000000000e+00	6.309192101942381e-01
2.450000000000000e+00	6.183308058517065e-01
2.450000000000000e+00	6.364508471427236e-01
2.450000000000000e+00	5.713964748185375e-01
2.450000000000000e+00	6.173630993885154e-01
2.450000000000000e+00	5.897492862808136e-01
2.450000000000000e+00	5.937545703036800e-01
2.450000000000000e+00	6.697151731066001e-01
2.450000000000000e+00	6.026473616643411e-01
2.450000000000000e+00	6.426404671779707e-01
2.450000000000000e+00	5.422897039948695e-01
2.450000000000000e+00	6.376483239026838e-01
2.450000000000000e+00	6.758764248072778e-01
2.450000000000000e+00	6.333616962526130e-01
2.450000000000000e+00	6.019377997629383e-01
2.450000000000000e+00	5.964061777708496e-01
2.450000000000000e+00	5.378694598483611e-01
2.450000000000000e+00	6.027783873115512e-01
2.450000000000000e+00	6.553274519099531e-01
2.450000000000000e+00	5.798341074056254e-01
2.450000000000000e+00	6.166440140608510e-01
2.450000000000000e+00	5.896258066919999e-01
2.450000000000000e+00	5.432191661402055e-01
2.450000000000000e+00	6.408235067851588e-01
2.450000000000000e+00	5.371115927506722e-01
2.450000000000000e+00	6.276981391316168e-01
2.450000000000000e+00	6.002690528816960e-01
2.450000000000000e+00	6.244873418674934e-01
2.450000000000000e+00	5.932195566036270e-01
2.450000000000000e+00	6.267911245701487e-01
2.450000000000000e+00	5.695441948014855e-01
2.450000000000000e+00	6.241282773325905e-01
2.450000000000000e+00	6.120476390729448e-01
2.450000000000000e+00	5.912214809628475e-01
2.450000000000000e+00	5.806205612163275e-01
2.450000000000000e+00	6.363334480680465e-01
2.450000000000000e+00	6.131695899226243e-01
2.450000000000000e+00	6.934512052939634e-01
2.450000000000000e+00	5.593845350326699e-01
2.450000000000000e+00	5.854264756994150e-01
2.450000000000000e+00	6.141283258668891e-01
2.450000000000000e+00	6.460479291372051e-01
2.450000000000000e+00	5.904306454551429e-01
2.450000000000000e+00	5.645820129093230e-01
2.450000000000000e+00	6.091191769471809e-01
2.450000000000000e+00	5.003266847074473e-01
2.450000000000000e+00	6.568183975068728e-01
2.450000000000000e+00	5.866564803466436e-01
2.450000000000000e+00	5.498063576052528e-01
2.450000000000000e+00	5.708286375030740e-01
2.450000000000000e+00	5.785093944333581e-01
2.450000000000000e+00	6.138386529319757e-01
2.450000000000000e+00	6.648130325621358e-01
2.450000000000000e+00	5.751124342114379e-01
2.450000000000000e+00	6.571580057381815e-01
2.450000000000000e+00	6.663419280685413e-01
2.450000000000000e+00	6.207092333881973e-01
2.450000000000000e+00	5.470741353904669e-01
2.450000000000000e+00	6.341067339430686e-01
2.450000000000000e+00	5.489059022006603e-01
2.450000000000000e+00	6.466458987709944e-01
2.450000000000000e+00	6.047315922557157e-01
2.450000000000000e+00	6.146197382280512e-01
2.450000000000000e+00	5.685077037454014e-01
2.450000000000000e+00	5.059973040073771e-01
2.450000000000000e+00	6.145366692874982e-01
2.450000000000000e+00	5.955010887509450e-01
2.450000000000000e+00	5.790212073506802e-01
2.450000000000000e+00	6.023450657961513e-01
2.450000000000000e+00	6.022143643577033e-01
2.450000000000000e+00	5.374170231048031e-01
2.450000000000000e+00	6.440204296119226e-01
2.450000000000000e+00	6.161973801401730e-01
2.450000000000000e+00	5.795950307091038e-01
2.450000000000000e+00	5.734231507919049e-01
2.450000000000000e+00	6.274010310828322e-01
2.450000000000000e+00	5.142794721818779e-01
2.450000000000000e+00	6.612142181536134e-01
2.450000000000000e+00	6.132234831241932e-01
2.450000000000000e+00	5.580153854501363e-01
2.450000000000000e+00	5.033643614187689e-01
2.450000000000000e+00	5.448811357680429e-01
2.450000000000000e+00	5.403346572493848e-01
2.450000000000000e+00	6.213862448757216e-01
2.450000000000000e+00	6.147804266414694e-01
2.450000000000000e+00	5.770549214493252e-01
2.450000000000000e+00	6.510652183851100e-01
2.450000000000000e+00	5.227939577901659e-01
2.450000000000000e+00	5.959854917539457e-01
2.450000000000000e+00	6.379830747734373e-01
2.450000000000000e+00	5.835084961361369e-01
2.450000000000000e+00	5.675794484373735e-01
2.450000000000000e+00	6.045060032674680e-01
2.450000000000000e+00	6.270960278515477e-01
2.450000000000000e+00	6.295210302367308e-01
2.450000000000000e+00	6.088999554705019e-01
2.450000000000000e+00	5.801354753982352e-01
2.450000000000000e+00	6.192803274724942e-01
2.450000000000000e+00	5.485096224221969e-01
2.450000000000000e+00	5.877470670396054e-01
2.450000000000000e+00	5.949126202456133e-01
2.450000000000000e+00	5.599765905287183e-01
2.450000000000000e+00	6.182319819278331e-01
2.450000000000000e+00	6.200008760053469e-01
2.450000000000000e+00	6.613121381744282e-01
2.450000000000000e+00	6.367105576205538e-01
2.450000000000000e+00	6.170228702846003e-01
2.450000000000000e+00	5.949106114048511e-01
2.450000000000000e+00	6.498508032537225e-01
2.450000000000000e+00	6.614502062616129e-01
2.450000000000000e+00	5.413939762857731e-01
2.450000000000000e+00	5.919954603768304e-01
2.450000000000000e+00	6.363701324574403e-01
2.450000000000000e+00	5.927763789449991e-01
2.450000000000000e+00	6.331102031421779e-01
2.450000000000000e+00	5.811502870346158e-01
2.450000000000000e+00	6.156907567895785e-01
2.450000000000000e+00	6.037599371193543e-01
2.450000000000000e+00	5.597589850532171e-01
2.450000000000000e+00	6.629856496682326e-01
2.450000000000000e+00	6.160807729278724e-01
2.450000000000000e+00	5.621552792992209e-01
2.450000000000000e+00	6.412672052025093e-01
2.450000000000000e+00	6.169455718051762e-01
2.450000000000000e+00	5.102130085946965e-01
2.450000000000000e+00	5.983226473997870e-01
2.450000000000000e+00	5.223408179862451e-01
2.450000000000000e+00	5.915498248699541e-01
2.450000000000000e+00	5.481870699572788e-01
2.450000000000000e+00	5.262133931407198e-01
2.450000000000000e+00	6.410408014830606e-01
2.450000000000000e+00	5.760049175354569e-01
2.450000000000000e+00	6.024980615542219e-01
2.450000000000000e+00	5.955240167292467e-01
2.450000000000000e+00	5.813945888002208e-01
2.450000000000000e+00	6.078969012341043e-01
2.450000000000000e+00	6.358531571171943e-01
2.450000000000000e+00	5.960312552063211e-01
2.450000000000000e+00	6.767852343162869e-01
2.450000000000000e+00	6.229149528246199e-01
2.450000000000000e+00	6.527415217694292e-01
2.450000000000000e+00	6.591016728433006e-01
2.450000000000000e+00	5.945928199242048e-01
2.450000000000000e+00	5.948438725145776e-01
2.450000000000000e+00	6.353801598010124e-01
2.450000000000000e+00	6.470762908379426e-01
2.450000000000000e+00	5.853216589588126e-01
2.450000000000000e+00	6.257627300760086e-01
2.450000000000000e+00	5.308406074506502e-01
2.450000000000000e+00	6.535566953730304e-01
2.450000000000000e+00	5.727997120445129e-01
2.450000000000000e+00	5.799586191449404e-01
2.450000000000000e+00	6.259568430341778e-01
2.450000000000000e+00	5.789548449471760e-01
2.450000000000000e+00	4.952528395390209e-01
2.450000000000000e+00	6.170195437294719e-01
2.450000000000000e+00	6.315693482900837e-01
2.450000000000000e+00	6.210272423076156e-01
2.450000000000000e+00	5.426445839607197e-01
2.450000000000000e+00	6.125753413167451e-01
2.450000000000000e+00	6.664811901738646e-01
2.450000000000000e+00	5.316315118267009e-01
2.450000000000000e+00	6.422314273714791e-01
2.450000000000000e+00	7.120665216811493e-01
2.450000000000000e+00	6.234375574468987e-01
2.450000000000000e+00	5.688971842021904e-01
2.450000000000000e+00	6.405245062874091e-01
2.450000000000000e+00	7.045893120379210e-01
2.450000000000000e+00	5.663520969809577e-01
2.450000000000000e+00	6.575862609446709e-01
2.450000000000000e+00	5.727724731102639e-01
2.450000000000000e+00	5.742319917177153e-01
2.450000000000000e+00	6.315352490263717e-01
2.450000000000000e+00	6.370235049197730e-01
2.450000000000000e+00	6.195738592497118e-01
2.450000000000000e+00	6.197411220690101e-01
2.450000000000000e+00	6.210358024732962e-01
2.450000000000000e+00	6.198841574767021e-01
2.450000000000000e+00	5.952709173542898e-01
2.450000000000000e+00	6.209233568984297e-01
2.450000000000000e+00	5.899500875664853e-01
2.450000000000000e+00	6.455999468998267e-01
2.450000000000000e+00	5.897845328546707e-01
2.450000000000000e+00	5.931509879149276e-01
2.450000000000000e+00	6.526040748329748e-01
2.450000000000000e+00	5.912545363351989e-01
2.450000000000000e+00	6.014294733868801e-01
2.450000000000000e+00	5.404176081418878e-01
2.450000000000000e+00	5.890004461520626e-01
2.450000000000000e+00	6.259563262704069e-01
2.450000000000000e+00	6.761383756314112e-01
2.450000000000000e+00	6.087860871428334e-01
2.450000000000000e+00	5.805816233532677e-01
2.450000000000000e+00	6.050731570790796e-01
2.450000000000000e+00	6.596129255996837e-01
2.450000000000000e+00	5.928619640900081e-01
2.450000000000000e+00	5.945830243817429e-01
2.450000000000000e+00	5.325484651845285e-01
2.450000000000000e+00	5.900961403115808e-01
2.450000000000000e+00	5.448611145987761e-01
2.450000000000000e+00	5.857230374116358e-01
2.450000000000000e+00	5.925836990381654e-01
2.450000000000000e+00	5.624838644827833e-01
2.450000000000000e+00	6.219363273324916e-01
2.450000000000000e+00	5.366966086650921e-01
2.450000000000000e+00	5.305718383587159e-01
2.450000000000000e+00	6.727461100651111e-01
2.450000000000000e+00	6.291950042037749e-01
2.450000000000000e+00	6.991391349782833e-01
2.450000000000000e+00	5.607890217717937e-01
2.450000000000000e+00	5.335555946903782e-01
2.450000000000000e+00	6.351836242470434e-01
2.450000000000000e+00	6.639919852153973e-01
2.450000000000000e+00	6.100903623485344e-01
2.450000000000000e+00	5.996977487211632e-01
2.450000000000000e+00	5.616500089072496e-01
2.450000000000000e+00	5.936367654839777e-01
2.450000000000000e+00	5.474615619992514e-01
2.450000000000000e+00	5.951030353973459e-01
2.450000000000000e+00	6.051508980812912e-01
2.450000000000000e+00	6.143427342236177e-01
2.450000000000000e+00	6.448612547755694e-01
2.450000000000000e+00	6.007457502810544e-01
2.450000000000000e+00	6.399172408655656e-01
2.450000000000000e+00	6.050641682950414e-01
2.450000000000000e+00	5.657367882747377e-01
2.450000000000000e+00	5.485874850920088e-01
2.450000000000000e+00	5.363363327080555e-01
2.450000000000000e+00	5.735732190824363e-01
2.450000000000000e+00	5.878127007577930e-01
2.450000000000000e+00	6.180596128832108e-01
2.450000000000000e+00	6.543760453212273e-01
2.450000000000000e+00	5.440762501257774e-01
2.450000000000000e+00	5.722723959181834e-01
2.450000000000000e+00	6.880557718625125e-01
2.450000000000000e+00	6.989595893673186e-01
2.450000000000000e+00	6.521220440422613e-01
2.450000000000000e+00	6.592452093552804e-01
2.450000000000000e+00	5.682313301349400e-01
2.450000000000000e+00	5.621936713475706e-01
2.450000000000000e+00	5.430599813533602e-01
2.450000000000000e+00	6.080396201760060e-01
2.450000000000000e+00	6.280423632494924e-01
2.450000000000000e+00	5.533072502721984e-01
2.450000000000000e+00	5.816008810095880e-01
2.450000000000000e+00	6.692064845598704e-01
2.450000000000000e+00	6.197626599470685e-01
2.450000000000000e+00	5.436382632833239e-01
2.450000000000000e+00	5.643753005072024e-01
2.450000000000000e+00	5.909099817870852e-01
2.450000000000000e+00	6.421239006917350e-01
2.450000000000000e+00	6.022364869117852e-01
2.450000000000000e+00	5.795558544232161e-01
2.450000000000000e+00	5.872094500494509e-01
2.450000000000000e+00	6.133454651976218e-01
2.450000000000000e+00	5.717919730799724e-01
2.450000000000000e+00	5.938208373568986e-01
2.450000000000000e+00	7.036358488072869e-01
2.450000000000000e+00	6.843663347726708e-01
2.450000000000000e+00	6.511013192595462e-01
2.450000000000000e+00	5.508991748347369e-01
2.450000000000000e+00	4.525409342239817e-01
2.450000000000000e+00	5.868042096195902e-01
2.450000000000000e+00	4.839234361268740e-01
2.450000000000000e+00	4.870361116905899e-01
2.450000000000000e+00	5.695723262901027e-01
2.450000000000000e+00	5.504964513170683e-01
2.450000000000000e+00	5.307650688869632e-01
2.450000000000000e+00	5.593081765775667e-01
2.450000000000000e+00	6.164224835488880e-01
2.450000000000000e+00	6.709090347743245e-01
2.450000000000000e+00	6.122534117093010e-01
2.450000000000000e+00	6.290817815234067e-01
2.450000000000000e+00	5.606379373141598e-01
2.450000000000000e+00	6.613334375184312e-01
2.450000000000000e+00	6.469685733065070e-01
2.450000000000000e+00	5.502485291525887e-01
2.450000000000000e+00	5.534566327408293e-01
2.450000000000000e+00	5.808823986607323e-01
2.450000000000000e+00	5.936926648909593e-01
2.450000000000000e+00	5.896182331243934e-01
2.450000000000000e+00	6.332906458265848e-01
2.450000000000000e+00	6.445850566296543e-01
2.450000000000000e+00	4.905412004481674e-01
2.450000000000000e+00	6.053185750853787e-01
2.450000000000000e+00	6.128672594925332e-01
2.450000000000000e+00	5.863846798364117e-01
2.450000000000000e+00	4.988273466477177e-01
2.450000000000000e+00	5.992688903806482e-01
2.450000000000000e+00	6.337192479842388e-01
2.450000000000000e+00	5.453815919892125e-01
2.450000000000000e+00	5.640642130753409e-01
2.450000000000000e+00	6.293280731086880e-01
2.450000000000000e+00	6.233118529867324e-01
2.450000000000000e+00	6.714207220541090e-01
2.450000000000000e+00	6.085183962692479e-01
2.450000000000000e+00	6.525561609334430e-01
2.450000000000000e+00	5.499793091998242e-01
2.450000000000000e+00	4.946168015850860e-01
2.450000000000000e+00	6.302504607181025e-01
2.450000000000000e+00	5.529082469698541e-01
2.450000000000000e+00	6.189970656175484e-01
2.450000000000000e+00	6.037520965454745e-01
2.450000000000000e+00	6.081213238810094e-01
2.450000000000000e+00	6.435157258609325e-01
2.450000000000000e+00	5.328496442045040e-01
2.450000000000000e+00	5.880957784070915e-01
2.450000000000000e+00	6.008758569373177e-01
2.450000000000000e+00	6.059242486281895e-01
2.450000000000000e+00	6.378199131310316e-01
2.450000000000000e+00	6.015676921140065e-01
2.450000000000000e+00	6.356174531206052e-01
2.450000000000000e+00	5.822206418207324e-01
2.450000000000000e+00	6.270208926761394e-01
2.450000000000000e+00	6.016911252130871e-01
2.450000000000000e+00	5.233871398356794e-01
2.450000000000000e+00	5.862599166329050e-01
2.450000000000000e+00	5.789411688984305e-01
2.450000000000000e+00	5.474226015414529e-01
2.450000000000000e+00	4.670112028309906e-01
2.450000000000000e+00	6.463601022665865e-01
2.450000000000000e+00	6.430848840124793e-01
2.450000000000000e+00	6.457038396124503e-01
2.450000000000000e+00	6.170571353037988e-01
2.450000000000000e+00	6.234711919684535e-01
2.450000000000000e+00	6.709448057018297e-01
2.450000000000000e+00	6.034025283709428e-01
2.450000000000000e+00	6.376753312597779e-01
2.450000000000000e+00	7.308975224170703e-01
2.450000000000000e+00	5.257156473105040e-01
2.450000000000000e+00	6.793531067768679e-01
2.450000000000000e+00	5.368583862645067e-01
2.450000000000000e+00	6.131910057667068e-01
2.450000000000000e+00	6.098241662838825e-01
2.450000000000000e+00	6.406733207178449e-01
2.450000000000000e+00	6.178760612062030e-01
2.450000000000000e+00	6.052740443638770e-01
2.450000000000000e+00	6.113768112961704e-01
2.450000000000000e+00	6.567084891010531e-01
2.450000000000000e+00	6.652331119049675e-01
2.450000000000000e+00	5.424776596403659e-01
2.450000000000000e+00	5.899537432800732e-01
2.450000000000000e+00	5.298179771787728e-01
2.450000000000000e+00	6.237369101168496e-01
2.450000000000000e+00	6.554263717554420e-01
2.450000000000000e+00	5.443976465822566e-01
2.450000000000000e+00	6.221449089310132e-01
2.450000000000000e+00	5.621789533327201e-01
2.450000000000000e+00	5.737473630023795e-01
2.450000000000000e+00	5.330081817592068e-01
2.450000000000000e+00	4.778604162616766e-01
2.450000000000000e+00	6.540107864005171e-01
2.450000000000000e+00	5.051620410902279e-01
2.450000000000000e+00	5.356984776914641e-01
2.450000000000000e+00	6.974807644689686e-01
2.450000000000000e+00	5.364218946123825e-01
2.450000000000000e+00	5.627116682458662e-01
2.450000000000000e+00	6.838370135710631e-01
2.450000000000000e+00	6.410453602443114e-01
2.450000000000000e+00	6.071302522473002e-01
2.450000000000000e+00	5.108735324714951e-01
2.450000000000000e+00	5.825451355414381e-01
2.450000000000000e+00	5.339346761791066e-01
2.450000000000000e+00	6.491433612473317e-01
2.450000000000000e+00	5.643103767806787e-01
2.450000000000000e+00	5.879604276641387e-01
2.450000000000000e+00	5.233100464711751e-01
2.450000000000000e+00	5.947809311614440e-01
2.450000000000000e+00	5.219031169047538e-01
2.450000000000000e+00	5.417380677900824e-01
2.450000000000000e+00	6.691939010593219e-01
2.450000000000000e+00	6.681318029788433e-01
2.450000000000000e+00	5.312061685969496e-01
2.450000000000000e+00	6.523327917673509e-01
2.450000000000000e+00	5.979745966156164e-01
2.450000000000000e+00	5.334203581246088e-01
2.450000000000000e+00	6.761053934089227e-01
2.450000000000000e+00	5.541647985405902e-01
2.450000000000000e+00	6.795352925463846e-01
2.450000000000000e+00	5.668203834520253e-01
2.450000000000000e+00	5.785370004149987e-01
2.450000000000000e+00	6.522643568139218e-01
2.450000000000000e+00	5.563368293983024e-01
2.450000000000000e+00	5.969418605158878e-01
2.450000000000000e+00	5.140136579594123e-01
2.450000000000000e+00	5.480956175487501e-01
2.450000000000000e+00	6.854800377178127e-01
2.450000000000000e+00	6.331897267266103e-01
2.450000000000000e+00	5.336133377102280e-01
2.450000000000000e+00	6.441323278012074e-01
2.450000000000000e+00	5.871901039275763e-01
2.450000000000000e+00	5.756763889175907e-01
2.450000000000000e+00	5.788386344414008e-01
2.450000000000000e+00	6.412312531255576e-01
2.450000000000000e+00	5.820792470544349e-01
2.450000000000000e+00	5.738529712598979e-01
2.450000000000000e+00	6.386889602138239e-01
2.450000000000000e+00	6.097712788602131e-01
2.450000000000000e+00	6.059378469554870e-01
2.450000000000000e+00	5.943353437988392e-01
2.450000000000000e+00	6.267347854504891e-01
2.450000000000000e+00	5.978059824351307e-01
2.450000000000000e+00	5.620506253856793e-01
2.450000000000000e+00	5.448392817792239e-01
2.450000000000000e+00	6.493162077799779e-01
2.450000000000000e+00	5.237994722516957e-01
2.450000000000000e+00	6.428671192848109e-01
2.450000000000000e+00	6.148354623324325e-01
2.450000000000000e+00	6.034399760092957e-01
2.450000000000000e+00	6.522357477292146e-01
2.450000000000000e+00	6.265770851505715e-01
2.450000000000000e+00	6.022803123783073e-01
2.450000000000000e+00	5.838941348115250e-01
2.450000000000000e+00	5.680992939791600e-01
2.450000000000000e+00	6.193397759155739e-01
2.450000000000000e+00	6.027973388655005e-01
2.450000000000000e+00	5.938732138294345e-01
2.450000000000000e+00	5.452780336039981e-01
2.450000000000000e+00	5.668721511532361e-01
2.450000000000000e+00	6.744436344372750e-01
2.450000000000000e+00	6.208113889006640e-01
2.450000000000000e+00	5.586279956692749e-01
