3.750000000000000e+00	7.837636619109494e-01
3.750000000000000e+00	8.096614554054645e-01
3.750000000000000e+00	8.186854616409749e-01
3.750000000000000e+00	7.899085138749797e-01
3.750000000000000e+00	8.099639721100979e-01
3.750000000000000e+00	7.779202631599912e-01
3.750000000000000e+00	8.432548952784080e-01
3.750000000000000e+00	7.892906790468991e-01
3.750000000000000e+00	7.730326847787161e-01
3.750000000000000e+00	7.579863701433900e-01
3.750000000000000e+00	8.149440325489459e-01
3.750000000000000e+00	8.247654744773407e-01
3.750000000000000e+00	8.154764647329713e-01
3.750000000000000e+00	8.048785757459452e-01
3.750000000000000e+00	7.853677591945050e-01
3.750000000000000e+00	7.833824954572760e-01
3.750000000000000e+00	7.948044775307690e-01
3.750000000000000e+00	8.132419347666103e-01
3.750000000000000e+00	7.918953085131751e-01
3.750000000000000e+00	7.771360096557386e-01
3.750000000000000e+00	7.231217523395503e-01
3.750000000000000e+00	7.989783320158279e-01
3.750000000000000e+00	7.700828130278351e-01
3.750000000000000e+00	7.876438683209567e-01
3.750000000000000e+00	7.997980416602191e-01
3.750000000000000e+00	7.545643089460409e-01
3.750000000000000e+00	8.049514175695984e-01
3.750000000000000e+00	7.416184799289699e-01
3.750000000000000e+00	7.367702993578624e-01
3.750000000000000e+00	7.876761243280275e-01
3.750000000000000e+00	7.788244781839722e-01
3.750000000000000e+00	7.647232060312835e-01
3.750000000000000e+00	7.784343698628107e-01
3.750000000000000e+00	7.543663104678243e-01
3.750000000000000e+00	7.434059996938451e-01
3.750000000000000e+00	7.477066056160128e-01
3.750000000000000e+00	7.629884543831692e-01
3.750000000000000e+00	7.806385674676521e-01
3.750000000000000e+00	7.762812785073084e-01
3.750000000000000e+00	8.003498743085096e-01
3.750000000000000e+00	7.623974327616885e-01
3.750000000000000e+00	7.706265552082699e-01
3.750000000000000e+00	7.894112686053737e-01
3.750000000000000e+00	7.647585389748071e-01
3.750000000000000e+00	7.945168967851619e-01
3.750000000000000e+00	7.633221501001128e-01
3.750000000000000e+00	7.788462866234337e-01
3.750000000000000e+00	7.900508007746383e-01
3.750000000000000e+00	8.314450600810662e-01
3.750000000000000e+00	8.010261771230955e-01
3.750000000000000e+00	7.839834802478133e-01
3.750000000000000e+00	8.059687318973674e-01
3.750000000000000e+00	8.325140955962151e-01
3.750000000000000e+00	7.969486732822523e-01
3.750000000000000e+00	7.712410382182989e-01
3.750000000000000e+00	7.910362312030500e-01
3.750000000000000e+00	7.776558308185862e-01
3.750000000000000e+00	8.037038452226373e-01
3.750000000000000e+00	7.900425772710136e-01
3.750000000000000e+00	8.198008785523753e-01
3.750000000000000e+00	7.889928702367535e-01
3.750000000000000e+00	7.620556687056665e-01
3.750000000000000e+00	7.607247242981305e-01
3.750000000000000e+00	7.658990930598822e-01
3.750000000000000e+00	8.302448192046992e-01
3.750000000000000e+00	8.284569359769047e-01
3.750000000000000e+00	7.831261380888399e-01
3.750000000000000e+00	8.323118654966699e-01
3.750000000000000e+00	7.880915706189131e-01
3.750000000000000e+00	8.201964648095547e-01
3.750000000000000e+00	8.523571029370494e-01
3.750000000000000e+00	7.770698548017889e-01
3.750000000000000e+00	7.714130571979252e-01
3.750000000000000e+00	7.425610998243736e-01
3.750000000000000e+00	7.586492197703545e-01
3.750000000000000e+00	7.949482349200501e-01
3.750000000000000e+00	7.685367509098071e-01
3.750000000000000e+00	7.759414553573077e-01
3.750000000000000e+00	8.062752748247107e-01
3.750000000000000e+00	7.974191040075438e-01
3.750000000000000e+00	7.535388039889335e-01
3.750000000000000e+00	7.926941203205164e-01
3.750000000000000e+00	7.590852128795594e-01
3.750000000000000e+00	7.690980152912640e-01
3.750000000000000e+00	7.737254968839352e-01
3.750000000000000e+00	7.170537199899193e-01
3.750000000000000e+00	7.716253975098725e-01
3.750000000000000e+00	7.918885392731896e-01
3.750000000000000e+00	7.408065747737959e-01
3.750000000000000e+00	7.930845530794882e-01
3.750000000000000e+00	7.397642212736457e-01
3.750000000000000e+00	7.639355448794302e-01
3.750000000000000e+00	7.571380753872046e-01
3.750000000000000e+00	7.444867678387259e-01
3.750000000000000e+00	8.031818497549221e-01
3.750000000000000e+00	7.975018541867540e-01
3.750000000000000e+00	7.588064645875141e-01
3.750000000000000e+00	7.751818391533254e-01
3.750000000000000e+00	7.405537253901429e-01
3.750000000000000e+00	7.689432656517530e-01
3.750000000000000e+00	7.827158741458706e-01
3.750000000000000e+00	7.936639766805551e-01
3.750000000000000e+00	8.415883802902147e-01
3.750000000000000e+00	7.830310629919907e-01
3.750000000000000e+00	7.579578937241552e-01
3.750000000000000e+00	8.257901597032171e-01
3.750000000000000e+00	7.622717067549940e-01
3.750000000000000e+00	7.148308897677587e-01
3.750000000000000e+00	7.216894299495163e-01
3.750000000000000e+00	7.624829748327693e-01
3.750000000000000e+00	8.125127228055739e-01
3.750000000000000e+00	8.159377561658584e-01
3.750000000000000e+00	7.900469798297680e-01
3.750000000000000e+00	7.411861912476695e-01
3.750000000000000e+00	7.626969132008888e-01
3.750000000000000e+00	7.909949731464840e-01
3.750000000000000e+00	7.945380610941608e-01
3.750000000000000e+00	8.044697032658038e-01
3.750000000000000e+00	7.970101370307481e-01
3.750000000000000e+00	7.668393023885417e-01
3.750000000000000e+00	7.926439579162931e-01
3.750000000000000e+00	7.990399025761729e-01
3.750000000000000e+00	7.906488437632482e-01
3.750000000000000e+00	7.731832489196068e-01
3.750000000000000e+00	7.955109652373767e-01
3.750000000000000e+00	7.717621570811908e-01
3.750000000000000e+00	8.343235902727527e-01
3.750000000000000e+00	7.897084488354215e-01
3.750000000000000e+00	7.574424595179672e-01
3.750000000000000e+00	8.209374179094301e-01
3.750000000000000e+00	8.099888420023773e-01
3.750000000000000e+00	7.918411964694767e-01
3.750000000000000e+00	7.984431461458082e-01
3.750000000000000e+00	7.128521650480329e-01
3.750000000000000e+00	7.664696246015467e-01
3.750000000000000e+00	8.196139099481905e-01
3.750000000000000e+00	8.173259983905488e-01
3.750000000000000e+00	7.629881025119722e-01
3.750000000000000e+00	7.917659049405286e-01
3.750000000000000e+00	7.378706666840569e-01
3.750000000000000e+00	7.675641069958448e-01
3.750000000000000e+00	7.694443998295341e-01
3.750000000000000e+00	8.200657959702187e-01
3.750000000000000e+00	8.087480808343314e-01
3.750000000000000e+00	7.910537244612104e-01
3.750000000000000e+00	8.251184040386705e-01
3.750000000000000e+00	7.622123475473340e-01
3.750000000000000e+00	7.649808228554714e-01
3.750000000000000e+00	7.860207256640785e-01
3.750000000000000e+00	7.532550961262160e-01
3.750000000000000e+00	7.680593461953804e-01
3.750000000000000e+00	7.734836007414441e-01
3.750000000000000e+00	7.918674361600553e-01
3.750000000000000e+00	7.840449203003913e-01
3.750000000000000e+00	7.566631601379623e-01
3.750000000000000e+00	7.697246520051145e-01
3.750000000000000e+00	7.603277097335753e-01
3.750000000000000e+00	7.556774033749112e-01
3.750000000000000e+00	7.671498741852399e-01
3.750000000000000e+00	7.897802798382636e-01
3.750000000000000e+00	7.512259206243118e-01
3.750000000000000e+00	7.602643826113512e-01
3.750000000000000e+00	7.701799048278694e-01
3.750000000000000e+00	7.588453670075206e-01
3.750000000000000e+00	7.639738829792592e-01
3.750000000000000e+00	7.690122726027514e-01
3.750000000000000e+00	7.472560557537823e-01
3.750000000000000e+00	7.642499751067180e-01
3.750000000000000e+00	7.850524393871821e-01
3.750000000000000e+00	7.800572683115301e-01
3.750000000000000e+00	7.770185949502497e-01
3.750000000000000e+00	7.446446889671002e-01
3.750000000000000e+00	7.762491681140561e-01
3.750000000000000e+00	7.610115141491574e-01
3.750000000000000e+00	7.594977046402337e-01
3.750000000000000e+00	7.955338660757417e-01
3.750000000000000e+00	7.737595597946061e-01
3.750000000000000e+00	7.819585665200469e-01
3.750000000000000e+00	7.734168618871388e-01
3.750000000000000e+00	8.232747624553639e-01
3.750000000000000e+00	7.839902839804627e-01
3.750000000000000e+00	7.662486650098190e-01
3.750000000000000e+00	7.920033566646172e-01
3.750000000000000e+00	7.759456256536854e-01
3.750000000000000e+00	7.883513180732299e-01
3.750000000000000e+00	8.079342697988634e-01
3.750000000000000e+00	8.067368598787182e-01
3.750000000000000e+00	7.109133514834007e-01
3.750000000000000e+00	7.845693511880297e-01
3.750000000000000e+00	7.900511693272588e-01
3.750000000000000e+00	7.768383470838188e-01
3.750000000000000e+00	8.009120119934109e-01
3.750000000000000e+00	7.942256185703428e-01
3.750000000000000e+00	8.192086673847102e-01
3.750000000000000e+00	8.028104404723355e-01
3.750000000000000e+00	8.128944646133912e-01
3.750000000000000e+00	7.760560351159262e-01
3.750000000000000e+00	7.144230838310077e-01
3.750000000000000e+00	7.816567399799706e-01
3.750000000000000e+00	8.590252393563106e-01
3.750000000000000e+00	7.769320565910182e-01
3.750000000000000e+00	8.105635652053608e-01
3.750000000000000e+00	7.283495916140001e-01
3.750000000000000e+00	8.211094626229863e-01
3.750000000000000e+00	7.876541454707788e-01
3.750000000000000e+00	7.293239948303825e-01
3.750000000000000e+00	7.980024370747645e-01
3.750000000000000e+00	7.993444544783528e-01
3.750000000000000e+00	7.967166945744885e-01
3.750000000000000e+00	7.853126948051468e-01
3.750000000000000e+00	7.911555604428055e-01
3.750000000000000e+00	7.858580354275583e-01
3.750000000000000e+00	7.616385872994789e-01
3.750000000000000e+00	7.962700555640567e-01
3.750000000000000e+00	8.016894765249687e-01
3.750000000000000e+00	7.944841930450670e-01
3.750000000000000e+00	7.713626625003912e-01
3.750000000000000e+00	7.769743053229506e-01
3.750000000000000e+00	7.925196175315703e-01
3.750000000000000e+00	7.626902934381440e-01
3.750000000000000e+00	7.285817488279177e-01
3.750000000000000e+00	7.505139161063116e-01
3.750000000000000e+00	8.288136164671890e-01
3.750000000000000e+00	7.668680299253859e-01
3.750000000000000e+00	7.512749010928065e-01
3.750000000000000e+00	8.039783866247631e-01
3.750000000000000e+00	7.662563433034608e-01
3.750000000000000e+00	7.679391983492206e-01
3.750000000000000e+00	7.788049338669605e-01
3.750000000000000e+00	7.769746575394417e-01
3.750000000000000e+00	7.746553287647726e-01
3.750000000000000e+00	7.985387202962079e-01
3.750000000000000e+00	7.652624683204450e-01
3.750000000000000e+00	7.874686024708458e-01
3.750000000000000e+00	7.801594666896126e-01
3.750000000000000e+00	7.585735366614028e-01
3.750000000000000e+00	7.995461819557121e-01
3.750000000000000e+00	7.745426347448761e-01
3.750000000000000e+00	7.564020451402036e-01
3.750000000000000e+00	7.627293056392904e-01
3.750000000000000e+00	7.888980993066855e-01
3.750000000000000e+00	7.756677853795428e-01
3.750000000000000e+00	7.773055695558367e-01
3.750000000000000e+00	7.608461852244358e-01
3.750000000000000e+00	7.878581617824608e-01
3.750000000000000e+00	7.696232213413378e-01
3.750000000000000e+00	7.394168797387650e-01
3.750000000000000e+00	7.393416755255924e-01
3.750000000000000e+00	7.856944298125308e-01
3.750000000000000e+00	8.054223149332714e-01
3.750000000000000e+00	7.351786891872419e-01
3.750000000000000e+00	7.598016611695571e-01
3.750000000000000e+00	7.690209460559172e-01
3.750000000000000e+00	7.988343708062301e-01
3.750000000000000e+00	7.767502904752120e-01
3.750000000000000e+00	7.347804615202177e-01
3.750000000000000e+00	7.912010491340663e-01
3.750000000000000e+00	7.462743950921112e-01
3.750000000000000e+00	7.733536517367328e-01
3.750000000000000e+00	8.204940244908479e-01
3.750000000000000e+00	8.053509892033928e-01
3.750000000000000e+00	7.841358169083041e-01
3.750000000000000e+00	7.542256136108887e-01
3.750000000000000e+00	7.940596203382814e-01
3.750000000000000e+00	7.539607624666753e-01
3.750000000000000e+00	7.753039497619393e-01
3.750000000000000e+00	7.458289703827427e-01
3.750000000000000e+00	7.583241881136870e-01
3.750000000000000e+00	7.822276344649963e-01
3.750000000000000e+00	7.837704160413311e-01
3.750000000000000e+00	7.272742510214252e-01
3.750000000000000e+00	7.522620982484006e-01
3.750000000000000e+00	8.160161568548487e-01
3.750000000000000e+00	8.100922735876899e-01
3.750000000000000e+00	7.902143679806202e-01
3.750000000000000e+00	7.693690641639154e-01
3.750000000000000e+00	8.270600550337092e-01
3.750000000000000e+00	7.467110628862470e-01
3.750000000000000e+00	7.286173967182878e-01
3.750000000000000e+00	7.672552830538402e-01
3.750000000000000e+00	7.475208395007775e-01
3.750000000000000e+00	7.626733764575903e-01
3.750000000000000e+00	7.521225038418994e-01
3.750000000000000e+00	7.608164338664226e-01
3.750000000000000e+00	8.073425327837688e-01
3.750000000000000e+00	8.246876697567476e-01
3.750000000000000e+00	7.825598674417504e-01
3.750000000000000e+00	7.722650548445529e-01
3.750000000000000e+00	7.944789811800004e-01
3.750000000000000e+00	7.463111074614165e-01
3.750000000000000e+00	7.363350726275555e-01
3.750000000000000e+00	7.730328424687516e-01
3.750000000000000e+00	7.814093447435748e-01
3.750000000000000e+00	7.374744053713992e-01
3.750000000000000e+00	7.692711832465897e-01
3.750000000000000e+00	7.638131390242016e-01
3.750000000000000e+00	7.864872457334681e-01
3.750000000000000e+00	7.405322080214654e-01
3.750000000000000e+00	7.747396029958341e-01
3.750000000000000e+00	7.012774944839314e-01
3.750000000000000e+00	7.852912838344069e-01
3.750000000000000e+00	8.019660506581056e-01
3.750000000000000e+00	7.773823575810623e-01
3.750000000000000e+00	7.583451025972773e-01
3.750000000000000e+00	7.819903348157081e-01
3.750000000000000e+00	7.696066925899724e-01
3.750000000000000e+00	7.873815763789205e-01
3.750000000000000e+00	8.309651260550590e-01
3.750000000000000e+00	8.130515511527981e-01
3.750000000000000e+00	7.449449772188488e-01
3.750000000000000e+00	7.703383483339643e-01
3.750000000000000e+00	7.724804097104514e-01
3.750000000000000e+00	7.661708181792920e-01
3.750000000000000e+00	7.732448653017249e-01
3.750000000000000e+00	8.176087132921985e-01
3.750000000000000e+00	7.658117163677974e-01
3.750000000000000e+00	7.612652414211851e-01
3.750000000000000e+00	7.553183819792630e-01
3.750000000000000e+00	7.578850760743295e-01
3.750000000000000e+00	7.741870075189895e-01
3.750000000000000e+00	7.895693918511777e-01
3.750000000000000e+00	8.078725823690697e-01
3.750000000000000e+00	8.087958747901549e-01
3.750000000000000e+00	7.929426217382050e-01
3.750000000000000e+00	7.297138007913019e-01
3.750000000000000e+00	7.245529517482130e-01
3.750000000000000e+00	7.508836654322648e-01
3.750000000000000e+00	7.897971414473038e-01
3.750000000000000e+00	7.871573136628750e-01
3.750000000000000e+00	7.539232710423364e-01
3.750000000000000e+00	7.793215925047747e-01
3.750000000000000e+00	7.662003656739363e-01
3.750000000000000e+00	7.696712277692782e-01
3.750000000000000e+00	7.479396759384523e-01
3.750000000000000e+00	7.458522791711769e-01
3.750000000000000e+00	7.959192534084307e-01
3.750000000000000e+00	7.813366163654664e-01
3.750000000000000e+00	7.694680958176504e-01
3.750000000000000e+00	8.149597012894095e-01
3.750000000000000e+00	8.048386747066810e-01
3.750000000000000e+00	8.057256491633309e-01
3.750000000000000e+00	7.828322673276308e-01
3.750000000000000e+00	7.802058272790396e-01
3.750000000000000e+00	7.806237778094997e-01
3.750000000000000e+00	7.762624428463740e-01
3.750000000000000e+00	7.565338046922389e-01
3.750000000000000e+00	7.441801274753063e-01
3.750000000000000e+00	7.612472613947470e-01
3.750000000000000e+00	7.926812176409428e-01
3.750000000000000e+00	7.963561052524214e-01
3.750000000000000e+00	8.166215584452027e-01
3.750000000000000e+00	8.093643237882392e-01
3.750000000000000e+00	8.355066246040264e-01
3.750000000000000e+00	7.854655496441241e-01
3.750000000000000e+00	8.078787893087368e-01
3.750000000000000e+00	7.979951166603508e-01
3.750000000000000e+00	7.940397555547459e-01
3.750000000000000e+00	7.632834281555441e-01
3.750000000000000e+00	7.645816587104592e-01
3.750000000000000e+00	8.056675272895699e-01
3.750000000000000e+00	8.068981269420132e-01
3.750000000000000e+00	8.024534950102646e-01
3.750000000000000e+00	8.251046800350221e-01
3.750000000000000e+00	8.347215508329549e-01
3.750000000000000e+00	7.457554688388245e-01
3.750000000000000e+00	8.158353854577558e-01
3.750000000000000e+00	7.951090107218152e-01
3.750000000000000e+00	8.225174070365705e-01
3.750000000000000e+00	7.958637147405383e-01
3.750000000000000e+00	8.039773387675224e-01
3.750000000000000e+00	8.115464665135023e-01
3.750000000000000e+00	7.567711519834278e-01
3.750000000000000e+00	8.106964463136894e-01
3.750000000000000e+00	7.897343727401196e-01
3.750000000000000e+00	7.918979956882829e-01
3.750000000000000e+00	7.747427250634588e-01
3.750000000000000e+00	7.735899538565627e-01
3.750000000000000e+00	7.667773518092709e-01
3.750000000000000e+00	7.753469195961114e-01
3.750000000000000e+00	7.749123300357589e-01
3.750000000000000e+00	7.755452214122757e-01
3.750000000000000e+00	7.908242560953966e-01
3.750000000000000e+00	8.164283176660286e-01
3.750000000000000e+00	8.150143809830339e-01
3.750000000000000e+00	7.404415897622374e-01
3.750000000000000e+00	7.566260830589642e-01
3.750000000000000e+00	7.814804030089080e-01
3.750000000000000e+00	7.958126790438476e-01
3.750000000000000e+00	7.743313038731541e-01
3.750000000000000e+00	7.805979336204752e-01
3.750000000000000e+00	7.794266553389427e-01
3.750000000000000e+00	7.397411855179528e-01
3.750000000000000e+00	7.963569116424175e-01
3.750000000000000e+00	7.972693944119635e-01
3.750000000000000e+00	7.750765653617914e-01
3.750000000000000e+00	8.039074287848418e-01
3.750000000000000e+00	8.595458302836091e-01
3.750000000000000e+00	8.180902643892232e-01
3.750000000000000e+00	7.374834781945593e-01
3.750000000000000e+00	7.681213390651187e-01
3.750000000000000e+00	8.044991867058926e-01
3.750000000000000e+00	7.813620069449061e-01
3.750000000000000e+00	7.684730531654630e-01
3.750000000000000e+00	7.683832415573254e-01
3.750000000000000e+00	7.318901112123088e-01
3.750000000000000e+00	7.639095213706483e-01
3.750000000000000e+00	7.710245938454533e-01
3.750000000000000e+00	7.575261669219965e-01
3.750000000000000e+00	8.168692974700660e-01
3.750000000000000e+00	7.878066130921578e-01
3.750000000000000e+00	7.826879194177756e-01
3.750000000000000e+00	8.091470420087702e-01
3.750000000000000e+00	8.101430725947367e-01
3.750000000000000e+00	7.842935757167878e-01
3.750000000000000e+00	7.493283832701446e-01
3.750000000000000e+00	7.849424065705685e-01
3.750000000000000e+00	8.127838657304128e-01
3.750000000000000e+00	8.242342881615573e-01
3.750000000000000e+00	7.975648248280578e-01
3.750000000000000e+00	8.225798202888641e-01
3.750000000000000e+00	8.040141538673568e-01
3.750000000000000e+00	7.828425493951501e-01
3.750000000000000e+00	8.106699316569700e-01
3.750000000000000e+00	7.549204236666388e-01
3.750000000000000e+00	7.884419338500445e-01
3.750000000000000e+00	7.773072000106571e-01
3.750000000000000e+00	8.014573999179654e-01
3.750000000000000e+00	7.935887456898656e-01
3.750000000000000e+00	7.993661801444710e-01
3.750000000000000e+00	7.496536627365712e-01
3.750000000000000e+00	7.760852096790337e-01
3.750000000000000e+00	8.045878811032804e-01
3.750000000000000e+00	7.820182719320290e-01
3.750000000000000e+00	8.242410668789726e-01
3.750000000000000e+00	7.951740598492347e-01
3.750000000000000e+00	8.017728369482046e-01
3.750000000000000e+00	7.809726363735894e-01
3.750000000000000e+00	8.172181201213360e-01
3.750000000000000e+00	7.326009118683586e-01
3.750000000000000e+00	7.879532144483535e-01
3.750000000000000e+00	7.771532945420836e-01
3.750000000000000e+00	7.236684780066646e-01
3.750000000000000e+00	7.921062309627918e-01
3.750000000000000e+00	7.824525899623874e-01
3.750000000000000e+00	8.072113824558097e-01
3.750000000000000e+00	8.174211361819937e-01
3.750000000000000e+00	7.580378386083542e-01
3.750000000000000e+00	7.468626634708775e-01
3.750000000000000e+00	7.026369076459009e-01
3.750000000000000e+00	7.423891398046824e-01
3.750000000000000e+00	7.775338640666508e-01
3.750000000000000e+00	7.685046223324583e-01
3.750000000000000e+00	7.683879847574453e-01
3.750000000000000e+00	7.964666988889437e-01
3.750000000000000e+00	7.332989154251072e-01
3.750000000000000e+00	8.046799689857335e-01
3.750000000000000e+00	7.838006831400836e-01
3.750000000000000e+00	7.889544779140252e-01
3.750000000000000e+00	7.798487170880157e-01
3.750000000000000e+00	7.584333341928671e-01
3.750000000000000e+00	7.780325094149906e-01
3.750000000000000e+00	7.741455309250248e-01
3.750000000000000e+00	7.739182022808336e-01
3.750000000000000e+00	8.236519229021901e-01
3.750000000000000e+00	7.741571071881052e-01
3.750000000000000e+00	7.905845025217041e-01
3.750000000000000e+00	8.206978268739503e-01
3.750000000000000e+00	8.173107276968115e-01
3.750000000000000e+00	7.860548737834462e-01
3.750000000000000e+00	7.929394490126686e-01
3.750000000000000e+00	7.383663892419878e-01
3.750000000000000e+00	7.912834220098575e-01
3.750000000000000e+00	7.755680674971765e-01
3.750000000000000e+00	7.861064837426094e-01
3.750000000000000e+00	8.012494068590346e-01
3.750000000000000e+00	7.724247646561728e-01
3.750000000000000e+00	7.621282547520141e-01
3.750000000000000e+00	7.653815650992158e-01
3.750000000000000e+00	7.453254918344896e-01
3.750000000000000e+00	8.204719169376083e-01
3.750000000000000e+00	7.931680717837654e-01
3.750000000000000e+00	7.674754140091572e-01
3.750000000000000e+00	7.842449839600624e-01
3.750000000000000e+00	7.609984013310492e-01
3.750000000000000e+00	8.056950308644282e-01
3.750000000000000e+00	7.830578585611300e-01
3.750000000000000e+00	7.614402174354973e-01
3.750000000000000e+00	7.529471574275292e-01
3.750000000000000e+00	8.198232156076793e-01
3.750000000000000e+00	7.666048883627159e-01
3.750000000000000e+00	8.149218714840206e-01
3.750000000000000e+00	8.169612921777004e-01
3.750000000000000e+00	7.492247708718943e-01
3.750000000000000e+00	7.851773110455400e-01
3.750000000000000e+00	8.183827647146161e-01
3.750000000000000e+00	8.054228586749911e-01
3.750000000000000e+00	7.996764433854083e-01
3.750000000000000e+00	8.343096477897365e-01
3.750000000000000e+00	7.570595574233007e-01
3.750000000000000e+00	7.575399878275718e-01
3.750000000000000e+00	8.001529782957639e-01
3.750000000000000e+00	7.816949686169572e-01
3.750000000000000e+00	7.931602945976447e-01
3.750000000000000e+00	7.986435965451305e-01
3.750000000000000e+00	7.502635399794587e-01
3.750000000000000e+00	8.074814566175076e-01
3.750000000000000e+00	7.611258728638205e-01
3.750000000000000e+00	7.921462154141693e-01
3.750000000000000e+00	7.555847701858078e-01
3.750000000000000e+00	7.601859415333397e-01
3.750000000000000e+00	7.764076987771689e-01
3.750000000000000e+00	7.826488406396712e-01
3.750000000000000e+00	8.004196641928381e-01
3.750000000000000e+00	7.903370939838466e-01
3.750000000000000e+00	7.587150124023787e-01
3.750000000000000e+00	8.004231531480163e-01
3.750000000000000e+00	7.922781394112798e-01
3.750000000000000e+00	7.892954665588882e-01
3.750000000000000e+00	8.216851248717374e-01
3.750000000000000e+00	8.414133554319249e-01
3.750000000000000e+00	7.959000620500452e-01
3.750000000000000e+00	7.773947455371202e-01
3.750000000000000e+00	7.550942919623387e-01
3.750000000000000e+00	7.240126109733717e-01
3.750000000000000e+00	7.640496166418068e-01
3.750000000000000e+00	7.968786694916965e-01
3.750000000000000e+00	8.123266547062522e-01
3.750000000000000e+00	7.916875996580902e-01
3.750000000000000e+00	8.122431911491239e-01
3.750000000000000e+00	8.163766585149632e-01
3.750000000000000e+00	7.565947226908903e-01
3.750000000000000e+00	7.467877953763391e-01
3.750000000000000e+00	7.821877255383686e-01
3.750000000000000e+00	7.554934277150291e-01
3.750000000000000e+00	7.547740014467295e-01
3.750000000000000e+00	8.086080597388203e-01
3.750000000000000e+00	7.910902386162632e-01
3.750000000000000e+00	7.703590825174866e-01
3.750000000000000e+00	7.765184129847886e-01
3.750000000000000e+00	7.880830348760608e-01
3.750000000000000e+00	8.036008217359444e-01
3.750000000000000e+00	7.760794216543020e-01
3.750000000000000e+00	7.877645882625124e-01
3.750000000000000e+00	7.534240279392408e-01
3.750000000000000e+00	7.695605977777830e-01
3.750000000000000e+00	7.521776987000768e-01
3.750000000000000e+00	7.747318976125537e-01
3.750000000000000e+00	7.642558141509932e-01
3.750000000000000e+00	7.614019472489751e-01
3.750000000000000e+00	7.923099913643383e-01
3.750000000000000e+00	7.399414978796959e-01
3.750000000000000e+00	8.010360791145066e-01
3.750000000000000e+00	7.365395923166704e-01
3.750000000000000e+00	7.913741430983154e-01
3.750000000000000e+00	8.136627085064801e-01
3.750000000000000e+00	7.660457305141189e-01
3.750000000000000e+00	7.802699036303404e-01
3.750000000000000e+00	7.410022481180416e-01
3.750000000000000e+00	7.861622601805829e-01
3.750000000000000e+00	7.637716214103651e-01
3.750000000000000e+00	7.802032650388041e-01
3.750000000000000e+00	7.976523090927530e-01
3.750000000000000e+00	8.202337464773428e-01
3.750000000000000e+00	8.062542852710499e-01
3.750000000000000e+00	7.896328422560244e-01
3.750000000000000e+00	7.773568704978052e-01
3.750000000000000e+00	7.774946846150014e-01
3.750000000000000e+00	8.049547927767163e-01
3.750000000000000e+00	8.063682990312087e-01
3.750000000000000e+00	7.408368951547841e-01
3.750000000000000e+00	7.958570611664957e-01
3.750000000000000e+00	7.963355820925964e-01
3.750000000000000e+00	7.803008938778739e-01
3.750000000000000e+00	7.588388143560549e-01
3.750000000000000e+00	7.704434407697487e-01
3.750000000000000e+00	8.152784618137814e-01
3.750000000000000e+00	7.908061849865382e-01
3.750000000000000e+00	7.886197450049787e-01
3.750000000000000e+00	7.428992637413185e-01
3.750000000000000e+00	7.277256989034111e-01
3.750000000000000e+00	7.570243667464326e-01
3.750000000000000e+00	7.547257445194194e-01
3.750000000000000e+00	7.874366425456522e-01
3.750000000000000e+00	7.732167361667944e-01
3.750000000000000e+00	7.720643593769171e-01
3.750000000000000e+00	7.538327809093723e-01
3.750000000000000e+00	7.867101923872005e-01
3.750000000000000e+00	8.014020288416324e-01
3.750000000000000e+00	7.801539927880704e-01
3.750000000000000e+00	7.249481731092716e-01
3.750000000000000e+00	7.725379231793857e-01
3.750000000000000e+00	7.753709874781414e-01
3.750000000000000e+00	7.655740457756429e-01
3.750000000000000e+00	7.510981485029997e-01
3.750000000000000e+00	7.435317761572606e-01
3.750000000000000e+00	7.653755255747634e-01
3.750000000000000e+00	7.341984775283437e-01
3.750000000000000e+00	7.751441268196581e-01
3.750000000000000e+00	7.905226327881901e-01
3.750000000000000e+00	7.686824382682009e-01
3.750000000000000e+00	7.641835458000696e-01
3.750000000000000e+00	7.743056581798978e-01
3.750000000000000e+00	7.941836121145990e-01
3.750000000000000e+00	7.805599786132777e-01
3.750000000000000e+00	8.040217258426879e-01
3.750000000000000e+00	8.281077000573211e-01
3.750000000000000e+00	7.980513330561146e-01
3.750000000000000e+00	7.710297038164283e-01
3.750000000000000e+00	7.853371414902639e-01
3.750000000000000e+00	7.677815807538828e-01
3.750000000000000e+00	8.269497911709905e-01
3.750000000000000e+00	7.652034310572261e-01
3.750000000000000e+00	7.794409328310401e-01
3.750000000000000e+00	7.769101357130400e-01
3.750000000000000e+00	7.392901553515359e-01
3.750000000000000e+00	7.896540040262100e-01
3.750000000000000e+00	7.933909736079927e-01
3.750000000000000e+00	7.767207276403495e-01
3.750000000000000e+00	8.238980745449571e-01
3.750000000000000e+00	8.196901873998127e-01
3.750000000000000e+00	7.708406285535607e-01
3.750000000000000e+00	8.200374554751662e-01
3.750000000000000e+00	8.088753969612152e-01
3.750000000000000e+00	7.875478864031286e-01
3.750000000000000e+00	7.526572875631329e-01
3.750000000000000e+00	8.188270865505827e-01
3.750000000000000e+00	8.186068409799606e-01
3.750000000000000e+00	7.945269294795798e-01
3.750000000000000e+00	7.644474502137671e-01
3.750000000000000e+00	7.632722252243460e-01
3.750000000000000e+00	7.676632494612874e-01
3.750000000000000e+00	7.123603832035781e-01
3.750000000000000e+00	7.321510232984462e-01
3.750000000000000e+00	7.952692248357085e-01
3.750000000000000e+00	8.040654395746138e-01
3.750000000000000e+00	8.000585263975751e-01
3.750000000000000e+00	8.057436832075943e-01
3.750000000000000e+00	8.181127257629007e-01
3.750000000000000e+00	7.276689221963774e-01
3.750000000000000e+00	7.307667164667572e-01
3.750000000000000e+00	7.820525038716727e-01
3.750000000000000e+00	8.309178828322714e-01
3.750000000000000e+00	7.828419638305405e-01
3.750000000000000e+00	7.548931284901570e-01
3.750000000000000e+00	7.013608665000468e-01
3.750000000000000e+00	7.766594559642250e-01
3.750000000000000e+00	7.529275376143002e-01
3.750000000000000e+00	8.120786383045340e-01
3.750000000000000e+00	7.652118697367899e-01
3.750000000000000e+00	7.317179787943789e-01
3.750000000000000e+00	7.780384501840162e-01
3.750000000000000e+00	7.835048051468035e-01
3.750000000000000e+00	7.654630383598595e-01
3.750000000000000e+00	7.404335231351914e-01
3.750000000000000e+00	7.740572725947215e-01
3.750000000000000e+00	7.676701024463023e-01
3.750000000000000e+00	7.882157278124589e-01
3.750000000000000e+00	8.011275187099604e-01
3.750000000000000e+00	7.854433940298872e-01
3.750000000000000e+00	7.626620368657931e-01
3.750000000000000e+00	7.783085630578451e-01
3.750000000000000e+00	7.589413672149751e-01
3.750000000000000e+00	7.694298482146185e-01
3.750000000000000e+00	7.495200619927518e-01
3.750000000000000e+00	7.799091865013367e-01
3.750000000000000e+00	7.920808657961677e-01
3.750000000000000e+00	7.631533723449871e-01
3.750000000000000e+00	7.760156854291883e-01
3.750000000000000e+00	7.769194774575238e-01
3.750000000000000e+00	7.955470798035330e-01
3.750000000000000e+00	8.109755908118254e-01
3.750000000000000e+00	8.009676099860716e-01
3.750000000000000e+00	8.117405636995921e-01
3.750000000000000e+00	7.890760375788678e-01
3.750000000000000e+00	7.665384938281494e-01
3.750000000000000e+00	7.888295917646156e-01
3.750000000000000e+00	7.521577751959433e-01
3.750000000000000e+00	7.605431533950364e-01
3.750000000000000e+00	7.732653822763670e-01
3.750000000000000e+00	7.611274947380825e-01
3.750000000000000e+00	7.916931943205709e-01
3.750000000000000e+00	8.026178761962948e-01
3.750000000000000e+00	8.253782040698187e-01
3.750000000000000e+00	8.272612351684003e-01
3.750000000000000e+00	7.972313803450485e-01
3.750000000000000e+00	7.566441346797788e-01
3.750000000000000e+00	7.554658833932686e-01
3.750000000000000e+00	8.091653743285654e-01
3.750000000000000e+00	7.493549774877195e-01
3.750000000000000e+00	7.456409351890907e-01
3.750000000000000e+00	7.671830621429845e-01
3.750000000000000e+00	7.529870678282109e-01
3.750000000000000e+00	8.314975490139715e-01
3.750000000000000e+00	7.836369798155356e-01
3.750000000000000e+00	7.386737277142896e-01
3.750000000000000e+00	7.514950742498726e-01
3.750000000000000e+00	7.854267887633573e-01
3.750000000000000e+00	7.647126418501232e-01
3.750000000000000e+00	7.886607167125171e-01
3.750000000000000e+00	7.910150810018517e-01
3.750000000000000e+00	8.119737329853430e-01
3.750000000000000e+00	7.874526232893072e-01
3.750000000000000e+00	8.073985480041146e-01
3.750000000000000e+00	7.625681558539180e-01
3.750000000000000e+00	7.512306462726123e-01
3.750000000000000e+00	8.065526463023777e-01
3.750000000000000e+00	7.698763337448129e-01
3.750000000000000e+00	7.900133204862915e-01
3.750000000000000e+00	7.356544664120717e-01
3.750000000000000e+00	7.619795698882351e-01
3.750000000000000e+00	7.495784920694283e-01
3.750000000000000e+00	7.938969569890187e-01
3.750000000000000e+00	7.689947237733198e-01
3.750000000000000e+00	8.164288601007705e-01
3.750000000000000e+00	7.746175255780812e-01
3.750000000000000e+00	8.332038236529091e-01
3.750000000000000e+00	7.952511255578286e-01
3.750000000000000e+00	8.178394391611566e-01
3.750000000000000e+00	7.924579025347694e-01
3.750000000000000e+00	7.825819751032286e-01
3.750000000000000e+00	7.642487642464070e-01
3.750000000000000e+00	7.844880858498089e-01
3.750000000000000e+00	7.412848468929644e-01
3.750000000000000e+00	7.899089575649999e-01
3.750000000000000e+00	7.516022110437155e-01
3.750000000000000e+00	8.045496170517976e-01
3.750000000000000e+00	7.779074623697394e-01
3.750000000000000e+00	7.732198258769816e-01
3.750000000000000e+00	7.980458365704978e-01
3.750000000000000e+00	7.926772042679289e-01
3.750000000000000e+00	8.138779381091052e-01
3.750000000000000e+00	8.005324731624349e-01
3.750000000000000e+00	7.665611322681832e-01
3.750000000000000e+00	8.006387094052093e-01
3.750000000000000e+00	7.357868573631516e-01
3.750000000000000e+00	7.423853314693322e-01
3.750000000000000e+00	7.577593630546569e-01
3.750000000000000e+00	8.277087063220839e-01
3.750000000000000e+00	7.859831740613148e-01
3.750000000000000e+00	7.670901700398498e-01
3.750000000000000e+00	7.706794635297249e-01
3.750000000000000e+00	7.875808197092617e-01
3.750000000000000e+00	7.455895720741051e-01
3.750000000000000e+00	7.682569207157171e-01
3.750000000000000e+00	8.275543840812621e-01
3.750000000000000e+00	7.967141212547563e-01
3.750000000000000e+00	8.385455846903288e-01
3.750000000000000e+00	8.173577280673027e-01
3.750000000000000e+00	7.915902232853009e-01
3.750000000000000e+00	7.466765513251630e-01
3.750000000000000e+00	7.613887016183345e-01
3.750000000000000e+00	7.407633923166502e-01
3.750000000000000e+00	8.254700969435795e-01
3.750000000000000e+00	7.719627538698843e-01
3.750000000000000e+00	7.826916264517725e-01
3.750000000000000e+00	8.011707721228427e-01
3.750000000000000e+00	7.904737411349266e-01
3.750000000000000e+00	7.591569487601476e-01
3.750000000000000e+00	7.134473632553312e-01
3.750000000000000e+00	7.847709966324188e-01
3.750000000000000e+00	8.039032550131661e-01
3.750000000000000e+00	8.171433327888321e-01
3.750000000000000e+00	7.552995207447567e-01
3.750000000000000e+00	7.666872250064548e-01
3.750000000000000e+00	8.153452577551122e-01
3.750000000000000e+00	7.859925407964612e-01
3.750000000000000e+00	8.022121858236825e-01
3.750000000000000e+00	7.211508714498611e-01
3.750000000000000e+00	7.844423891757799e-01
3.750000000000000e+00	7.493413126997686e-01
3.750000000000000e+00	7.716077141110431e-01
3.750000000000000e+00	8.268771673174894e-01
3.750000000000000e+00	8.154503047039472e-01
3.750000000000000e+00	7.986387714795280e-01
3.750000000000000e+00	7.536620872949971e-01
3.750000000000000e+00	7.642883134086456e-01
3.750000000000000e+00	7.857554059823756e-01
3.750000000000000e+00	7.761371093928850e-01
3.750000000000000e+00	7.657275220403948e-01
3.750000000000000e+00	7.680102325261019e-01
3.750000000000000e+00	7.707281397925355e-01
3.750000000000000e+00	7.377236186662126e-01
3.750000000000000e+00	7.903227924078339e-01
3.750000000000000e+00	7.646526747576596e-01
3.750000000000000e+00	8.203720942238449e-01
3.750000000000000e+00	7.895702727249173e-01
3.750000000000000e+00	7.783960996050020e-01
3.750000000000000e+00	7.812126191593406e-01
3.750000000000000e+00	8.116541089503378e-01
3.750000000000000e+00	8.100890654698620e-01
3.750000000000000e+00	7.374041036831213e-01
3.750000000000000e+00	7.503260572897840e-01
3.750000000000000e+00	7.728549649448168e-01
3.750000000000000e+00	7.853881707043331e-01
3.750000000000000e+00	8.011853224601937e-01
3.750000000000000e+00	8.147245515193334e-01
3.750000000000000e+00	7.965332360373236e-01
3.750000000000000e+00	7.830855705267549e-01
3.750000000000000e+00	8.008682227328865e-01
3.750000000000000e+00	7.802035345525905e-01
3.750000000000000e+00	7.887604914494772e-01
3.750000000000000e+00	8.380218821882333e-01
3.750000000000000e+00	7.519441734030458e-01
3.750000000000000e+00	7.748702947838652e-01
3.750000000000000e+00	7.888402779289176e-01
3.750000000000000e+00	7.572433317427179e-01
3.750000000000000e+00	7.968551711824390e-01
3.750000000000000e+00	7.609748508223670e-01
3.750000000000000e+00	7.985853740797501e-01
3.750000000000000e+00	7.694731376624341e-01
3.750000000000000e+00	8.037000419755608e-01
3.750000000000000e+00	7.887626028798469e-01
3.750000000000000e+00	7.817116084479184e-01
3.750000000000000e+00	7.807708366617160e-01
3.750000000000000e+00	7.663057877150706e-01
3.750000000000000e+00	7.330847769067541e-01
3.750000000000000e+00	7.487382250093453e-01
3.750000000000000e+00	7.712406881931116e-01
3.750000000000000e+00	7.598464997933264e-01
3.750000000000000e+00	7.777495175336990e-01
3.750000000000000e+00	7.626159075265023e-01
3.750000000000000e+00	7.881501031383591e-01
3.750000000000000e+00	7.927327213933020e-01
3.750000000000000e+00	7.591974303315564e-01
3.750000000000000e+00	7.862772173824641e-01
3.750000000000000e+00	7.639668823381107e-01
3.750000000000000e+00	7.748889949322216e-01
3.750000000000000e+00	8.223312076743826e-01
3.750000000000000e+00	7.800655983121382e-01
3.750000000000000e+00	7.637583757166486e-01
3.750000000000000e+00	7.843592019213528e-01
3.750000000000000e+00	7.658919092924114e-01
3.750000000000000e+00	8.042866445521633e-01
3.750000000000000e+00	8.561307829564799e-01
3.750000000000000e+00	8.429927765239517e-01
3.750000000000000e+00	7.356460996791890e-01
3.750000000000000e+00	7.484640912742141e-01
3.750000000000000e+00	7.636976765489095e-01
3.750000000000000e+00	7.665526116526746e-01
3.750000000000000e+00	7.090699283479452e-01
3.750000000000000e+00	7.573350887324534e-01
3.750000000000000e+00	8.132153954710232e-01
3.750000000000000e+00	7.758509172216554e-01
3.750000000000000e+00	8.259022332281801e-01
3.750000000000000e+00	7.803079723576736e-01
3.750000000000000e+00	7.610363277620045e-01
3.750000000000000e+00	7.967766748754631e-01
3.750000000000000e+00	7.794739001121732e-01
3.750000000000000e+00	7.841287318289514e-01
3.750000000000000e+00	7.738540943111483e-01
3.750000000000000e+00	7.742918283031536e-01
3.750000000000000e+00	8.171363104222760e-01
3.750000000000000e+00	8.113956026767329e-01
3.750000000000000e+00	7.541602622091135e-01
3.750000000000000e+00	7.829311999645809e-01
3.750000000000000e+00	7.996460574059592e-01
3.750000000000000e+00	7.913866819058123e-01
3.750000000000000e+00	7.853858703169641e-01
3.750000000000000e+00	7.942975577052294e-01
3.750000000000000e+00	7.828790578564417e-01
3.750000000000000e+00	7.687794366941531e-01
3.750000000000000e+00	7.875077225202048e-01
3.750000000000000e+00	8.039466951212392e-01
3.750000000000000e+00	7.777564645795696e-01
3.750000000000000e+00	7.527690097982357e-01
3.750000000000000e+00	7.914255980884690e-01
3.750000000000000e+00	7.683541058441624e-01
3.750000000000000e+00	8.074325861207456e-01
3.750000000000000e+00	7.808035761079195e-01
3.750000000000000e+00	7.966710486546661e-01
3.750000000000000e+00	8.327914201337524e-01
3.750000000000000e+00	8.061985525389603e-01
3.750000000000000e+00	7.633470045722627e-01
3.750000000000000e+00	7.885644931592749e-01
3.750000000000000e+00	7.504123899049031e-01
3.750000000000000e+00	7.751935842378932e-01
3.750000000000000e+00	7.987096023767996e-01
3.750000000000000e+00	8.267443915864487e-01
3.750000000000000e+00	7.723651101829573e-01
3.750000000000000e+00	8.084176062640772e-01
3.750000000000000e+00	7.928792280123265e-01
3.750000000000000e+00	7.859928359743926e-01
3.750000000000000e+00	7.991813069340630e-01
3.750000000000000e+00	8.063089062789746e-01
3.750000000000000e+00	8.187070100199643e-01
3.750000000000000e+00	7.897923924865180e-01
3.750000000000000e+00	7.892013853102802e-01
3.750000000000000e+00	7.658125718841208e-01
3.750000000000000e+00	7.494293216282678e-01
3.750000000000000e+00	8.304458069606924e-01
3.750000000000000e+00	7.970354966722993e-01
3.750000000000000e+00	8.468413708997873e-01
3.750000000000000e+00	7.919421633399816e-01
3.750000000000000e+00	8.272170326938860e-01
3.750000000000000e+00	7.984581440115707e-01
3.750000000000000e+00	7.817656657474401e-01
3.750000000000000e+00	7.819812491180035e-01
3.750000000000000e+00	8.242659943996415e-01
3.750000000000000e+00	7.874034921684493e-01
3.750000000000000e+00	7.905173930968987e-01
3.750000000000000e+00	7.715236446806348e-01
3.750000000000000e+00	7.476095415997790e-01
3.750000000000000e+00	7.709993061417109e-01
3.750000000000000e+00	8.068799409822065e-01
3.750000000000000e+00	7.829575013341314e-01
3.750000000000000e+00	7.675868339422796e-01
3.750000000000000e+00	8.103233880344513e-01
3.750000000000000e+00	8.102198024692083e-01
3.750000000000000e+00	7.743279961169671e-01
3.750000000000000e+00	8.520145912590613e-01
3.750000000000000e+00	8.212064907435825e-01
3.750000000000000e+00	8.196011775904586e-01
3.750000000000000e+00	8.310776902578687e-01
3.750000000000000e+00	8.383233153761324e-01
3.750000000000000e+00	7.689032190492026e-01
3.750000000000000e+00	7.987957840423924e-01
3.750000000000000e+00	7.625139366218020e-01
3.750000000000000e+00	7.652412718029403e-01
3.750000000000000e+00	7.949818953575943e-01
3.750000000000000e+00	7.779360733241303e-01
3.750000000000000e+00	8.050074413852828e-01
3.750000000000000e+00	7.448990417067517e-01
3.750000000000000e+00	7.647759419233974e-01
3.750000000000000e+00	7.997736893592120e-01
3.750000000000000e+00	7.962064683367213e-01
3.750000000000000e+00	8.276761749426625e-01
3.750000000000000e+00	7.724728290595049e-01
3.750000000000000e+00	7.984230390515923e-01
3.750000000000000e+00	8.165434024631227e-01
3.750000000000000e+00	7.973213241711258e-01
3.750000000000000e+00	7.851405480739548e-01
3.750000000000000e+00	7.888070845083611e-01
3.750000000000000e+00	8.016785935096863e-01
3.750000000000000e+00	7.606567483833475e-01
3.750000000000000e+00	7.611521208532303e-01
3.750000000000000e+00	7.911988255741738e-01
3.750000000000000e+00	7.582364170503305e-01
3.750000000000000e+00	7.455247178723452e-01
3.750000000000000e+00	7.730412573153012e-01
3.750000000000000e+00	8.052066918188479e-01
3.750000000000000e+00	7.514956161145459e-01
3.750000000000000e+00	7.844133529714085e-01
3.750000000000000e+00	7.930166509256711e-01
3.750000000000000e+00	7.783955042103093e-01
3.750000000000000e+00	7.553715270358465e-01
3.750000000000000e+00	7.675344089890365e-01
3.750000000000000e+00	7.946460621920053e-01
3.750000000000000e+00	7.953256647058190e-01
3.750000000000000e+00	7.672774298099475e-01
3.750000000000000e+00	7.969761634037911e-01
3.750000000000000e+00	7.700567573986917e-01
3.750000000000000e+00	8.095251865106664e-01
3.750000000000000e+00	7.828967108171153e-01
3.750000000000000e+00	7.899334768652383e-01
3.750000000000000e+00	7.755043240729435e-01
3.750000000000000e+00	8.110026946357624e-01
3.750000000000000e+00	7.741742393952810e-01
3.750000000000000e+00	8.099215362396633e-01
3.750000000000000e+00	7.926675480550849e-01
3.750000000000000e+00	7.801306737144426e-01
3.750000000000000e+00	7.832646645356819e-01
3.750000000000000e+00	7.862668600087954e-01
3.750000000000000e+00	7.534204186808345e-01
3.750000000000000e+00	7.372492012667516e-01
3.750000000000000e+00	7.482811053846932e-01
3.750000000000000e+00	7.804437152352656e-01
3.750000000000000e+00	7.816555981594512e-01
3.750000000000000e+00	7.934218866887871e-01
3.750000000000000e+00	7.652585401404651e-01
3.750000000000000e+00	7.460642416747230e-01
3.750000000000000e+00	8.091802269794254e-01
3.750000000000000e+00	7.635319401482352e-01
3.750000000000000e+00	8.008675576615817e-01
3.750000000000000e+00	7.772047840052329e-01
3.750000000000000e+00	7.754898639367689e-01
3.750000000000000e+00	7.660993794288946e-01
3.750000000000000e+00	8.081432675815730e-01
3.750000000000000e+00	7.913805089064457e-01
3.750000000000000e+00	8.078272810541153e-01
3.750000000000000e+00	7.753837787938642e-01
3.750000000000000e+00	8.237206050770921e-01
3.750000000000000e+00	7.723632900106004e-01
3.750000000000000e+00	7.627666888492829e-01
3.750000000000000e+00	8.083876724757668e-01
3.750000000000000e+00	7.922600047199059e-01
3.750000000000000e+00	7.869574337019299e-01
3.750000000000000e+00	8.073237555785984e-01
3.750000000000000e+00	7.589260250495923e-01
3.750000000000000e+00	8.050392669400833e-01
3.750000000000000e+00	7.914993914411010e-01
3.750000000000000e+00	8.173466792837618e-01
3.750000000000000e+00	8.225066283989286e-01
3.750000000000000e+00	7.705777117991817e-01
3.750000000000000e+00	7.895409108481471e-01
3.750000000000000e+00	7.672294074532128e-01
3.750000000000000e+00	7.941553127885509e-01
3.750000000000000e+00	7.506883144315150e-01
3.750000000000000e+00	8.237090305639290e-01
3.750000000000000e+00	7.452248575429939e-01
3.750000000000000e+00	7.652205818442305e-01
