3.800000000000000e+00	8.031320879158652e-01
3.800000000000000e+00	7.665043570549073e-01
3.800000000000000e+00	8.125115022126336e-01
3.800000000000000e+00	7.795567066822648e-01
3.800000000000000e+00	8.082122908930944e-01
3.800000000000000e+00	7.944333041393801e-01
3.800000000000000e+00	7.980343172096616e-01
3.800000000000000e+00	8.162430733047136e-01
3.800000000000000e+00	7.724689089154223e-01
3.800000000000000e+00	8.136130811783405e-01
3.800000000000000e+00	8.199297686962449e-01
3.800000000000000e+00	7.931043333000077e-01
3.800000000000000e+00	7.867560986780273e-01
3.800000000000000e+00	7.581254817698562e-01
3.800000000000000e+00	7.793608490646371e-01
3.800000000000000e+00	7.600967044764974e-01
3.800000000000000e+00	8.218597526530905e-01
3.800000000000000e+00	7.791833125581532e-01
3.800000000000000e+00	8.278022667695202e-01
3.800000000000000e+00	7.947919312279245e-01
3.800000000000000e+00	7.979844238863232e-01
3.800000000000000e+00	7.686932830118578e-01
3.800000000000000e+00	7.686034021753012e-01
3.800000000000000e+00	8.438760342107479e-01
3.800000000000000e+00	7.891837278532450e-01
3.800000000000000e+00	7.676027087177141e-01
3.800000000000000e+00	7.641236872567588e-01
3.800000000000000e+00	7.634988910114534e-01
3.800000000000000e+00	8.398531367595750e-01
3.800000000000000e+00	7.525410475259577e-01
3.800000000000000e+00	7.866952771699426e-01
3.800000000000000e+00	8.117792121750296e-01
3.800000000000000e+00	7.973099060776285e-01
3.800000000000000e+00	7.955015866169050e-01
3.800000000000000e+00	8.130188546629380e-01
3.800000000000000e+00	8.102123473263010e-01
3.800000000000000e+00	7.820381386840313e-01
3.800000000000000e+00	7.578146892207881e-01
3.800000000000000e+00	7.890226487818717e-01
3.800000000000000e+00	8.313207099983300e-01
3.800000000000000e+00	8.077414891760751e-01
3.800000000000000e+00	8.239017834940593e-01
3.800000000000000e+00	7.504775868130396e-01
3.800000000000000e+00	7.939777857346927e-01
3.800000000000000e+00	7.859482312905226e-01
3.800000000000000e+00	8.052847698316441e-01
3.800000000000000e+00	7.796877407130255e-01
3.800000000000000e+00	8.384639928088320e-01
3.800000000000000e+00	7.919246539056750e-01
3.800000000000000e+00	8.293506001674277e-01
3.800000000000000e+00	8.172403819763705e-01
3.800000000000000e+00	8.137946725312585e-01
3.800000000000000e+00	7.959586675411421e-01
3.800000000000000e+00	7.491606502781651e-01
3.800000000000000e+00	7.924084101346772e-01
3.800000000000000e+00	7.843477139332554e-01
3.800000000000000e+00	7.804427019785992e-01
3.800000000000000e+00	7.969606864620428e-01
3.800000000000000e+00	7.523945861292681e-01
3.800000000000000e+00	8.076825003716950e-01
3.800000000000000e+00	8.185106985237303e-01
3.800000000000000e+00	7.692150253872546e-01
3.800000000000000e+00	8.362331849994750e-01
3.800000000000000e+00	8.128079289974970e-01
3.800000000000000e+00	7.674172911759503e-01
3.800000000000000e+00	8.015444678518484e-01
3.800000000000000e+00	8.234656349321396e-01
3.800000000000000e+00	8.076478606727980e-01
3.800000000000000e+00	8.083084333942134e-01
3.800000000000000e+00	8.067417435993839e-01
3.800000000000000e+00	8.018991514341142e-01
3.800000000000000e+00	7.984392648579312e-01
3.800000000000000e+00	8.353447106150509e-01
3.800000000000000e+00	7.930459851395528e-01
3.800000000000000e+00	8.063773435194991e-01
3.800000000000000e+00	8.311074297348219e-01
3.800000000000000e+00	7.732496018529421e-01
3.800000000000000e+00	7.524860156547806e-01
3.800000000000000e+00	7.478843699005798e-01
3.800000000000000e+00	7.958753430399300e-01
3.800000000000000e+00	7.873117102343871e-01
3.800000000000000e+00	8.091394861154959e-01
3.800000000000000e+00	8.077800038749261e-01
3.800000000000000e+00	7.271761269089347e-01
3.800000000000000e+00	7.761669959857733e-01
3.800000000000000e+00	7.931111804831773e-01
3.800000000000000e+00	8.055480524638295e-01
3.800000000000000e+00	7.970126447812903e-01
3.800000000000000e+00	8.335170349537995e-01
3.800000000000000e+00	8.067330944806798e-01
3.800000000000000e+00	7.665592793972151e-01
3.800000000000000e+00	8.066463266855175e-01
3.800000000000000e+00	8.429063009458220e-01
3.800000000000000e+00	8.088066155628371e-01
3.800000000000000e+00	7.610524437794235e-01
3.800000000000000e+00	8.163169022700369e-01
3.800000000000000e+00	7.824322722407880e-01
3.800000000000000e+00	8.250108218932422e-01
3.800000000000000e+00	7.493851278447315e-01
3.800000000000000e+00	8.081600182381423e-01
3.800000000000000e+00	7.865591582372899e-01
3.800000000000000e+00	7.842406316288394e-01
3.800000000000000e+00	7.746259968948248e-01
3.800000000000000e+00	7.837755870912557e-01
3.800000000000000e+00	7.822465544311363e-01
3.800000000000000e+00	7.919561524125630e-01
3.800000000000000e+00	7.655650099368881e-01
3.800000000000000e+00	8.131250331276886e-01
3.800000000000000e+00	7.749960655853240e-01
3.800000000000000e+00	8.327635978322537e-01
3.800000000000000e+00	7.397865021344209e-01
3.800000000000000e+00	7.823044688340206e-01
3.800000000000000e+00	7.974822195341124e-01
3.800000000000000e+00	7.759372942715065e-01
3.800000000000000e+00	7.911185251143528e-01
3.800000000000000e+00	7.857898768489405e-01
3.800000000000000e+00	8.094405035593346e-01
3.800000000000000e+00	7.851783070034043e-01
3.800000000000000e+00	8.052302125432880e-01
3.800000000000000e+00	7.713082385942238e-01
3.800000000000000e+00	8.126405133270329e-01
3.800000000000000e+00	8.189984020509057e-01
3.800000000000000e+00	8.561023991299856e-01
3.800000000000000e+00	7.806446654508268e-01
3.800000000000000e+00	7.614598502827211e-01
3.800000000000000e+00	7.723926450925994e-01
3.800000000000000e+00	8.113511728262258e-01
3.800000000000000e+00	8.106779967045307e-01
3.800000000000000e+00	8.172689800186556e-01
3.800000000000000e+00	7.823262523800310e-01
3.800000000000000e+00	7.840157626295018e-01
3.800000000000000e+00	7.969571629796818e-01
3.800000000000000e+00	7.491585634165253e-01
3.800000000000000e+00	7.968284141562451e-01
3.800000000000000e+00	8.274009533631287e-01
3.800000000000000e+00	8.261456732030911e-01
3.800000000000000e+00	7.885235744107497e-01
3.800000000000000e+00	8.281450614677938e-01
3.800000000000000e+00	7.912193109118413e-01
3.800000000000000e+00	7.739390353589098e-01
3.800000000000000e+00	8.759734784931905e-01
3.800000000000000e+00	7.841886458501743e-01
3.800000000000000e+00	7.854905688498539e-01
3.800000000000000e+00	7.855335346787274e-01
3.800000000000000e+00	7.920425531496064e-01
3.800000000000000e+00	7.816984584846181e-01
3.800000000000000e+00	7.896377251274498e-01
3.800000000000000e+00	7.886308449033467e-01
3.800000000000000e+00	7.591830022820060e-01
3.800000000000000e+00	7.516053820995007e-01
3.800000000000000e+00	7.671317596104159e-01
3.800000000000000e+00	7.484034360824964e-01
3.800000000000000e+00	7.906053010692913e-01
3.800000000000000e+00	7.510020865707674e-01
3.800000000000000e+00	7.835354907226193e-01
3.800000000000000e+00	7.557072051708488e-01
3.800000000000000e+00	7.643814319550480e-01
3.800000000000000e+00	7.968600446902343e-01
3.800000000000000e+00	8.236023554369950e-01
3.800000000000000e+00	7.648666203117590e-01
3.800000000000000e+00	7.939885069889928e-01
3.800000000000000e+00	7.755737136179621e-01
3.800000000000000e+00	7.839025525428737e-01
3.800000000000000e+00	8.095958351432123e-01
3.800000000000000e+00	8.550112171395049e-01
3.800000000000000e+00	8.000826812790768e-01
3.800000000000000e+00	8.349348684452953e-01
3.800000000000000e+00	8.081711340212950e-01
3.800000000000000e+00	8.043460576856756e-01
3.800000000000000e+00	8.661161072809063e-01
3.800000000000000e+00	7.841297658762408e-01
3.800000000000000e+00	8.212749162621842e-01
3.800000000000000e+00	8.020196856146269e-01
3.800000000000000e+00	8.125246819815279e-01
3.800000000000000e+00	8.267781871880974e-01
3.800000000000000e+00	8.317632342179330e-01
3.800000000000000e+00	7.809309962401166e-01
3.800000000000000e+00	8.032386945051858e-01
3.800000000000000e+00	7.817957050203332e-01
3.800000000000000e+00	7.941560676840184e-01
3.800000000000000e+00	8.381270313800245e-01
3.800000000000000e+00	7.510004518635074e-01
3.800000000000000e+00	7.763574425742158e-01
3.800000000000000e+00	7.866593214399102e-01
3.800000000000000e+00	7.905168148876593e-01
3.800000000000000e+00	7.498418852599585e-01
3.800000000000000e+00	7.517282528060494e-01
3.800000000000000e+00	7.896791883773512e-01
3.800000000000000e+00	7.674679493681640e-01
3.800000000000000e+00	8.405838491696127e-01
3.800000000000000e+00	8.090905551083675e-01
3.800000000000000e+00	7.851074082812380e-01
3.800000000000000e+00	8.021056410924424e-01
3.800000000000000e+00	7.657632822244897e-01
3.800000000000000e+00	7.845262107007148e-01
3.800000000000000e+00	8.074255372167717e-01
3.800000000000000e+00	7.920459806703513e-01
3.800000000000000e+00	8.438151062912331e-01
3.800000000000000e+00	7.802682523962093e-01
3.800000000000000e+00	7.992148372299148e-01
3.800000000000000e+00	7.806233908431824e-01
3.800000000000000e+00	8.355681520003105e-01
3.800000000000000e+00	8.242419547186295e-01
3.800000000000000e+00	8.236523182910218e-01
3.800000000000000e+00	7.807073466824145e-01
3.800000000000000e+00	7.529877376033035e-01
3.800000000000000e+00	7.664398520355818e-01
3.800000000000000e+00	7.960609942444553e-01
3.800000000000000e+00	7.744759011206254e-01
3.800000000000000e+00	8.067585387960191e-01
3.800000000000000e+00	7.986987748914240e-01
3.800000000000000e+00	7.410472624648673e-01
3.800000000000000e+00	7.506592793840765e-01
3.800000000000000e+00	8.143991991073571e-01
3.800000000000000e+00	7.696304272910569e-01
3.800000000000000e+00	7.708466944688330e-01
3.800000000000000e+00	7.601742357944360e-01
3.800000000000000e+00	8.226316916394291e-01
3.800000000000000e+00	8.008827671160377e-01
3.800000000000000e+00	8.092097573039772e-01
3.800000000000000e+00	7.407819360826574e-01
3.800000000000000e+00	7.426525501912010e-01
3.800000000000000e+00	8.004934729585703e-01
3.800000000000000e+00	7.835293282017703e-01
3.800000000000000e+00	7.948861141981803e-01
3.800000000000000e+00	7.290112994823759e-01
3.800000000000000e+00	7.648812574956936e-01
3.800000000000000e+00	7.754423814223136e-01
3.800000000000000e+00	8.126520609261737e-01
3.800000000000000e+00	7.714093376953816e-01
3.800000000000000e+00	7.801867049436280e-01
3.800000000000000e+00	7.678131466114011e-01
3.800000000000000e+00	7.897077483597972e-01
3.800000000000000e+00	8.034518791811135e-01
3.800000000000000e+00	7.966502833849483e-01
3.800000000000000e+00	7.724963923604333e-01
3.800000000000000e+00	8.011112675439778e-01
3.800000000000000e+00	8.529351522788270e-01
3.800000000000000e+00	7.653955535185589e-01
3.800000000000000e+00	7.567167934842288e-01
3.800000000000000e+00	8.143605217740418e-01
3.800000000000000e+00	7.985253397814661e-01
3.800000000000000e+00	7.913547905158359e-01
3.800000000000000e+00	7.931287328361483e-01
3.800000000000000e+00	7.693490746382230e-01
3.800000000000000e+00	8.277999535085687e-01
3.800000000000000e+00	7.862816009050561e-01
3.800000000000000e+00	7.989019188271154e-01
3.800000000000000e+00	7.942890051328337e-01
3.800000000000000e+00	7.967792094605667e-01
3.800000000000000e+00	8.044046563644116e-01
3.800000000000000e+00	7.901779983019465e-01
3.800000000000000e+00	8.540349726131938e-01
3.800000000000000e+00	7.888042875710288e-01
3.800000000000000e+00	7.930414045026368e-01
3.800000000000000e+00	7.976385534561978e-01
3.800000000000000e+00	8.038405099518491e-01
3.800000000000000e+00	7.548330188609353e-01
3.800000000000000e+00	8.201850219357844e-01
3.800000000000000e+00	8.361475702440746e-01
3.800000000000000e+00	7.792770404089395e-01
3.800000000000000e+00	8.086126329310408e-01
3.800000000000000e+00	8.053665089045169e-01
3.800000000000000e+00	8.181698348933377e-01
3.800000000000000e+00	8.193340990721325e-01
3.800000000000000e+00	7.782098544757531e-01
3.800000000000000e+00	7.394163288898631e-01
3.800000000000000e+00	7.900954643951452e-01
3.800000000000000e+00	8.228126224635779e-01
3.800000000000000e+00	8.309950750000020e-01
3.800000000000000e+00	7.657744211112034e-01
3.800000000000000e+00	7.888965591298271e-01
3.800000000000000e+00	7.642941720266018e-01
3.800000000000000e+00	7.777410684611274e-01
3.800000000000000e+00	8.630649374485796e-01
3.800000000000000e+00	8.367261884767413e-01
3.800000000000000e+00	7.796765668510056e-01
3.800000000000000e+00	7.871431391845980e-01
3.800000000000000e+00	7.981192690591803e-01
3.800000000000000e+00	7.950597723363246e-01
3.800000000000000e+00	7.827159911774130e-01
3.800000000000000e+00	7.947922274089864e-01
3.800000000000000e+00	8.191992735171221e-01
3.800000000000000e+00	8.121195920654641e-01
3.800000000000000e+00	7.863477607998904e-01
3.800000000000000e+00	8.002553252174325e-01
3.800000000000000e+00	8.187692320619632e-01
3.800000000000000e+00	8.419273164057433e-01
3.800000000000000e+00	7.942093107676400e-01
3.800000000000000e+00	8.189551497213927e-01
3.800000000000000e+00	7.656087047840527e-01
3.800000000000000e+00	7.884018654872900e-01
3.800000000000000e+00	8.013805101711863e-01
3.800000000000000e+00	7.916548961973519e-01
3.800000000000000e+00	7.734455151247068e-01
3.800000000000000e+00	7.844401642625265e-01
3.800000000000000e+00	7.986381285964168e-01
3.800000000000000e+00	7.846244263558604e-01
3.800000000000000e+00	7.901650600394868e-01
3.800000000000000e+00	7.939503895433120e-01
3.800000000000000e+00	8.086260940008893e-01
3.800000000000000e+00	8.399805517125242e-01
3.800000000000000e+00	8.015172209793237e-01
3.800000000000000e+00	7.959892148412014e-01
3.800000000000000e+00	7.935051926485595e-01
3.800000000000000e+00	8.067845282531595e-01
3.800000000000000e+00	8.085630611469983e-01
3.800000000000000e+00	8.089857884645424e-01
3.800000000000000e+00	8.060219259388541e-01
3.800000000000000e+00	8.188684563736249e-01
3.800000000000000e+00	7.416840106128136e-01
3.800000000000000e+00	7.888544102258541e-01
3.800000000000000e+00	7.653734728279813e-01
3.800000000000000e+00	8.308859884208976e-01
3.800000000000000e+00	8.133483768785360e-01
3.800000000000000e+00	8.199995812552783e-01
3.800000000000000e+00	8.135994415587611e-01
3.800000000000000e+00	7.981687401921582e-01
3.800000000000000e+00	7.921411850781204e-01
3.800000000000000e+00	8.315136960973940e-01
3.800000000000000e+00	8.382243296328865e-01
3.800000000000000e+00	7.936548307935636e-01
3.800000000000000e+00	7.506805648671225e-01
3.800000000000000e+00	7.459942654481933e-01
3.800000000000000e+00	7.578496163200110e-01
3.800000000000000e+00	8.048139527856537e-01
3.800000000000000e+00	8.045296051164090e-01
3.800000000000000e+00	8.086519598797588e-01
3.800000000000000e+00	8.018307704519243e-01
3.800000000000000e+00	8.131755523335574e-01
3.800000000000000e+00	7.857612118693795e-01
3.800000000000000e+00	7.581529737954785e-01
3.800000000000000e+00	7.626638215236897e-01
3.800000000000000e+00	8.021323317532747e-01
3.800000000000000e+00	7.831739966950874e-01
3.800000000000000e+00	7.944796867572601e-01
3.800000000000000e+00	7.914383019607995e-01
3.800000000000000e+00	7.733228474567282e-01
3.800000000000000e+00	8.140483650777406e-01
3.800000000000000e+00	7.962771170986583e-01
3.800000000000000e+00	8.052701148652898e-01
3.800000000000000e+00	7.627533600147832e-01
3.800000000000000e+00	8.020648857572822e-01
3.800000000000000e+00	7.825118648908100e-01
3.800000000000000e+00	7.990957489210634e-01
3.800000000000000e+00	8.133219099112385e-01
3.800000000000000e+00	7.449007983869205e-01
3.800000000000000e+00	7.803673856704693e-01
3.800000000000000e+00	7.927898498163607e-01
3.800000000000000e+00	7.948697800739079e-01
3.800000000000000e+00	8.439482954052399e-01
3.800000000000000e+00	8.035354618210843e-01
3.800000000000000e+00	7.974675395210472e-01
3.800000000000000e+00	7.771470959210686e-01
3.800000000000000e+00	7.868998181141467e-01
3.800000000000000e+00	7.707707575029346e-01
3.800000000000000e+00	7.421315092640047e-01
3.800000000000000e+00	7.531602651288180e-01
3.800000000000000e+00	8.134853484991148e-01
3.800000000000000e+00	8.332219611966000e-01
3.800000000000000e+00	7.468523269391806e-01
3.800000000000000e+00	7.621971185524868e-01
3.800000000000000e+00	8.322822611144650e-01
3.800000000000000e+00	7.986441571759464e-01
3.800000000000000e+00	7.718135319850371e-01
3.800000000000000e+00	8.216949521571670e-01
3.800000000000000e+00	7.824442522440515e-01
3.800000000000000e+00	7.960385202282867e-01
3.800000000000000e+00	8.032224574561950e-01
3.800000000000000e+00	8.255171840043047e-01
3.800000000000000e+00	8.134753876659470e-01
3.800000000000000e+00	7.888782710580728e-01
3.800000000000000e+00	7.976057021177035e-01
3.800000000000000e+00	8.407682874485578e-01
3.800000000000000e+00	7.926779645000135e-01
3.800000000000000e+00	8.044684107051701e-01
3.800000000000000e+00	7.371435971206211e-01
3.800000000000000e+00	7.793367017115467e-01
3.800000000000000e+00	7.636450843806321e-01
3.800000000000000e+00	7.718818534447276e-01
3.800000000000000e+00	8.259796947801887e-01
3.800000000000000e+00	7.810417185005127e-01
3.800000000000000e+00	7.920905929510380e-01
3.800000000000000e+00	7.621986763816512e-01
3.800000000000000e+00	7.991786869720494e-01
3.800000000000000e+00	8.092555855607210e-01
3.800000000000000e+00	8.000083698711865e-01
3.800000000000000e+00	8.469568369675480e-01
3.800000000000000e+00	8.076412808881779e-01
3.800000000000000e+00	7.854779471430164e-01
3.800000000000000e+00	7.986623991519021e-01
3.800000000000000e+00	8.084281161954093e-01
3.800000000000000e+00	8.191010955867413e-01
3.800000000000000e+00	7.676555521923338e-01
3.800000000000000e+00	7.684479376645333e-01
3.800000000000000e+00	8.098919843196738e-01
3.800000000000000e+00	8.031177163650627e-01
3.800000000000000e+00	8.320684041558961e-01
3.800000000000000e+00	7.986656847078247e-01
3.800000000000000e+00	8.080976963016421e-01
3.800000000000000e+00	8.049078067152601e-01
3.800000000000000e+00	7.655811614026131e-01
3.800000000000000e+00	7.820347901196807e-01
3.800000000000000e+00	7.930542724135888e-01
3.800000000000000e+00	7.770454648137396e-01
3.800000000000000e+00	7.844120091053478e-01
3.800000000000000e+00	7.966422314354845e-01
3.800000000000000e+00	7.966143656978130e-01
3.800000000000000e+00	7.860301154315285e-01
3.800000000000000e+00	8.407941360547703e-01
3.800000000000000e+00	7.813757627398683e-01
3.800000000000000e+00	7.869247432069979e-01
3.800000000000000e+00	7.961058115960953e-01
3.800000000000000e+00	7.718242049589106e-01
3.800000000000000e+00	8.019709091820115e-01
3.800000000000000e+00	8.243829637004801e-01
3.800000000000000e+00	7.922176082673599e-01
3.800000000000000e+00	8.425276041590768e-01
3.800000000000000e+00	7.674140248060812e-01
3.800000000000000e+00	8.124860896129072e-01
3.800000000000000e+00	7.997525974831925e-01
3.800000000000000e+00	7.957424283334640e-01
3.800000000000000e+00	7.740379316681550e-01
3.800000000000000e+00	8.098982679662673e-01
3.800000000000000e+00	7.876824248693026e-01
3.800000000000000e+00	8.261272082100366e-01
3.800000000000000e+00	7.828320132581020e-01
3.800000000000000e+00	7.720668943535892e-01
3.800000000000000e+00	7.923754023500786e-01
3.800000000000000e+00	8.284452581321193e-01
3.800000000000000e+00	7.856504899312373e-01
3.800000000000000e+00	8.167930892096478e-01
3.800000000000000e+00	8.512685171443979e-01
3.800000000000000e+00	7.927778473817141e-01
3.800000000000000e+00	7.925353228888473e-01
3.800000000000000e+00	8.072432336491873e-01
3.800000000000000e+00	8.017517556738694e-01
3.800000000000000e+00	7.642255441965327e-01
3.800000000000000e+00	7.840890677838445e-01
3.800000000000000e+00	8.275983323349217e-01
3.800000000000000e+00	8.002284043052994e-01
3.800000000000000e+00	7.676121061998220e-01
3.800000000000000e+00	7.859049902050809e-01
3.800000000000000e+00	8.322046525488901e-01
3.800000000000000e+00	7.788865462990754e-01
3.800000000000000e+00	7.684830759560055e-01
3.800000000000000e+00	7.823859288003302e-01
3.800000000000000e+00	7.858716469678633e-01
3.800000000000000e+00	8.105137545702094e-01
3.800000000000000e+00	7.880708175509982e-01
3.800000000000000e+00	8.184569984547684e-01
3.800000000000000e+00	8.198801499870245e-01
3.800000000000000e+00	7.928598449557449e-01
3.800000000000000e+00	7.829024513169286e-01
3.800000000000000e+00	7.855060273042502e-01
3.800000000000000e+00	7.482982526139144e-01
3.800000000000000e+00	8.326869359575249e-01
3.800000000000000e+00	8.223851503800960e-01
3.800000000000000e+00	7.958566226366274e-01
3.800000000000000e+00	8.193253472672657e-01
3.800000000000000e+00	8.123691648692624e-01
3.800000000000000e+00	7.979208102172591e-01
3.800000000000000e+00	8.135454277028803e-01
3.800000000000000e+00	7.643434223134281e-01
3.800000000000000e+00	7.839614177463408e-01
3.800000000000000e+00	8.224934474871443e-01
3.800000000000000e+00	8.062127292067489e-01
3.800000000000000e+00	7.922050264798057e-01
3.800000000000000e+00	8.444558862199250e-01
3.800000000000000e+00	8.194064552203718e-01
3.800000000000000e+00	7.537948383309109e-01
3.800000000000000e+00	7.542481650020024e-01
3.800000000000000e+00	8.036601544636947e-01
3.800000000000000e+00	8.284662140975284e-01
3.800000000000000e+00	7.856244007503108e-01
3.800000000000000e+00	7.606884758009058e-01
3.800000000000000e+00	7.826050375017604e-01
3.800000000000000e+00	7.887709812650849e-01
3.800000000000000e+00	8.775083126493279e-01
3.800000000000000e+00	8.424772020884563e-01
3.800000000000000e+00	7.611966642180688e-01
3.800000000000000e+00	8.295960737895131e-01
3.800000000000000e+00	8.307516136156322e-01
3.800000000000000e+00	8.329397180873297e-01
3.800000000000000e+00	8.192484043466196e-01
3.800000000000000e+00	7.840083061793954e-01
3.800000000000000e+00	7.919508083235304e-01
3.800000000000000e+00	8.040786230347964e-01
3.800000000000000e+00	8.176348778484526e-01
3.800000000000000e+00	7.580315926809312e-01
3.800000000000000e+00	7.592644148387773e-01
3.800000000000000e+00	8.387064099852714e-01
3.800000000000000e+00	7.987238577134446e-01
3.800000000000000e+00	7.731910694762404e-01
3.800000000000000e+00	7.637708527240268e-01
3.800000000000000e+00	7.837036144392309e-01
3.800000000000000e+00	8.275914259268400e-01
3.800000000000000e+00	7.980248325019772e-01
3.800000000000000e+00	7.973855692606996e-01
3.800000000000000e+00	8.215402285904945e-01
3.800000000000000e+00	7.917690515549858e-01
3.800000000000000e+00	7.904977297746929e-01
3.800000000000000e+00	8.004918814334138e-01
3.800000000000000e+00	8.264998674417695e-01
3.800000000000000e+00	7.749282673428697e-01
3.800000000000000e+00	7.792826093087798e-01
3.800000000000000e+00	7.947946510111135e-01
3.800000000000000e+00	8.383497140642419e-01
3.800000000000000e+00	7.699489223331212e-01
3.800000000000000e+00	7.713909557537835e-01
3.800000000000000e+00	7.596827747865055e-01
3.800000000000000e+00	8.320256415532703e-01
3.800000000000000e+00	8.328278652369874e-01
3.800000000000000e+00	8.213959307778925e-01
3.800000000000000e+00	7.886807947277343e-01
3.800000000000000e+00	8.322590934947537e-01
3.800000000000000e+00	7.677738975577362e-01
3.800000000000000e+00	7.667259585955361e-01
3.800000000000000e+00	8.301411023168395e-01
3.800000000000000e+00	7.692915171131789e-01
3.800000000000000e+00	7.934850741023135e-01
3.800000000000000e+00	8.140652428071962e-01
3.800000000000000e+00	7.842515156346639e-01
3.800000000000000e+00	7.871102034205648e-01
3.800000000000000e+00	8.441282065591196e-01
3.800000000000000e+00	8.004926603362632e-01
3.800000000000000e+00	8.210351707483405e-01
3.800000000000000e+00	7.912452359251211e-01
3.800000000000000e+00	8.223829566267520e-01
3.800000000000000e+00	7.992505155945538e-01
3.800000000000000e+00	8.126506551050364e-01
3.800000000000000e+00	7.764881769144506e-01
3.800000000000000e+00	7.814035098103501e-01
3.800000000000000e+00	8.019945714416052e-01
3.800000000000000e+00	8.423013915153632e-01
3.800000000000000e+00	7.839593259254849e-01
3.800000000000000e+00	7.985982575664166e-01
3.800000000000000e+00	7.785875842235959e-01
3.800000000000000e+00	8.201826276271260e-01
3.800000000000000e+00	7.654749938844500e-01
3.800000000000000e+00	7.924938535028211e-01
3.800000000000000e+00	7.973614084582725e-01
3.800000000000000e+00	7.683128943712509e-01
3.800000000000000e+00	8.005531215495585e-01
3.800000000000000e+00	8.344846651772762e-01
3.800000000000000e+00	7.929840221065579e-01
3.800000000000000e+00	8.328466150457275e-01
3.800000000000000e+00	7.926010327170729e-01
3.800000000000000e+00	7.909969618948010e-01
3.800000000000000e+00	7.974444892222948e-01
3.800000000000000e+00	8.079120030798760e-01
3.800000000000000e+00	7.687691358205371e-01
3.800000000000000e+00	8.045687430397384e-01
3.800000000000000e+00	7.708078756179482e-01
3.800000000000000e+00	7.785388458003355e-01
3.800000000000000e+00	8.133722691099424e-01
3.800000000000000e+00	7.916161867378355e-01
3.800000000000000e+00	7.937233805639011e-01
3.800000000000000e+00	8.086123169871202e-01
3.800000000000000e+00	7.972179899865451e-01
3.800000000000000e+00	7.855950319433508e-01
3.800000000000000e+00	8.018362972971659e-01
3.800000000000000e+00	8.086113356952768e-01
3.800000000000000e+00	7.657363207299751e-01
3.800000000000000e+00	8.092756658141577e-01
3.800000000000000e+00	8.105143928364001e-01
3.800000000000000e+00	7.998719883176162e-01
3.800000000000000e+00	8.250067340111171e-01
3.800000000000000e+00	8.345149064888093e-01
3.800000000000000e+00	8.099938935738082e-01
3.800000000000000e+00	8.265548861542011e-01
3.800000000000000e+00	7.902038807909354e-01
3.800000000000000e+00	7.598131237851057e-01
3.800000000000000e+00	8.266182999131886e-01
3.800000000000000e+00	7.528802580986800e-01
3.800000000000000e+00	7.945083006898402e-01
3.800000000000000e+00	8.143195308056409e-01
3.800000000000000e+00	7.896201131860212e-01
3.800000000000000e+00	7.777223938651026e-01
3.800000000000000e+00	7.907117219356428e-01
3.800000000000000e+00	8.317595147086388e-01
3.800000000000000e+00	8.208076143371172e-01
3.800000000000000e+00	8.051151288593200e-01
3.800000000000000e+00	8.002894914778361e-01
3.800000000000000e+00	8.181002744550753e-01
3.800000000000000e+00	8.159431381216251e-01
3.800000000000000e+00	8.436895185653025e-01
3.800000000000000e+00	7.875899075503561e-01
3.800000000000000e+00	8.235376433419703e-01
3.800000000000000e+00	7.529639357821112e-01
3.800000000000000e+00	7.748590693543324e-01
3.800000000000000e+00	7.733258518806561e-01
3.800000000000000e+00	7.918862917176088e-01
3.800000000000000e+00	7.944879614315139e-01
3.800000000000000e+00	8.035842028325982e-01
3.800000000000000e+00	8.366240447251739e-01
3.800000000000000e+00	7.737444636709038e-01
3.800000000000000e+00	7.973332590411002e-01
3.800000000000000e+00	7.709945543160739e-01
3.800000000000000e+00	7.823394712851274e-01
3.800000000000000e+00	7.745479628678268e-01
3.800000000000000e+00	7.806786748210055e-01
3.800000000000000e+00	7.780159365223478e-01
3.800000000000000e+00	8.032215491608471e-01
3.800000000000000e+00	8.508082833281918e-01
3.800000000000000e+00	8.257906549415066e-01
3.800000000000000e+00	8.025962929261353e-01
3.800000000000000e+00	8.160582868746072e-01
3.800000000000000e+00	7.790617221250614e-01
3.800000000000000e+00	7.906655486941244e-01
3.800000000000000e+00	8.247189329422071e-01
3.800000000000000e+00	7.410883888913518e-01
3.800000000000000e+00	7.853030516854433e-01
3.800000000000000e+00	7.682677445749285e-01
3.800000000000000e+00	8.303066343128096e-01
3.800000000000000e+00	8.204881445558597e-01
3.800000000000000e+00	7.843413334141743e-01
3.800000000000000e+00	7.728450989295167e-01
3.800000000000000e+00	8.004535002742693e-01
3.800000000000000e+00	7.915396805059076e-01
3.800000000000000e+00	8.002388303284611e-01
3.800000000000000e+00	8.224118723214704e-01
3.800000000000000e+00	8.312559610479118e-01
3.800000000000000e+00	7.909829953660349e-01
3.800000000000000e+00	8.036596867967397e-01
3.800000000000000e+00	7.829769656901218e-01
3.800000000000000e+00	8.332889418487848e-01
3.800000000000000e+00	7.785140411960059e-01
3.800000000000000e+00	7.505286303613266e-01
3.800000000000000e+00	7.574254310680741e-01
3.800000000000000e+00	7.470748971797295e-01
3.800000000000000e+00	7.727549912464438e-01
3.800000000000000e+00	7.916910977592331e-01
3.800000000000000e+00	8.076863434342841e-01
3.800000000000000e+00	7.747921349703292e-01
3.800000000000000e+00	7.890401972729271e-01
3.800000000000000e+00	7.903610510846039e-01
3.800000000000000e+00	7.860411211336805e-01
3.800000000000000e+00	8.202748592307688e-01
3.800000000000000e+00	7.806934334168343e-01
3.800000000000000e+00	8.110153817731734e-01
3.800000000000000e+00	8.010153418962005e-01
3.800000000000000e+00	7.936838283616000e-01
3.800000000000000e+00	8.020856369636838e-01
3.800000000000000e+00	7.657518389690016e-01
3.800000000000000e+00	8.514528366106277e-01
3.800000000000000e+00	8.230614078668469e-01
3.800000000000000e+00	7.878840268814014e-01
3.800000000000000e+00	8.197558164760053e-01
3.800000000000000e+00	7.827131932858790e-01
3.800000000000000e+00	8.198713866113626e-01
3.800000000000000e+00	7.644189263340820e-01
3.800000000000000e+00	7.997253016556067e-01
3.800000000000000e+00	8.249063332964445e-01
3.800000000000000e+00	7.722204979004460e-01
3.800000000000000e+00	7.606187649813547e-01
3.800000000000000e+00	7.872930454494824e-01
3.800000000000000e+00	7.588091938769465e-01
3.800000000000000e+00	7.547348358159420e-01
3.800000000000000e+00	8.135189619723856e-01
3.800000000000000e+00	8.173089310433944e-01
3.800000000000000e+00	8.068021384533117e-01
3.800000000000000e+00	7.883324724737074e-01
3.800000000000000e+00	7.785488112547942e-01
3.800000000000000e+00	7.876389439048297e-01
3.800000000000000e+00	7.739894624497391e-01
3.800000000000000e+00	7.928774024155900e-01
3.800000000000000e+00	7.977594569405421e-01
3.800000000000000e+00	8.111173200585036e-01
3.800000000000000e+00	8.008911971666747e-01
3.800000000000000e+00	8.084849989235002e-01
3.800000000000000e+00	7.928592057859233e-01
3.800000000000000e+00	7.889872887238457e-01
3.800000000000000e+00	8.034210607442471e-01
3.800000000000000e+00	7.990748035658148e-01
3.800000000000000e+00	7.764441289759190e-01
3.800000000000000e+00	8.021299543062298e-01
3.800000000000000e+00	7.942547517918287e-01
3.800000000000000e+00	8.182391129830279e-01
3.800000000000000e+00	7.874433185225987e-01
3.800000000000000e+00	7.430699326695296e-01
3.800000000000000e+00	7.277144923342463e-01
3.800000000000000e+00	8.170945568202788e-01
3.800000000000000e+00	7.806017029970991e-01
3.800000000000000e+00	7.855251041376752e-01
3.800000000000000e+00	7.819295192965486e-01
3.800000000000000e+00	7.968560836033174e-01
3.800000000000000e+00	8.061327075063834e-01
3.800000000000000e+00	7.909073621604158e-01
3.800000000000000e+00	7.489265751802361e-01
3.800000000000000e+00	8.169156456619820e-01
3.800000000000000e+00	7.578566457883308e-01
3.800000000000000e+00	7.733184844627132e-01
3.800000000000000e+00	8.087015698925005e-01
3.800000000000000e+00	8.197962192056137e-01
3.800000000000000e+00	8.088994916484157e-01
3.800000000000000e+00	7.527065415807378e-01
3.800000000000000e+00	7.721914829559556e-01
3.800000000000000e+00	8.058000133388599e-01
3.800000000000000e+00	8.110030025820599e-01
3.800000000000000e+00	7.868172323802102e-01
3.800000000000000e+00	8.026971569083291e-01
3.800000000000000e+00	7.955952795481923e-01
3.800000000000000e+00	7.802101587307574e-01
3.800000000000000e+00	7.630241002531233e-01
3.800000000000000e+00	7.879686046094891e-01
3.800000000000000e+00	7.710098355659574e-01
3.800000000000000e+00	7.730496108742347e-01
3.800000000000000e+00	7.597409760111400e-01
3.800000000000000e+00	7.661223296576398e-01
3.800000000000000e+00	8.373302622477966e-01
3.800000000000000e+00	7.967909270288487e-01
3.800000000000000e+00	7.659382752520572e-01
3.800000000000000e+00	7.715195262393519e-01
3.800000000000000e+00	7.914454248058804e-01
3.800000000000000e+00	8.082936818246241e-01
3.800000000000000e+00	7.825094842693673e-01
3.800000000000000e+00	8.080261008157489e-01
3.800000000000000e+00	8.125641072263006e-01
3.800000000000000e+00	8.113379555946346e-01
3.800000000000000e+00	7.911530066583189e-01
3.800000000000000e+00	7.790838026558831e-01
3.800000000000000e+00	7.717005470460008e-01
3.800000000000000e+00	7.864927702268377e-01
3.800000000000000e+00	8.140525422720541e-01
3.800000000000000e+00	7.722705791472728e-01
3.800000000000000e+00	7.756559156279293e-01
3.800000000000000e+00	7.647245697016003e-01
3.800000000000000e+00	7.776790351038529e-01
3.800000000000000e+00	7.772006066293763e-01
3.800000000000000e+00	7.678823156496248e-01
3.800000000000000e+00	7.942847739099717e-01
3.800000000000000e+00	7.563559706209301e-01
3.800000000000000e+00	7.892014467488795e-01
3.800000000000000e+00	8.125659980727427e-01
3.800000000000000e+00	8.230474891741787e-01
3.800000000000000e+00	8.146877022200819e-01
3.800000000000000e+00	7.860144068916149e-01
3.800000000000000e+00	8.231852167325890e-01
3.800000000000000e+00	8.069796406996199e-01
3.800000000000000e+00	7.959488514820018e-01
3.800000000000000e+00	7.984412680551326e-01
3.800000000000000e+00	7.722876481265242e-01
3.800000000000000e+00	8.244644473508507e-01
3.800000000000000e+00	7.994823688485874e-01
3.800000000000000e+00	7.744422835277422e-01
3.800000000000000e+00	8.043881095936660e-01
3.800000000000000e+00	7.537093241675892e-01
3.800000000000000e+00	8.177281691010068e-01
3.800000000000000e+00	7.825846084589217e-01
3.800000000000000e+00	7.714641349027076e-01
3.800000000000000e+00	8.096741780389725e-01
3.800000000000000e+00	7.977971767353682e-01
3.800000000000000e+00	8.029868971032557e-01
3.800000000000000e+00	7.802509174871286e-01
3.800000000000000e+00	7.586029302009116e-01
3.800000000000000e+00	7.671136433369394e-01
3.800000000000000e+00	7.368347186528588e-01
3.800000000000000e+00	7.841736543849299e-01
3.800000000000000e+00	8.300336787987133e-01
3.800000000000000e+00	8.195403368737755e-01
3.800000000000000e+00	7.768239338264178e-01
3.800000000000000e+00	7.983655455429037e-01
3.800000000000000e+00	7.715503797976853e-01
3.800000000000000e+00	7.843117661789232e-01
3.800000000000000e+00	7.585933483909079e-01
3.800000000000000e+00	8.488106906298950e-01
3.800000000000000e+00	7.728636960415928e-01
3.800000000000000e+00	8.294187867905884e-01
3.800000000000000e+00	8.307978463179712e-01
3.800000000000000e+00	8.062835254742479e-01
3.800000000000000e+00	8.029910543708811e-01
3.800000000000000e+00	8.317684747655441e-01
3.800000000000000e+00	8.087534577172988e-01
3.800000000000000e+00	7.736773534911252e-01
3.800000000000000e+00	8.314370578584858e-01
3.800000000000000e+00	8.012907355824288e-01
3.800000000000000e+00	8.012942212507950e-01
3.800000000000000e+00	8.094733719021662e-01
3.800000000000000e+00	7.800490187361041e-01
3.800000000000000e+00	8.055916179311482e-01
3.800000000000000e+00	7.978522025277339e-01
3.800000000000000e+00	8.064880194001455e-01
3.800000000000000e+00	7.984443244781566e-01
3.800000000000000e+00	7.849378019296681e-01
3.800000000000000e+00	8.299490428500094e-01
3.800000000000000e+00	7.998058161465659e-01
3.800000000000000e+00	8.145014354059087e-01
3.800000000000000e+00	8.158481446381508e-01
3.800000000000000e+00	8.113101778002614e-01
3.800000000000000e+00	7.610231390045982e-01
3.800000000000000e+00	7.529593857286018e-01
3.800000000000000e+00	8.253561530133158e-01
3.800000000000000e+00	7.947637609072514e-01
3.800000000000000e+00	8.119960354445410e-01
3.800000000000000e+00	8.153882442794050e-01
3.800000000000000e+00	7.993328200702666e-01
3.800000000000000e+00	8.163997742811142e-01
3.800000000000000e+00	7.797362576480199e-01
3.800000000000000e+00	7.518413047720185e-01
3.800000000000000e+00	7.522252427458722e-01
3.800000000000000e+00	7.853288299051813e-01
3.800000000000000e+00	7.724084201711894e-01
3.800000000000000e+00	8.047412514616715e-01
3.800000000000000e+00	8.035026530532396e-01
3.800000000000000e+00	7.294088327016329e-01
3.800000000000000e+00	8.058060827420019e-01
3.800000000000000e+00	8.339150070299370e-01
3.800000000000000e+00	7.846400439119317e-01
3.800000000000000e+00	7.965572054950949e-01
3.800000000000000e+00	7.808465671848323e-01
3.800000000000000e+00	7.915255739993321e-01
3.800000000000000e+00	7.875797904153402e-01
3.800000000000000e+00	7.526032085084893e-01
3.800000000000000e+00	7.650205104193587e-01
3.800000000000000e+00	7.605140943843606e-01
3.800000000000000e+00	8.174755030837100e-01
3.800000000000000e+00	8.129329293250768e-01
3.800000000000000e+00	7.639244052355502e-01
3.800000000000000e+00	7.675739758396475e-01
3.800000000000000e+00	8.648388762467764e-01
3.800000000000000e+00	8.264156296231571e-01
3.800000000000000e+00	7.655253707074903e-01
3.800000000000000e+00	7.631623950714286e-01
3.800000000000000e+00	8.021022971201712e-01
3.800000000000000e+00	7.777715045161815e-01
3.800000000000000e+00	7.963359302251550e-01
3.800000000000000e+00	7.918650864326094e-01
3.800000000000000e+00	7.760314949358196e-01
3.800000000000000e+00	7.927894912136394e-01
3.800000000000000e+00	7.757443300684161e-01
3.800000000000000e+00	8.503167480477990e-01
3.800000000000000e+00	7.856982896184260e-01
3.800000000000000e+00	7.270258711420939e-01
3.800000000000000e+00	8.141022787270453e-01
3.800000000000000e+00	8.096670782181038e-01
3.800000000000000e+00	7.929651183219408e-01
3.800000000000000e+00	7.644473619770593e-01
3.800000000000000e+00	7.491694354018172e-01
3.800000000000000e+00	7.741812922425737e-01
3.800000000000000e+00	7.632583685471731e-01
3.800000000000000e+00	7.899647518021536e-01
3.800000000000000e+00	7.999298544140280e-01
3.800000000000000e+00	8.009229486375642e-01
3.800000000000000e+00	7.894204203522364e-01
3.800000000000000e+00	7.928372399332142e-01
3.800000000000000e+00	7.771315032152940e-01
3.800000000000000e+00	7.886442560816973e-01
3.800000000000000e+00	8.378614904522090e-01
3.800000000000000e+00	7.816631872659590e-01
3.800000000000000e+00	8.132208281403940e-01
3.800000000000000e+00	7.922606734112814e-01
3.800000000000000e+00	8.304170932814353e-01
3.800000000000000e+00	8.018612184416575e-01
3.800000000000000e+00	8.103721485797257e-01
3.800000000000000e+00	8.209031406816604e-01
3.800000000000000e+00	8.244488263254176e-01
3.800000000000000e+00	7.976181998910959e-01
3.800000000000000e+00	8.187240874117371e-01
3.800000000000000e+00	7.769591377667842e-01
3.800000000000000e+00	7.799314099401592e-01
3.800000000000000e+00	7.826113969687460e-01
3.800000000000000e+00	7.737615974595535e-01
3.800000000000000e+00	8.267127417035122e-01
3.800000000000000e+00	7.622894405956995e-01
3.800000000000000e+00	7.418151871970666e-01
3.800000000000000e+00	7.953685769131797e-01
3.800000000000000e+00	7.826675194273223e-01
3.800000000000000e+00	7.836027095904922e-01
3.800000000000000e+00	7.529655738731390e-01
3.800000000000000e+00	7.746765278713541e-01
3.800000000000000e+00	7.632611672123722e-01
3.800000000000000e+00	7.760367504078095e-01
3.800000000000000e+00	8.066157338790317e-01
3.800000000000000e+00	7.977497345996541e-01
3.800000000000000e+00	8.323000195175543e-01
3.800000000000000e+00	7.423306752197835e-01
3.800000000000000e+00	7.939920851278234e-01
3.800000000000000e+00	7.823119275218343e-01
3.800000000000000e+00	7.786191811083649e-01
3.800000000000000e+00	7.854731744350579e-01
3.800000000000000e+00	7.752921803775187e-01
3.800000000000000e+00	7.956827963795196e-01
3.800000000000000e+00	7.964202708899931e-01
3.800000000000000e+00	7.585082634277572e-01
3.800000000000000e+00	8.357234988104032e-01
3.800000000000000e+00	7.612983479973628e-01
3.800000000000000e+00	7.820356878276130e-01
3.800000000000000e+00	7.964178849736707e-01
3.800000000000000e+00	8.014064758248217e-01
3.800000000000000e+00	7.969124830969920e-01
3.800000000000000e+00	8.331677472885424e-01
3.800000000000000e+00	7.918832797104358e-01
3.800000000000000e+00	8.015403439778095e-01
3.800000000000000e+00	7.768125282983128e-01
3.800000000000000e+00	7.947465586828435e-01
3.800000000000000e+00	8.170520475800761e-01
3.800000000000000e+00	7.805297797577735e-01
3.800000000000000e+00	8.125138087936326e-01
3.800000000000000e+00	8.041503110936206e-01
3.800000000000000e+00	7.601702027065256e-01
3.800000000000000e+00	7.658456293352364e-01
3.800000000000000e+00	8.160002052503644e-01
3.800000000000000e+00	8.023438964084287e-01
3.800000000000000e+00	8.405790603213494e-01
3.800000000000000e+00	8.039652256773764e-01
3.800000000000000e+00	7.650391088860415e-01
3.800000000000000e+00	7.137238207561443e-01
3.800000000000000e+00	8.359102187032713e-01
3.800000000000000e+00	7.838375360145997e-01
3.800000000000000e+00	8.001206908657661e-01
3.800000000000000e+00	7.505268818890276e-01
3.800000000000000e+00	8.020581676567666e-01
3.800000000000000e+00	8.001969533594852e-01
3.800000000000000e+00	7.869451808046372e-01
3.800000000000000e+00	8.046133789886207e-01
3.800000000000000e+00	7.822250546219425e-01
3.800000000000000e+00	8.451266561680317e-01
3.800000000000000e+00	8.031114393362631e-01
3.800000000000000e+00	7.638445865587138e-01
3.800000000000000e+00	8.259811944186879e-01
3.800000000000000e+00	8.081593698915486e-01
3.800000000000000e+00	7.714065133636149e-01
3.800000000000000e+00	7.752166774176223e-01
3.800000000000000e+00	7.799028899656467e-01
3.800000000000000e+00	7.908287651921284e-01
3.800000000000000e+00	7.823497892294454e-01
3.800000000000000e+00	7.958568754041221e-01
3.800000000000000e+00	7.943397341706364e-01
3.800000000000000e+00	7.758417348784221e-01
3.800000000000000e+00	7.891089638155564e-01
3.800000000000000e+00	7.571423284300653e-01
3.800000000000000e+00	8.624150215544746e-01
3.800000000000000e+00	8.392785881420175e-01
3.800000000000000e+00	7.837690441057426e-01
3.800000000000000e+00	8.046682813829427e-01
3.800000000000000e+00	7.912557495095347e-01
3.800000000000000e+00	7.867123362946267e-01
3.800000000000000e+00	8.301892286866602e-01
3.800000000000000e+00	7.766972189440549e-01
3.800000000000000e+00	7.944508185198317e-01
3.800000000000000e+00	7.919459864037848e-01
3.800000000000000e+00	7.783758317551930e-01
3.800000000000000e+00	7.713786221900074e-01
3.800000000000000e+00	8.176453981771111e-01
3.800000000000000e+00	8.286478149299734e-01
3.800000000000000e+00	8.194651114675229e-01
3.800000000000000e+00	7.912741180627219e-01
3.800000000000000e+00	8.096954030471496e-01
3.800000000000000e+00	7.822872445587523e-01
3.800000000000000e+00	8.028848500823228e-01
3.800000000000000e+00	7.926181733933358e-01
3.800000000000000e+00	7.850071681846397e-01
3.800000000000000e+00	7.959906566347271e-01
3.800000000000000e+00	7.894752504340142e-01
3.800000000000000e+00	7.917789916923769e-01
3.800000000000000e+00	8.249074573000404e-01
3.800000000000000e+00	8.218198603741578e-01
3.800000000000000e+00	8.095247064100729e-01
3.800000000000000e+00	7.813953905499732e-01
3.800000000000000e+00	7.815487173546853e-01
3.800000000000000e+00	8.172965370926748e-01
3.800000000000000e+00	8.362874195247346e-01
3.800000000000000e+00	8.226602114708063e-01
3.800000000000000e+00	8.080751981667366e-01
3.800000000000000e+00	7.997466703614645e-01
3.800000000000000e+00	7.820720124038852e-01
3.800000000000000e+00	8.165025948072240e-01
3.800000000000000e+00	8.362146360398331e-01
3.800000000000000e+00	7.962664606498155e-01
3.800000000000000e+00	8.166667046966885e-01
3.800000000000000e+00	8.073717969242408e-01
3.800000000000000e+00	8.154015150688319e-01
3.800000000000000e+00	8.288895456496975e-01
3.800000000000000e+00	8.146022953804806e-01
3.800000000000000e+00	7.866701417782488e-01
3.800000000000000e+00	8.077934079867423e-01
3.800000000000000e+00	8.115345851298212e-01
3.800000000000000e+00	8.206434225021365e-01
3.800000000000000e+00	7.661708885691925e-01
3.800000000000000e+00	7.813309458863250e-01
3.800000000000000e+00	8.080987824180655e-01
3.800000000000000e+00	8.330939299137576e-01
3.800000000000000e+00	8.024218633075511e-01
3.800000000000000e+00	8.197020459245405e-01
3.800000000000000e+00	7.923040676123547e-01
3.800000000000000e+00	8.215669473054500e-01
3.800000000000000e+00	7.943795752873205e-01
3.800000000000000e+00	7.767838978566837e-01
3.800000000000000e+00	7.926832368155246e-01
3.800000000000000e+00	7.919065660533496e-01
3.800000000000000e+00	7.839708518547258e-01
3.800000000000000e+00	7.991382544225992e-01
3.800000000000000e+00	7.898688236976608e-01
3.800000000000000e+00	7.941336361659392e-01
3.800000000000000e+00	7.729771243214273e-01
3.800000000000000e+00	7.753999057416933e-01
3.800000000000000e+00	7.905098228939880e-01
3.800000000000000e+00	7.623803734668850e-01
3.800000000000000e+00	8.252971892497069e-01
