3.800000000000000e+00	1.126183791980220e+00
3.800000000000000e+00	1.022916044664476e+00
3.800000000000000e+00	1.128872141245923e+00
3.800000000000000e+00	1.082808484814936e+00
3.800000000000000e+00	1.094773334086264e+00
3.800000000000000e+00	1.100892707555347e+00
3.800000000000000e+00	1.076687559668437e+00
3.800000000000000e+00	1.141932425454616e+00
3.800000000000000e+00	1.058553369794218e+00
3.800000000000000e+00	1.152871181663066e+00
3.800000000000000e+00	1.163791798602131e+00
3.800000000000000e+00	1.107839353408680e+00
3.800000000000000e+00	1.092809019747264e+00
3.800000000000000e+00	1.034595492051494e+00
3.800000000000000e+00	1.052170391675897e+00
3.800000000000000e+00	1.050878017053674e+00
3.800000000000000e+00	1.194295105370909e+00
3.800000000000000e+00	1.080913896934256e+00
3.800000000000000e+00	1.155980297226016e+00
3.800000000000000e+00	1.108150367211550e+00
3.800000000000000e+00	1.083491198068687e+00
3.800000000000000e+00	1.091849036001402e+00
3.800000000000000e+00	1.085117266320833e+00
3.800000000000000e+00	1.239121346752924e+00
3.800000000000000e+00	1.084122045507591e+00
3.800000000000000e+00	1.076033899011520e+00
3.800000000000000e+00	1.052670708098179e+00
3.800000000000000e+00	1.032440259460050e+00
3.800000000000000e+00	1.205616894980730e+00
3.800000000000000e+00	1.068003810805023e+00
3.800000000000000e+00	1.091446245832608e+00
3.800000000000000e+00	1.151467901481922e+00
3.800000000000000e+00	1.097132740910120e+00
3.800000000000000e+00	1.113713845142563e+00
3.800000000000000e+00	1.112024725360232e+00
3.800000000000000e+00	1.139192581668236e+00
3.800000000000000e+00	1.054755185392216e+00
3.800000000000000e+00	1.029408182181604e+00
3.800000000000000e+00	1.151124325193672e+00
3.800000000000000e+00	1.185284491667040e+00
3.800000000000000e+00	1.115799471242464e+00
3.800000000000000e+00	1.156944559381142e+00
3.800000000000000e+00	1.001094214595778e+00
3.800000000000000e+00	1.107619917694808e+00
3.800000000000000e+00	1.107132229667257e+00
3.800000000000000e+00	1.087727531773703e+00
3.800000000000000e+00	1.072856020543872e+00
3.800000000000000e+00	1.198724058493872e+00
3.800000000000000e+00	1.080132543098242e+00
3.800000000000000e+00	1.184533926093930e+00
3.800000000000000e+00	1.174650100945460e+00
3.800000000000000e+00	1.166823710775622e+00
3.800000000000000e+00	1.150002050037941e+00
3.800000000000000e+00	1.064094641396538e+00
3.800000000000000e+00	1.096226343587891e+00
3.800000000000000e+00	1.054514243000148e+00
3.800000000000000e+00	1.048346268078437e+00
3.800000000000000e+00	1.141119744464377e+00
3.800000000000000e+00	1.051771352786627e+00
3.800000000000000e+00	1.169695065054188e+00
3.800000000000000e+00	1.135840047177009e+00
3.800000000000000e+00	1.031687308467062e+00
3.800000000000000e+00	1.177192047890267e+00
3.800000000000000e+00	1.171451597426333e+00
3.800000000000000e+00	1.041603435400049e+00
3.800000000000000e+00	1.148489844622486e+00
3.800000000000000e+00	1.178117257089573e+00
3.800000000000000e+00	1.129854015117688e+00
3.800000000000000e+00	1.120964062490991e+00
3.800000000000000e+00	1.104615275468730e+00
3.800000000000000e+00	1.124767973619265e+00
3.800000000000000e+00	1.103596598492977e+00
3.800000000000000e+00	1.146044617395756e+00
3.800000000000000e+00	1.106988828514179e+00
3.800000000000000e+00	1.119684104508551e+00
3.800000000000000e+00	1.186681879995179e+00
3.800000000000000e+00	1.070734280466355e+00
3.800000000000000e+00	1.051459994408700e+00
3.800000000000000e+00	1.057074230419367e+00
3.800000000000000e+00	1.104459388774365e+00
3.800000000000000e+00	1.095775116728700e+00
3.800000000000000e+00	1.150433909630747e+00
3.800000000000000e+00	1.164970982746185e+00
3.800000000000000e+00	9.665618090323104e-01
3.800000000000000e+00	1.085014358633904e+00
3.800000000000000e+00	1.105047866119226e+00
3.800000000000000e+00	1.131862458518253e+00
3.800000000000000e+00	1.122803711068947e+00
3.800000000000000e+00	1.171291130263224e+00
3.800000000000000e+00	1.141315201021002e+00
3.800000000000000e+00	1.060541379157593e+00
3.800000000000000e+00	1.143404078668048e+00
3.800000000000000e+00	1.204434885169422e+00
3.800000000000000e+00	1.115064729147422e+00
3.800000000000000e+00	1.030254245931546e+00
3.800000000000000e+00	1.165044303023884e+00
3.800000000000000e+00	1.123239590666997e+00
3.800000000000000e+00	1.195811221070994e+00
3.800000000000000e+00	1.004255457294492e+00
3.800000000000000e+00	1.161646457708305e+00
3.800000000000000e+00	1.115745760330410e+00
3.800000000000000e+00	1.077294102392309e+00
3.800000000000000e+00	1.075031356932610e+00
3.800000000000000e+00	1.117628341872367e+00
3.800000000000000e+00	1.091348249021400e+00
3.800000000000000e+00	1.128616649264421e+00
3.800000000000000e+00	1.070901202558475e+00
3.800000000000000e+00	1.144741597062482e+00
3.800000000000000e+00	1.111392264318691e+00
3.800000000000000e+00	1.188853366615197e+00
3.800000000000000e+00	1.037148151390250e+00
3.800000000000000e+00	1.091967376868665e+00
3.800000000000000e+00	1.132914568883750e+00
3.800000000000000e+00	1.066513806344466e+00
3.800000000000000e+00	1.093013546727621e+00
3.800000000000000e+00	1.057774639352032e+00
3.800000000000000e+00	1.144327257402135e+00
3.800000000000000e+00	1.091213028065705e+00
3.800000000000000e+00	1.132641711768721e+00
3.800000000000000e+00	1.083895018633117e+00
3.800000000000000e+00	1.132678987044538e+00
3.800000000000000e+00	1.098587411566163e+00
3.800000000000000e+00	1.184496226859849e+00
3.800000000000000e+00	1.145369801792754e+00
3.800000000000000e+00	1.045240880962341e+00
3.800000000000000e+00	1.073586251038356e+00
3.800000000000000e+00	1.152251980494495e+00
3.800000000000000e+00	1.171616505287548e+00
3.800000000000000e+00	1.163265926169753e+00
3.800000000000000e+00	1.102226523472015e+00
3.800000000000000e+00	1.062630643937173e+00
3.800000000000000e+00	1.124702120989263e+00
3.800000000000000e+00	1.050572479233894e+00
3.800000000000000e+00	1.095033415418391e+00
3.800000000000000e+00	1.149009706857406e+00
3.800000000000000e+00	1.202829062521128e+00
3.800000000000000e+00	1.079612107172261e+00
3.800000000000000e+00	1.187687395982341e+00
3.800000000000000e+00	1.129242645525141e+00
3.800000000000000e+00	1.045942683165083e+00
3.800000000000000e+00	1.278211279098268e+00
3.800000000000000e+00	1.104054462794509e+00
3.800000000000000e+00	1.074759019534806e+00
3.800000000000000e+00	1.060364087766400e+00
3.800000000000000e+00	1.102027616627802e+00
3.800000000000000e+00	1.071243910571366e+00
3.800000000000000e+00	1.075520326475596e+00
3.800000000000000e+00	1.087462735624846e+00
3.800000000000000e+00	1.034002466865388e+00
3.800000000000000e+00	1.007996064150547e+00
3.800000000000000e+00	1.050916234564790e+00
3.800000000000000e+00	9.940920261626666e-01
3.800000000000000e+00	1.097172869878969e+00
3.800000000000000e+00	1.024402250062644e+00
3.800000000000000e+00	1.083447111686637e+00
3.800000000000000e+00	1.065592483543175e+00
3.800000000000000e+00	1.023369032221970e+00
3.800000000000000e+00	1.106724820137377e+00
3.800000000000000e+00	1.182094852679901e+00
3.800000000000000e+00	1.069613331836071e+00
3.800000000000000e+00	1.113590213737589e+00
3.800000000000000e+00	1.074727455913701e+00
3.800000000000000e+00	1.106836398176917e+00
3.800000000000000e+00	1.125883000032137e+00
3.800000000000000e+00	1.167842580634182e+00
3.800000000000000e+00	1.143408418373425e+00
3.800000000000000e+00	1.172996692135970e+00
3.800000000000000e+00	1.167578044493187e+00
3.800000000000000e+00	1.122722672198738e+00
3.800000000000000e+00	1.259536801524580e+00
3.800000000000000e+00	1.094962545834133e+00
3.800000000000000e+00	1.170743610206304e+00
3.800000000000000e+00	1.148068393969110e+00
3.800000000000000e+00	1.178357297559242e+00
3.800000000000000e+00	1.210988026263817e+00
3.800000000000000e+00	1.173787263205801e+00
3.800000000000000e+00	1.068124920927453e+00
3.800000000000000e+00	1.138956775980157e+00
3.800000000000000e+00	1.076335206518302e+00
3.800000000000000e+00	1.070686511663667e+00
3.800000000000000e+00	1.197514683032620e+00
3.800000000000000e+00	1.056857109530647e+00
3.800000000000000e+00	1.078050470306903e+00
3.800000000000000e+00	1.086361392018449e+00
3.800000000000000e+00	1.065485921934823e+00
3.800000000000000e+00	1.001816178464742e+00
3.800000000000000e+00	1.054032127495450e+00
3.800000000000000e+00	1.121974711427032e+00
3.800000000000000e+00	1.050328380721573e+00
3.800000000000000e+00	1.178720511995194e+00
3.800000000000000e+00	1.128168303941277e+00
3.800000000000000e+00	1.077267313885131e+00
3.800000000000000e+00	1.140460604634672e+00
3.800000000000000e+00	1.036607717597628e+00
3.800000000000000e+00	1.082045474353740e+00
3.800000000000000e+00	1.116320957658173e+00
3.800000000000000e+00	1.128761568634115e+00
3.800000000000000e+00	1.182904056560394e+00
3.800000000000000e+00	1.078219034439750e+00
3.800000000000000e+00	1.106515528334397e+00
3.800000000000000e+00	1.051735908997612e+00
3.800000000000000e+00	1.122325124875389e+00
3.800000000000000e+00	1.132936595038624e+00
3.800000000000000e+00	1.177496925020212e+00
3.800000000000000e+00	1.066456214540973e+00
3.800000000000000e+00	9.947592611548067e-01
3.800000000000000e+00	1.059608182301148e+00
3.800000000000000e+00	1.161411244811433e+00
3.800000000000000e+00	1.079079256006330e+00
3.800000000000000e+00	1.125987694982737e+00
3.800000000000000e+00	1.126610498312070e+00
3.800000000000000e+00	1.025119167703681e+00
3.800000000000000e+00	1.067202382753290e+00
3.800000000000000e+00	1.168743898571403e+00
3.800000000000000e+00	1.059797065566743e+00
3.800000000000000e+00	1.108659661978548e+00
3.800000000000000e+00	1.029627721975400e+00
3.800000000000000e+00	1.160903756103884e+00
3.800000000000000e+00	1.083176342768104e+00
3.800000000000000e+00	1.095364967474497e+00
3.800000000000000e+00	1.031381843551512e+00
3.800000000000000e+00	1.035601033608255e+00
3.800000000000000e+00	1.144681082823135e+00
3.800000000000000e+00	1.099711158614988e+00
3.800000000000000e+00	1.073269091887927e+00
3.800000000000000e+00	1.014818544731833e+00
3.800000000000000e+00	1.118356874887949e+00
3.800000000000000e+00	1.038350293806238e+00
3.800000000000000e+00	1.150575364258958e+00
3.800000000000000e+00	1.094868499859432e+00
3.800000000000000e+00	1.125231764973930e+00
3.800000000000000e+00	1.065974218941408e+00
3.800000000000000e+00	1.144248425379773e+00
3.800000000000000e+00	1.134712316958404e+00
3.800000000000000e+00	1.080669071172049e+00
3.800000000000000e+00	1.065955353047802e+00
3.800000000000000e+00	1.061130731542639e+00
3.800000000000000e+00	1.215969245710783e+00
3.800000000000000e+00	1.040522717149151e+00
3.800000000000000e+00	9.997646509913722e-01
3.800000000000000e+00	1.144701417647179e+00
3.800000000000000e+00	1.142852315105386e+00
3.800000000000000e+00	1.130269950056149e+00
3.800000000000000e+00	1.128529554242539e+00
3.800000000000000e+00	1.058432380835911e+00
3.800000000000000e+00	1.201456389440042e+00
3.800000000000000e+00	1.153379289859779e+00
3.800000000000000e+00	1.123438771552193e+00
3.800000000000000e+00	1.119065101892565e+00
3.800000000000000e+00	1.101131975354472e+00
3.800000000000000e+00	1.123805795593518e+00
3.800000000000000e+00	1.099783694196137e+00
3.800000000000000e+00	1.198011432958960e+00
3.800000000000000e+00	1.084082981545279e+00
3.800000000000000e+00	1.137898739176280e+00
3.800000000000000e+00	1.122840768739951e+00
3.800000000000000e+00	1.124552747349250e+00
3.800000000000000e+00	1.020739307529484e+00
3.800000000000000e+00	1.144407513351019e+00
3.800000000000000e+00	1.186073575629436e+00
3.800000000000000e+00	1.086217423931275e+00
3.800000000000000e+00	1.127424875982682e+00
3.800000000000000e+00	1.091934475708978e+00
3.800000000000000e+00	1.129620781096304e+00
3.800000000000000e+00	1.149220767351146e+00
3.800000000000000e+00	1.058596016794181e+00
3.800000000000000e+00	1.045727368478812e+00
3.800000000000000e+00	1.074315252968108e+00
3.800000000000000e+00	1.088044725346973e+00
3.800000000000000e+00	1.176700701680187e+00
3.800000000000000e+00	1.119265187315646e+00
3.800000000000000e+00	1.099503719758059e+00
3.800000000000000e+00	1.079182602921612e+00
3.800000000000000e+00	1.100488791771279e+00
3.800000000000000e+00	1.204848895388886e+00
3.800000000000000e+00	1.170659022109880e+00
3.800000000000000e+00	1.076713815931826e+00
3.800000000000000e+00	1.079379649559623e+00
3.800000000000000e+00	1.162110381988442e+00
3.800000000000000e+00	1.089783680346252e+00
3.800000000000000e+00	1.132330216758223e+00
3.800000000000000e+00	1.107667670834041e+00
3.800000000000000e+00	1.123458023030897e+00
3.800000000000000e+00	1.114299374793246e+00
3.800000000000000e+00	1.098800871128372e+00
3.800000000000000e+00	1.131794460196383e+00
3.800000000000000e+00	1.213236661543491e+00
3.800000000000000e+00	1.196755982792880e+00
3.800000000000000e+00	1.083063196287595e+00
3.800000000000000e+00	1.129799651771302e+00
3.800000000000000e+00	1.044353433574632e+00
3.800000000000000e+00	1.095690310985822e+00
3.800000000000000e+00	1.084783760113088e+00
3.800000000000000e+00	1.075396230599856e+00
3.800000000000000e+00	1.092439933698939e+00
3.800000000000000e+00	1.068823330353980e+00
3.800000000000000e+00	1.136383492598030e+00
3.800000000000000e+00	1.067728039286457e+00
3.800000000000000e+00	1.174568393357912e+00
3.800000000000000e+00	1.141856110741895e+00
3.800000000000000e+00	1.150667504616381e+00
3.800000000000000e+00	1.191461661820206e+00
3.800000000000000e+00	1.106026364727756e+00
3.800000000000000e+00	1.120502786822054e+00
3.800000000000000e+00	1.066852725771887e+00
3.800000000000000e+00	1.112733413259221e+00
3.800000000000000e+00	1.136719063873993e+00
3.800000000000000e+00	1.158369090596462e+00
3.800000000000000e+00	1.121372500961330e+00
3.800000000000000e+00	1.165682985421624e+00
3.800000000000000e+00	9.999151361200315e-01
3.800000000000000e+00	1.129058939507799e+00
3.800000000000000e+00	1.033645323429107e+00
3.800000000000000e+00	1.163070243852530e+00
3.800000000000000e+00	1.139512860172552e+00
3.800000000000000e+00	1.149272530831784e+00
3.800000000000000e+00	1.140115435059663e+00
3.800000000000000e+00	1.141215844023667e+00
3.800000000000000e+00	1.124757676134130e+00
3.800000000000000e+00	1.150762860785100e+00
3.800000000000000e+00	1.201542317345871e+00
3.800000000000000e+00	1.128220496564744e+00
3.800000000000000e+00	1.023792686133562e+00
3.800000000000000e+00	1.047859009813476e+00
3.800000000000000e+00	1.050231043782275e+00
3.800000000000000e+00	1.138807306528551e+00
3.800000000000000e+00	1.117355074403178e+00
3.800000000000000e+00	1.149522803277010e+00
3.800000000000000e+00	1.117352812605082e+00
3.800000000000000e+00	1.141939425528939e+00
3.800000000000000e+00	1.069628904433674e+00
3.800000000000000e+00	1.002881407983875e+00
3.800000000000000e+00	1.053152871314623e+00
3.800000000000000e+00	1.107153570604814e+00
3.800000000000000e+00	1.122949129819731e+00
3.800000000000000e+00	1.093691766329194e+00
3.800000000000000e+00	1.118604148504817e+00
3.800000000000000e+00	1.082597367120607e+00
3.800000000000000e+00	1.144337974481004e+00
3.800000000000000e+00	1.107267661799466e+00
3.800000000000000e+00	1.134688907611401e+00
3.800000000000000e+00	1.051299997251012e+00
3.800000000000000e+00	1.165574202093004e+00
3.800000000000000e+00	1.086783351660112e+00
3.800000000000000e+00	1.111965888387061e+00
3.800000000000000e+00	1.139220485031543e+00
3.800000000000000e+00	1.036102975358386e+00
3.800000000000000e+00	1.070298363425464e+00
3.800000000000000e+00	1.089167298958364e+00
3.800000000000000e+00	1.084515857477726e+00
3.800000000000000e+00	1.195845263767355e+00
3.800000000000000e+00	1.120598014412315e+00
3.800000000000000e+00	1.090758394986168e+00
3.800000000000000e+00	1.079029678456646e+00
3.800000000000000e+00	1.066809851758838e+00
3.800000000000000e+00	1.070674470615387e+00
3.800000000000000e+00	1.016248763486823e+00
3.800000000000000e+00	1.041570249619221e+00
3.800000000000000e+00	1.143002251799939e+00
3.800000000000000e+00	1.170762985599961e+00
3.800000000000000e+00	1.027906521159870e+00
3.800000000000000e+00	1.097489767212868e+00
3.800000000000000e+00	1.196756848558573e+00
3.800000000000000e+00	1.107369768100039e+00
3.800000000000000e+00	1.043760422266120e+00
3.800000000000000e+00	1.145500474724280e+00
3.800000000000000e+00	1.083714547805401e+00
3.800000000000000e+00	1.142660086087411e+00
3.800000000000000e+00	1.105242058691773e+00
3.800000000000000e+00	1.153450323020668e+00
3.800000000000000e+00	1.122625935330763e+00
3.800000000000000e+00	1.128400779195100e+00
3.800000000000000e+00	1.127408757435254e+00
3.800000000000000e+00	1.188102552019741e+00
3.800000000000000e+00	1.087843158199831e+00
3.800000000000000e+00	1.122141326156785e+00
3.800000000000000e+00	9.956359121748515e-01
3.800000000000000e+00	1.112169860272046e+00
3.800000000000000e+00	1.006143275030325e+00
3.800000000000000e+00	1.069372322071854e+00
3.800000000000000e+00	1.172094819690925e+00
3.800000000000000e+00	1.102493640129644e+00
3.800000000000000e+00	1.097731427931365e+00
3.800000000000000e+00	9.975972758194719e-01
3.800000000000000e+00	1.130844754261831e+00
3.800000000000000e+00	1.124765704767076e+00
3.800000000000000e+00	1.165204317165188e+00
3.800000000000000e+00	1.205312434805352e+00
3.800000000000000e+00	1.117388156733234e+00
3.800000000000000e+00	1.109850662352431e+00
3.800000000000000e+00	1.112802696303584e+00
3.800000000000000e+00	1.151410330669997e+00
3.800000000000000e+00	1.142719241767108e+00
3.800000000000000e+00	1.020877455613838e+00
3.800000000000000e+00	1.052048254260139e+00
3.800000000000000e+00	1.119642884336455e+00
3.800000000000000e+00	1.090314035414478e+00
3.800000000000000e+00	1.189442768574801e+00
3.800000000000000e+00	1.113686784325417e+00
3.800000000000000e+00	1.115022435049544e+00
3.800000000000000e+00	1.118446066997974e+00
3.800000000000000e+00	1.062919892314710e+00
3.800000000000000e+00	1.104461030517553e+00
3.800000000000000e+00	1.130737241477187e+00
3.800000000000000e+00	1.098091927166376e+00
3.800000000000000e+00	1.088491615254145e+00
3.800000000000000e+00	1.121331999319784e+00
3.800000000000000e+00	1.091604770265374e+00
3.800000000000000e+00	1.030620944625472e+00
3.800000000000000e+00	1.192697536272219e+00
3.800000000000000e+00	1.054749114710967e+00
3.800000000000000e+00	1.093625365048365e+00
3.800000000000000e+00	1.131510103443602e+00
3.800000000000000e+00	1.067602849007949e+00
3.800000000000000e+00	1.143738172902259e+00
3.800000000000000e+00	1.135625383690573e+00
3.800000000000000e+00	1.110836996731819e+00
3.800000000000000e+00	1.156581313281483e+00
3.800000000000000e+00	1.042087918260421e+00
3.800000000000000e+00	1.157162101407919e+00
3.800000000000000e+00	1.089625606613581e+00
3.800000000000000e+00	1.127605889652441e+00
3.800000000000000e+00	1.077236178634709e+00
3.800000000000000e+00	1.127666650550232e+00
3.800000000000000e+00	1.077553538358071e+00
3.800000000000000e+00	1.189129833218092e+00
3.800000000000000e+00	1.067233643649396e+00
3.800000000000000e+00	1.062873063269628e+00
3.800000000000000e+00	1.048823259979832e+00
3.800000000000000e+00	1.150460781589134e+00
3.800000000000000e+00	1.104097506571601e+00
3.800000000000000e+00	1.160464081883915e+00
3.800000000000000e+00	1.193553142909678e+00
3.800000000000000e+00	1.093760725143960e+00
3.800000000000000e+00	1.092604563417316e+00
3.800000000000000e+00	1.136519788923520e+00
3.800000000000000e+00	1.066629287802720e+00
3.800000000000000e+00	1.044097213327725e+00
3.800000000000000e+00	1.121425815732119e+00
3.800000000000000e+00	1.162166745673891e+00
3.800000000000000e+00	1.149572186315234e+00
3.800000000000000e+00	1.082467454481804e+00
3.800000000000000e+00	1.081616831415498e+00
3.800000000000000e+00	1.178786009596229e+00
3.800000000000000e+00	1.112696540561398e+00
3.800000000000000e+00	1.054422840390858e+00
3.800000000000000e+00	1.068030235363541e+00
3.800000000000000e+00	1.139732818627306e+00
3.800000000000000e+00	1.112169547004871e+00
3.800000000000000e+00	1.081360669267860e+00
3.800000000000000e+00	1.144868370081842e+00
3.800000000000000e+00	1.118499323829881e+00
3.800000000000000e+00	1.067400913777158e+00
3.800000000000000e+00	1.087880417385425e+00
3.800000000000000e+00	1.090927578978846e+00
3.800000000000000e+00	1.052611088833325e+00
3.800000000000000e+00	1.211140265497231e+00
3.800000000000000e+00	1.141899600181617e+00
3.800000000000000e+00	1.088849331607307e+00
3.800000000000000e+00	1.139669060880861e+00
3.800000000000000e+00	1.117263284508229e+00
3.800000000000000e+00	1.057027727343003e+00
3.800000000000000e+00	1.147200372331841e+00
3.800000000000000e+00	1.029333291039110e+00
3.800000000000000e+00	1.045710283502909e+00
3.800000000000000e+00	1.163814994381700e+00
3.800000000000000e+00	1.124648712151233e+00
3.800000000000000e+00	1.100550300374906e+00
3.800000000000000e+00	1.217329357972383e+00
3.800000000000000e+00	1.127625878682686e+00
3.800000000000000e+00	1.064036721584249e+00
3.800000000000000e+00	1.011789786145704e+00
3.800000000000000e+00	1.126680272716906e+00
3.800000000000000e+00	1.185406387488514e+00
3.800000000000000e+00	1.078134079822586e+00
3.800000000000000e+00	1.064388917599191e+00
3.800000000000000e+00	1.118501989296289e+00
3.800000000000000e+00	1.072748511262911e+00
3.800000000000000e+00	1.271978371258528e+00
3.800000000000000e+00	1.185001105370440e+00
3.800000000000000e+00	1.052419010972501e+00
3.800000000000000e+00	1.120562716789334e+00
3.800000000000000e+00	1.176271873361640e+00
3.800000000000000e+00	1.201555564052870e+00
3.800000000000000e+00	1.165062738446700e+00
3.800000000000000e+00	1.050771800923901e+00
3.800000000000000e+00	1.079118651645464e+00
3.800000000000000e+00	1.143982563359998e+00
3.800000000000000e+00	1.158346309222400e+00
3.800000000000000e+00	1.034774679641573e+00
3.800000000000000e+00	1.041268227296937e+00
3.800000000000000e+00	1.161027322770328e+00
3.800000000000000e+00	1.122312944956927e+00
3.800000000000000e+00	1.079927100119365e+00
3.800000000000000e+00	1.049946089975182e+00
3.800000000000000e+00	1.114083302510657e+00
3.800000000000000e+00	1.150492199263006e+00
3.800000000000000e+00	1.146612392242972e+00
3.800000000000000e+00	1.120840547142714e+00
3.800000000000000e+00	1.164577109257489e+00
3.800000000000000e+00	1.126627975851616e+00
3.800000000000000e+00	1.115790295734814e+00
3.800000000000000e+00	1.113116251976263e+00
3.800000000000000e+00	1.142354655150644e+00
3.800000000000000e+00	1.050516912842392e+00
3.800000000000000e+00	1.076878004839608e+00
3.800000000000000e+00	1.133278816640467e+00
3.800000000000000e+00	1.208599662137401e+00
3.800000000000000e+00	1.056099332085673e+00
3.800000000000000e+00	1.103616322379752e+00
3.800000000000000e+00	1.042171193696404e+00
3.800000000000000e+00	1.183932546151205e+00
3.800000000000000e+00	1.154472618980753e+00
3.800000000000000e+00	1.159695608978440e+00
3.800000000000000e+00	1.084275555775055e+00
3.800000000000000e+00	1.205036671869084e+00
3.800000000000000e+00	1.049712488080409e+00
3.800000000000000e+00	1.055317931830782e+00
3.800000000000000e+00	1.177983593635576e+00
3.800000000000000e+00	1.026937695950139e+00
3.800000000000000e+00	1.164564997389222e+00
3.800000000000000e+00	1.134201306735498e+00
3.800000000000000e+00	1.078747885460936e+00
3.800000000000000e+00	1.060696579428497e+00
3.800000000000000e+00	1.238228893748637e+00
3.800000000000000e+00	1.111997206262728e+00
3.800000000000000e+00	1.130169353041685e+00
3.800000000000000e+00	1.071670940987287e+00
3.800000000000000e+00	1.144059348289776e+00
3.800000000000000e+00	1.075602434334313e+00
3.800000000000000e+00	1.112955678319951e+00
3.800000000000000e+00	1.065957811330641e+00
3.800000000000000e+00	1.094140168916852e+00
3.800000000000000e+00	1.129589822159458e+00
3.800000000000000e+00	1.171716445433127e+00
3.800000000000000e+00	1.109128495254571e+00
3.800000000000000e+00	1.122392188975776e+00
3.800000000000000e+00	1.064918803242544e+00
3.800000000000000e+00	1.157320653184492e+00
3.800000000000000e+00	1.059535435776057e+00
3.800000000000000e+00	1.097807625938033e+00
3.800000000000000e+00	1.179707713813003e+00
3.800000000000000e+00	1.049407501923827e+00
3.800000000000000e+00	1.103187718744193e+00
3.800000000000000e+00	1.160246295060940e+00
3.800000000000000e+00	1.098900144139762e+00
3.800000000000000e+00	1.165001342154685e+00
3.800000000000000e+00	1.115873499771773e+00
3.800000000000000e+00	1.146554089360579e+00
3.800000000000000e+00	1.106745854274682e+00
3.800000000000000e+00	1.123577477566352e+00
3.800000000000000e+00	1.033926893593979e+00
3.800000000000000e+00	1.109797369034981e+00
3.800000000000000e+00	1.036198962454133e+00
3.800000000000000e+00	1.125820248734946e+00
3.800000000000000e+00	1.179835715793903e+00
3.800000000000000e+00	1.108976107047971e+00
3.800000000000000e+00	1.109721438532023e+00
3.800000000000000e+00	1.148632813387375e+00
3.800000000000000e+00	1.095305984554496e+00
3.800000000000000e+00	1.060718711457661e+00
3.800000000000000e+00	1.124637358668261e+00
3.800000000000000e+00	1.116443875716767e+00
3.800000000000000e+00	1.047232021874559e+00
3.800000000000000e+00	1.118374485171735e+00
3.800000000000000e+00	1.097780960723419e+00
3.800000000000000e+00	1.133094497642565e+00
3.800000000000000e+00	1.143215801131051e+00
3.800000000000000e+00	1.151089947691313e+00
3.800000000000000e+00	1.158764111015219e+00
3.800000000000000e+00	1.155963511624532e+00
3.800000000000000e+00	1.125860284960031e+00
3.800000000000000e+00	1.072449535737275e+00
3.800000000000000e+00	1.185532402308422e+00
3.800000000000000e+00	1.024130318799315e+00
3.800000000000000e+00	1.117740918549434e+00
3.800000000000000e+00	1.131135911713595e+00
3.800000000000000e+00	1.105630923632337e+00
3.800000000000000e+00	1.107389834712271e+00
3.800000000000000e+00	1.087130576601931e+00
3.800000000000000e+00	1.161829806456574e+00
3.800000000000000e+00	1.162624034716597e+00
3.800000000000000e+00	1.122934099304145e+00
3.800000000000000e+00	1.178684997796786e+00
3.800000000000000e+00	1.118046305376918e+00
3.800000000000000e+00	1.152668345975912e+00
3.800000000000000e+00	1.188387545190257e+00
3.800000000000000e+00	1.055528538898329e+00
3.800000000000000e+00	1.191636886583209e+00
3.800000000000000e+00	1.082995028976770e+00
3.800000000000000e+00	1.102346260315706e+00
3.800000000000000e+00	1.044963559681797e+00
3.800000000000000e+00	1.102279500257402e+00
3.800000000000000e+00	1.139729950273236e+00
3.800000000000000e+00	1.140496222878827e+00
3.800000000000000e+00	1.180066189483929e+00
3.800000000000000e+00	1.065125657992787e+00
3.800000000000000e+00	1.098213634409178e+00
3.800000000000000e+00	1.063170396554557e+00
3.800000000000000e+00	1.076805905698534e+00
3.800000000000000e+00	1.072195164867286e+00
3.800000000000000e+00	1.083194029047680e+00
3.800000000000000e+00	1.083686581979896e+00
3.800000000000000e+00	1.143713685854634e+00
3.800000000000000e+00	1.196748548190163e+00
3.800000000000000e+00	1.162904275675607e+00
3.800000000000000e+00	1.164965384034643e+00
3.800000000000000e+00	1.165646144369686e+00
3.800000000000000e+00	1.076691236497499e+00
3.800000000000000e+00	1.105784376168252e+00
3.800000000000000e+00	1.134775855060214e+00
3.800000000000000e+00	9.978831007834664e-01
3.800000000000000e+00	1.050127837402427e+00
3.800000000000000e+00	1.077938040680232e+00
3.800000000000000e+00	1.181083049495491e+00
3.800000000000000e+00	1.144745213351696e+00
3.800000000000000e+00	1.111301053007607e+00
3.800000000000000e+00	1.077551834302315e+00
3.800000000000000e+00	1.102234409460118e+00
3.800000000000000e+00	1.078349588549908e+00
3.800000000000000e+00	1.113047959423904e+00
3.800000000000000e+00	1.140115170472721e+00
3.800000000000000e+00	1.167639461913336e+00
3.800000000000000e+00	1.076566385324236e+00
3.800000000000000e+00	1.124342876658943e+00
3.800000000000000e+00	1.073885707628971e+00
3.800000000000000e+00	1.165175411504287e+00
3.800000000000000e+00	1.084850253709011e+00
3.800000000000000e+00	9.914327085136856e-01
3.800000000000000e+00	1.006400362676327e+00
3.800000000000000e+00	1.022651766262074e+00
3.800000000000000e+00	1.063319642212426e+00
3.800000000000000e+00	1.108941578566079e+00
3.800000000000000e+00	1.108831663099715e+00
3.800000000000000e+00	1.080158196421661e+00
3.800000000000000e+00	1.101075048700702e+00
3.800000000000000e+00	1.053947241891916e+00
3.800000000000000e+00	1.051470369467240e+00
3.800000000000000e+00	1.173226940851110e+00
3.800000000000000e+00	1.090428438299041e+00
3.800000000000000e+00	1.130808425731306e+00
3.800000000000000e+00	1.099881045205857e+00
3.800000000000000e+00	1.080647049923355e+00
3.800000000000000e+00	1.115093556774125e+00
3.800000000000000e+00	1.031479606725329e+00
3.800000000000000e+00	1.183143746049974e+00
3.800000000000000e+00	1.153121900190713e+00
3.800000000000000e+00	1.125024955361917e+00
3.800000000000000e+00	1.138766527538176e+00
3.800000000000000e+00	1.074865024725899e+00
3.800000000000000e+00	1.133133194232762e+00
3.800000000000000e+00	1.024218496407719e+00
3.800000000000000e+00	1.139217854882361e+00
3.800000000000000e+00	1.188653049583118e+00
3.800000000000000e+00	1.047715879927481e+00
3.800000000000000e+00	1.058665640395976e+00
3.800000000000000e+00	1.099143365323708e+00
3.800000000000000e+00	1.052369337774074e+00
3.800000000000000e+00	1.039500053316591e+00
3.800000000000000e+00	1.169095019806510e+00
3.800000000000000e+00	1.167340815882497e+00
3.800000000000000e+00	1.124078697156336e+00
3.800000000000000e+00	1.107303482978431e+00
3.800000000000000e+00	1.030944949077876e+00
3.800000000000000e+00	1.087374873574506e+00
3.800000000000000e+00	1.060852116674832e+00
3.800000000000000e+00	1.131752606226524e+00
3.800000000000000e+00	1.114180419747045e+00
3.800000000000000e+00	1.134843852953692e+00
3.800000000000000e+00	1.118437612007040e+00
3.800000000000000e+00	1.157582666922281e+00
3.800000000000000e+00	1.134733716507865e+00
3.800000000000000e+00	1.107494783530066e+00
3.800000000000000e+00	1.142316936123930e+00
3.800000000000000e+00	1.116953987648324e+00
3.800000000000000e+00	1.093388342742187e+00
3.800000000000000e+00	1.102586858330152e+00
3.800000000000000e+00	1.121810088950206e+00
3.800000000000000e+00	1.173473248257874e+00
3.800000000000000e+00	1.092908840629093e+00
3.800000000000000e+00	9.937202205785922e-01
3.800000000000000e+00	9.663803915542973e-01
3.800000000000000e+00	1.178689307074641e+00
3.800000000000000e+00	1.087050780031960e+00
3.800000000000000e+00	1.095287954382103e+00
3.800000000000000e+00	1.062001039170043e+00
3.800000000000000e+00	1.120633506396977e+00
3.800000000000000e+00	1.105858835012299e+00
3.800000000000000e+00	1.110540691443126e+00
3.800000000000000e+00	1.055176192421032e+00
3.800000000000000e+00	1.155999102194005e+00
3.800000000000000e+00	1.051259310314088e+00
3.800000000000000e+00	1.067248957541273e+00
3.800000000000000e+00	1.134919082077420e+00
3.800000000000000e+00	1.135199240911755e+00
3.800000000000000e+00	1.164696448990376e+00
3.800000000000000e+00	1.018209579838848e+00
3.800000000000000e+00	1.081605245145271e+00
3.800000000000000e+00	1.080275438295999e+00
3.800000000000000e+00	1.134593039948548e+00
3.800000000000000e+00	1.083076933769824e+00
3.800000000000000e+00	1.139832340649381e+00
3.800000000000000e+00	1.108778078589546e+00
3.800000000000000e+00	1.129585418365583e+00
3.800000000000000e+00	1.094688240810452e+00
3.800000000000000e+00	1.058949168752910e+00
3.800000000000000e+00	1.065127828442601e+00
3.800000000000000e+00	1.077334422557189e+00
3.800000000000000e+00	1.064854937081502e+00
3.800000000000000e+00	1.085987545145854e+00
3.800000000000000e+00	1.162582015459759e+00
3.800000000000000e+00	1.134712385269043e+00
3.800000000000000e+00	1.085725200465219e+00
3.800000000000000e+00	1.119239900643205e+00
3.800000000000000e+00	1.092054796596953e+00
3.800000000000000e+00	1.101262700333528e+00
3.800000000000000e+00	1.070156266398502e+00
3.800000000000000e+00	1.136755970141803e+00
3.800000000000000e+00	1.150162604095964e+00
3.800000000000000e+00	1.173272308149008e+00
3.800000000000000e+00	1.121304369873234e+00
3.800000000000000e+00	1.113966316757102e+00
3.800000000000000e+00	1.068520161841436e+00
3.800000000000000e+00	1.118488843586264e+00
3.800000000000000e+00	1.107156103087342e+00
3.800000000000000e+00	1.075203671799723e+00
3.800000000000000e+00	1.098907155874171e+00
3.800000000000000e+00	1.078120829859298e+00
3.800000000000000e+00	1.052262164045602e+00
3.800000000000000e+00	1.056752456386331e+00
3.800000000000000e+00	1.037405351653245e+00
3.800000000000000e+00	1.113080737417139e+00
3.800000000000000e+00	1.053657759133553e+00
3.800000000000000e+00	1.068213863808976e+00
3.800000000000000e+00	1.117384909349181e+00
3.800000000000000e+00	1.150000780296790e+00
3.800000000000000e+00	1.142378404314467e+00
3.800000000000000e+00	1.066487953855638e+00
3.800000000000000e+00	1.162765634411719e+00
3.800000000000000e+00	1.179096927090105e+00
3.800000000000000e+00	1.150125545869079e+00
3.800000000000000e+00	1.065751511977532e+00
3.800000000000000e+00	1.084774950250206e+00
3.800000000000000e+00	1.203743413292382e+00
3.800000000000000e+00	1.102012430554478e+00
3.800000000000000e+00	1.074351357373938e+00
3.800000000000000e+00	1.131522867297676e+00
3.800000000000000e+00	1.013340881173892e+00
3.800000000000000e+00	1.123807880760903e+00
3.800000000000000e+00	1.095232520317716e+00
3.800000000000000e+00	1.123587311622102e+00
3.800000000000000e+00	1.102721176051490e+00
3.800000000000000e+00	1.143350335581342e+00
3.800000000000000e+00	1.093144181461947e+00
3.800000000000000e+00	1.070912497088808e+00
3.800000000000000e+00	1.079445540028776e+00
3.800000000000000e+00	1.080713077715290e+00
3.800000000000000e+00	1.033360935494624e+00
3.800000000000000e+00	1.063570391844957e+00
3.800000000000000e+00	1.177974352211733e+00
3.800000000000000e+00	1.105301286387778e+00
3.800000000000000e+00	1.096060673905890e+00
3.800000000000000e+00	1.133815962226526e+00
3.800000000000000e+00	1.029752641599876e+00
3.800000000000000e+00	1.125337932868417e+00
3.800000000000000e+00	1.050790360340803e+00
3.800000000000000e+00	1.223666282248903e+00
3.800000000000000e+00	1.061660920124871e+00
3.800000000000000e+00	1.181956521611531e+00
3.800000000000000e+00	1.154022595330420e+00
3.800000000000000e+00	1.094113734809603e+00
3.800000000000000e+00	1.131725192008676e+00
3.800000000000000e+00	1.150659352660089e+00
3.800000000000000e+00	1.163842036400713e+00
3.800000000000000e+00	1.077411399372509e+00
3.800000000000000e+00	1.144633143078063e+00
3.800000000000000e+00	1.157474050682664e+00
3.800000000000000e+00	1.133429219347262e+00
3.800000000000000e+00	1.119499793052300e+00
3.800000000000000e+00	1.087621651857267e+00
3.800000000000000e+00	1.156455890490533e+00
3.800000000000000e+00	1.098962579664938e+00
3.800000000000000e+00	1.109201035093462e+00
3.800000000000000e+00	1.124804891077595e+00
3.800000000000000e+00	1.078006027322454e+00
3.800000000000000e+00	1.179476978432812e+00
3.800000000000000e+00	1.131847684818354e+00
3.800000000000000e+00	1.147839313628016e+00
3.800000000000000e+00	1.165184393049377e+00
3.800000000000000e+00	1.151205471306895e+00
3.800000000000000e+00	1.094115325703372e+00
3.800000000000000e+00	1.022616281194031e+00
3.800000000000000e+00	1.175491007351444e+00
3.800000000000000e+00	1.069658374562991e+00
3.800000000000000e+00	1.141889408204696e+00
3.800000000000000e+00	1.131768184558188e+00
3.800000000000000e+00	1.116354913377197e+00
3.800000000000000e+00	1.166878135495217e+00
3.800000000000000e+00	1.036533448829749e+00
3.800000000000000e+00	1.012232629322319e+00
3.800000000000000e+00	1.045866934804405e+00
3.800000000000000e+00	1.127064071304744e+00
3.800000000000000e+00	1.072995416093441e+00
3.800000000000000e+00	1.109989743033492e+00
3.800000000000000e+00	1.102031648410308e+00
3.800000000000000e+00	9.818657519695253e-01
3.800000000000000e+00	1.101726433438596e+00
3.800000000000000e+00	1.198250458312598e+00
3.800000000000000e+00	1.091726334217436e+00
3.800000000000000e+00	1.118114834310007e+00
3.800000000000000e+00	1.089581903835600e+00
3.800000000000000e+00	1.075349257467081e+00
3.800000000000000e+00	1.105449762613487e+00
3.800000000000000e+00	1.037654630946249e+00
3.800000000000000e+00	1.051521814511911e+00
3.800000000000000e+00	1.097931206606301e+00
3.800000000000000e+00	1.173606014805423e+00
3.800000000000000e+00	1.158604055739032e+00
3.800000000000000e+00	1.034110386738960e+00
3.800000000000000e+00	1.069167991241525e+00
3.800000000000000e+00	1.269322709261159e+00
3.800000000000000e+00	1.141680801679434e+00
3.800000000000000e+00	1.050053871537684e+00
3.800000000000000e+00	1.040143442227467e+00
3.800000000000000e+00	1.164302226642787e+00
3.800000000000000e+00	1.062932251449803e+00
3.800000000000000e+00	1.125675815972964e+00
3.800000000000000e+00	1.106748889454173e+00
3.800000000000000e+00	1.088103319946820e+00
3.800000000000000e+00	1.079057858377517e+00
3.800000000000000e+00	1.024588435600135e+00
3.800000000000000e+00	1.217199978515721e+00
3.800000000000000e+00	1.106088542910912e+00
3.800000000000000e+00	9.872057074928010e-01
3.800000000000000e+00	1.107512569536036e+00
3.800000000000000e+00	1.172588248631861e+00
3.800000000000000e+00	1.142840958652388e+00
3.800000000000000e+00	1.054537992927989e+00
3.800000000000000e+00	1.039843781284448e+00
3.800000000000000e+00	1.123062761309317e+00
3.800000000000000e+00	1.059387623006975e+00
3.800000000000000e+00	1.114147284582028e+00
3.800000000000000e+00	1.120772911261129e+00
3.800000000000000e+00	1.120445352695638e+00
3.800000000000000e+00	1.112705050421241e+00
3.800000000000000e+00	1.085318990056516e+00
3.800000000000000e+00	1.071511005876754e+00
3.800000000000000e+00	1.065845081204114e+00
3.800000000000000e+00	1.186661872599857e+00
3.800000000000000e+00	1.092622462224168e+00
3.800000000000000e+00	1.149131421459020e+00
3.800000000000000e+00	1.101610100722334e+00
3.800000000000000e+00	1.193539203157624e+00
3.800000000000000e+00	1.096460024644740e+00
3.800000000000000e+00	1.113577877466069e+00
3.800000000000000e+00	1.169019839063897e+00
3.800000000000000e+00	1.145064256558628e+00
3.800000000000000e+00	1.104409782177466e+00
3.800000000000000e+00	1.151430347665313e+00
3.800000000000000e+00	1.037005317162574e+00
3.800000000000000e+00	1.083598674250853e+00
3.800000000000000e+00	1.087354962495733e+00
3.800000000000000e+00	1.109462407829977e+00
3.800000000000000e+00	1.221867480048308e+00
3.800000000000000e+00	1.057861315068770e+00
3.800000000000000e+00	9.902491544339038e-01
3.800000000000000e+00	1.093312836613420e+00
3.800000000000000e+00	1.074617044794841e+00
3.800000000000000e+00	1.100956324763545e+00
3.800000000000000e+00	1.064279908420057e+00
3.800000000000000e+00	1.069528461714712e+00
3.800000000000000e+00	1.027823151050943e+00
3.800000000000000e+00	1.062509627805109e+00
3.800000000000000e+00	1.137161351171490e+00
3.800000000000000e+00	1.165495016114548e+00
3.800000000000000e+00	1.123030922417614e+00
3.800000000000000e+00	9.972534867366701e-01
3.800000000000000e+00	1.141082266295759e+00
3.800000000000000e+00	1.072564117238712e+00
3.800000000000000e+00	1.103658437493128e+00
3.800000000000000e+00	1.089179646122944e+00
3.800000000000000e+00	1.076370393573466e+00
3.800000000000000e+00	1.105901056240577e+00
3.800000000000000e+00	1.093953187117610e+00
3.800000000000000e+00	1.056048208538953e+00
3.800000000000000e+00	1.154164625335221e+00
3.800000000000000e+00	1.023395668480458e+00
3.800000000000000e+00	1.105208548861911e+00
3.800000000000000e+00	1.116081476769351e+00
3.800000000000000e+00	1.160937549969242e+00
3.800000000000000e+00	1.096563753738804e+00
3.800000000000000e+00	1.154334913794890e+00
3.800000000000000e+00	1.075506960449012e+00
3.800000000000000e+00	1.096756469972328e+00
3.800000000000000e+00	1.077719794857604e+00
3.800000000000000e+00	1.130880048428222e+00
3.800000000000000e+00	1.169946144883391e+00
3.800000000000000e+00	1.070793678713023e+00
3.800000000000000e+00	1.124587111347259e+00
3.800000000000000e+00	1.130351746609619e+00
3.800000000000000e+00	1.002414290446198e+00
3.800000000000000e+00	1.041041151434254e+00
3.800000000000000e+00	1.167644345125282e+00
3.800000000000000e+00	1.078404809337384e+00
3.800000000000000e+00	1.149119924046404e+00
3.800000000000000e+00	1.127298420927616e+00
3.800000000000000e+00	1.035397822168658e+00
3.800000000000000e+00	9.247856617218017e-01
3.800000000000000e+00	1.193879929476068e+00
3.800000000000000e+00	1.089667602892533e+00
3.800000000000000e+00	1.144034723409228e+00
3.800000000000000e+00	1.042089934498913e+00
3.800000000000000e+00	1.159104282861792e+00
3.800000000000000e+00	1.152023969806820e+00
3.800000000000000e+00	1.073764021834350e+00
3.800000000000000e+00	1.121641618971852e+00
3.800000000000000e+00	1.050636277898145e+00
3.800000000000000e+00	1.167529917036711e+00
3.800000000000000e+00	1.102935707597716e+00
3.800000000000000e+00	1.017713833098499e+00
3.800000000000000e+00	1.184215983755879e+00
3.800000000000000e+00	1.138533630228222e+00
3.800000000000000e+00	1.080063686456026e+00
3.800000000000000e+00	1.088653680160812e+00
3.800000000000000e+00	1.073158901159238e+00
3.800000000000000e+00	1.116049435988449e+00
3.800000000000000e+00	1.115882412679663e+00
3.800000000000000e+00	1.101027661731106e+00
3.800000000000000e+00	1.116388718708989e+00
3.800000000000000e+00	1.073317439353599e+00
3.800000000000000e+00	1.110524245020673e+00
3.800000000000000e+00	1.028084310604119e+00
3.800000000000000e+00	1.215842423700625e+00
3.800000000000000e+00	1.219599482510225e+00
3.800000000000000e+00	1.104890745197308e+00
3.800000000000000e+00	1.138605708082487e+00
3.800000000000000e+00	1.129786755140672e+00
3.800000000000000e+00	1.083005675454973e+00
3.800000000000000e+00	1.152786171926981e+00
3.800000000000000e+00	1.063641254830971e+00
3.800000000000000e+00	1.074385689144958e+00
3.800000000000000e+00	1.152220234082187e+00
3.800000000000000e+00	1.052522800775502e+00
3.800000000000000e+00	1.088556428084991e+00
3.800000000000000e+00	1.164933000127212e+00
3.800000000000000e+00	1.114821354504770e+00
3.800000000000000e+00	1.166727231823999e+00
3.800000000000000e+00	1.121193587521918e+00
3.800000000000000e+00	1.130898773175939e+00
3.800000000000000e+00	1.107357379310555e+00
3.800000000000000e+00	1.116731156084131e+00
3.800000000000000e+00	1.055503025334395e+00
3.800000000000000e+00	1.091490517675967e+00
3.800000000000000e+00	1.106019394836498e+00
3.800000000000000e+00	1.077240974153687e+00
3.800000000000000e+00	1.099899567836277e+00
3.800000000000000e+00	1.161267827406178e+00
3.800000000000000e+00	1.141846492096265e+00
3.800000000000000e+00	1.125771445444564e+00
3.800000000000000e+00	1.068612560940215e+00
3.800000000000000e+00	1.097907989504497e+00
3.800000000000000e+00	1.164298703110941e+00
3.800000000000000e+00	1.144680913762439e+00
3.800000000000000e+00	1.168670286313655e+00
3.800000000000000e+00	1.145993341232878e+00
3.800000000000000e+00	1.112226960095681e+00
3.800000000000000e+00	1.091197952475865e+00
3.800000000000000e+00	1.132358053507951e+00
3.800000000000000e+00	1.169211617008641e+00
3.800000000000000e+00	1.080118387040132e+00
3.800000000000000e+00	1.129577204506180e+00
3.800000000000000e+00	1.153618368343460e+00
3.800000000000000e+00	1.160830655691296e+00
3.800000000000000e+00	1.134647234810501e+00
3.800000000000000e+00	1.153894993238127e+00
3.800000000000000e+00	1.083725229678801e+00
3.800000000000000e+00	1.099530626393503e+00
3.800000000000000e+00	1.080767475434362e+00
3.800000000000000e+00	1.139584694041831e+00
3.800000000000000e+00	1.063501453121945e+00
3.800000000000000e+00	1.123752529295567e+00
3.800000000000000e+00	1.176872416074244e+00
3.800000000000000e+00	1.187841890010774e+00
3.800000000000000e+00	1.137425884590319e+00
3.800000000000000e+00	1.114410155582442e+00
3.800000000000000e+00	1.076674157692614e+00
3.800000000000000e+00	1.148823980557143e+00
3.800000000000000e+00	1.091899866769965e+00
3.800000000000000e+00	1.037929138202278e+00
3.800000000000000e+00	1.102549913713617e+00
3.800000000000000e+00	1.081777229391679e+00
3.800000000000000e+00	1.058838801503794e+00
3.800000000000000e+00	1.122666367433411e+00
3.800000000000000e+00	1.124890976041423e+00
3.800000000000000e+00	1.110817256716133e+00
3.800000000000000e+00	1.076738232807844e+00
3.800000000000000e+00	1.118228127911943e+00
3.800000000000000e+00	1.093569664922692e+00
3.800000000000000e+00	1.045324296957906e+00
3.800000000000000e+00	1.133189139676291e+00
