3.800000000000000e+00	9.672025695146033e+00
3.800000000000000e+00	9.489055574202268e+00
3.800000000000000e+00	9.785544416569985e+00
3.800000000000000e+00	9.619789341799629e+00
3.800000000000000e+00	9.608151468910952e+00
3.800000000000000e+00	9.592682216378414e+00
3.800000000000000e+00	9.673459475549066e+00
3.800000000000000e+00	9.477433929336270e+00
3.800000000000000e+00	9.661513572675368e+00
3.800000000000000e+00	9.440889145861290e+00
3.800000000000000e+00	9.676292629281349e+00
3.800000000000000e+00	9.679998315116311e+00
3.800000000000000e+00	9.570178579293824e+00
3.800000000000000e+00	9.592007124272836e+00
3.800000000000000e+00	9.646514321173271e+00
3.800000000000000e+00	9.737181827535462e+00
3.800000000000000e+00	9.781297650562607e+00
3.800000000000000e+00	9.608181429181641e+00
3.800000000000000e+00	9.707272714154083e+00
3.800000000000000e+00	9.638234692344842e+00
3.800000000000000e+00	9.530775658101536e+00
3.800000000000000e+00	9.658868295210173e+00
3.800000000000000e+00	9.607387590254753e+00
3.800000000000000e+00	9.614335598073431e+00
3.800000000000000e+00	9.599875637310010e+00
3.800000000000000e+00	9.715230791268493e+00
3.800000000000000e+00	9.604157552750447e+00
3.800000000000000e+00	9.638777309659151e+00
3.800000000000000e+00	9.637388579990546e+00
3.800000000000000e+00	9.463109464056274e+00
3.800000000000000e+00	9.596180035910633e+00
3.800000000000000e+00	9.758055359107406e+00
3.800000000000000e+00	9.587872528939275e+00
3.800000000000000e+00	9.601841703519856e+00
3.800000000000000e+00	9.654900121609773e+00
3.800000000000000e+00	9.635167661761455e+00
3.800000000000000e+00	9.653618797772646e+00
3.800000000000000e+00	9.678310348842421e+00
3.800000000000000e+00	9.535346841619049e+00
3.800000000000000e+00	9.674451706139024e+00
3.800000000000000e+00	9.512543707924749e+00
3.800000000000000e+00	9.734229496203174e+00
3.800000000000000e+00	9.599143128371797e+00
3.800000000000000e+00	9.603102292080980e+00
3.800000000000000e+00	9.526520643084508e+00
3.800000000000000e+00	9.518667873759739e+00
3.800000000000000e+00	9.710282064684742e+00
3.800000000000000e+00	9.525109856257673e+00
3.800000000000000e+00	9.682692622774837e+00
3.800000000000000e+00	9.816122619456532e+00
3.800000000000000e+00	9.462648701613350e+00
3.800000000000000e+00	9.714787962147742e+00
3.800000000000000e+00	9.632025327085520e+00
3.800000000000000e+00	9.570236764339327e+00
3.800000000000000e+00	9.675507011535011e+00
3.800000000000000e+00	9.542650556227002e+00
3.800000000000000e+00	9.673364262499682e+00
3.800000000000000e+00	9.712075117244137e+00
3.800000000000000e+00	9.495760705919162e+00
3.800000000000000e+00	9.669221982719870e+00
3.800000000000000e+00	9.543654361837545e+00
3.800000000000000e+00	9.662878507207097e+00
3.800000000000000e+00	9.635969276022351e+00
3.800000000000000e+00	9.646945898394483e+00
3.800000000000000e+00	9.719110578379047e+00
3.800000000000000e+00	9.553593874206431e+00
3.800000000000000e+00	9.454582867853405e+00
3.800000000000000e+00	9.705558317403030e+00
3.800000000000000e+00	9.545043272889833e+00
3.800000000000000e+00	9.598200579804228e+00
3.800000000000000e+00	9.649929151220093e+00
3.800000000000000e+00	9.697523232765880e+00
3.800000000000000e+00	9.721098776142636e+00
3.800000000000000e+00	9.683728322673524e+00
3.800000000000000e+00	9.625108765439624e+00
3.800000000000000e+00	9.606400724915085e+00
3.800000000000000e+00	9.609495611240156e+00
3.800000000000000e+00	9.591590858891664e+00
3.800000000000000e+00	9.574868424894525e+00
3.800000000000000e+00	9.728874600621403e+00
3.800000000000000e+00	9.703248408047990e+00
3.800000000000000e+00	9.473283565381101e+00
3.800000000000000e+00	9.601319629376892e+00
3.800000000000000e+00	9.595399899462905e+00
3.800000000000000e+00	9.752345134285335e+00
3.800000000000000e+00	9.797276476966324e+00
3.800000000000000e+00	9.798908206673874e+00
3.800000000000000e+00	9.645942793935639e+00
3.800000000000000e+00	9.608891458574902e+00
3.800000000000000e+00	9.639169827776570e+00
3.800000000000000e+00	9.727564244715751e+00
3.800000000000000e+00	9.459652324642462e+00
3.800000000000000e+00	9.568907148916637e+00
3.800000000000000e+00	9.448601505346849e+00
3.800000000000000e+00	9.696625520973210e+00
3.800000000000000e+00	9.619494027449214e+00
3.800000000000000e+00	9.604273801533733e+00
3.800000000000000e+00	9.631467615411355e+00
3.800000000000000e+00	9.472013374517385e+00
3.800000000000000e+00	9.411444851830801e+00
3.800000000000000e+00	9.747997684246140e+00
3.800000000000000e+00	9.537640098145854e+00
3.800000000000000e+00	9.766586404868768e+00
3.800000000000000e+00	9.542723045095729e+00
3.800000000000000e+00	9.498712010183439e+00
3.800000000000000e+00	9.456684383349174e+00
3.800000000000000e+00	9.589038410735188e+00
3.800000000000000e+00	9.628576109927419e+00
3.800000000000000e+00	9.737472715815596e+00
3.800000000000000e+00	9.629824037273558e+00
3.800000000000000e+00	9.673794835563363e+00
3.800000000000000e+00	9.545596425071945e+00
3.800000000000000e+00	9.515278770748743e+00
3.800000000000000e+00	9.671458439818599e+00
3.800000000000000e+00	9.682704160144491e+00
3.800000000000000e+00	9.670978705756822e+00
3.800000000000000e+00	9.667326297294178e+00
3.800000000000000e+00	9.540093931821792e+00
3.800000000000000e+00	9.679710522091611e+00
3.800000000000000e+00	9.624486227093563e+00
3.800000000000000e+00	9.786588654646405e+00
3.800000000000000e+00	9.752867638765732e+00
3.800000000000000e+00	9.744748101742953e+00
3.800000000000000e+00	9.693203009923785e+00
3.800000000000000e+00	9.697335096331525e+00
3.800000000000000e+00	9.820925046562385e+00
3.800000000000000e+00	9.620334755818462e+00
3.800000000000000e+00	9.709526032187121e+00
3.800000000000000e+00	9.592715239425072e+00
3.800000000000000e+00	9.571977572010923e+00
3.800000000000000e+00	9.713605586236621e+00
3.800000000000000e+00	9.543772242990215e+00
3.800000000000000e+00	9.734169494004263e+00
3.800000000000000e+00	9.736946631144622e+00
3.800000000000000e+00	9.729301648719266e+00
3.800000000000000e+00	9.678198268068693e+00
3.800000000000000e+00	9.725920861977720e+00
3.800000000000000e+00	9.755550275279921e+00
3.800000000000000e+00	9.532554518407620e+00
3.800000000000000e+00	9.565504200806688e+00
3.800000000000000e+00	9.488527249366133e+00
3.800000000000000e+00	9.589142130351592e+00
3.800000000000000e+00	9.569250463123876e+00
3.800000000000000e+00	9.602525785857226e+00
3.800000000000000e+00	9.698252898156676e+00
3.800000000000000e+00	9.660443271969655e+00
3.800000000000000e+00	9.709498137101765e+00
3.800000000000000e+00	9.656124956896001e+00
3.800000000000000e+00	9.639049619323895e+00
3.800000000000000e+00	9.771364483272414e+00
3.800000000000000e+00	9.738133622918172e+00
3.800000000000000e+00	9.642053646027074e+00
3.800000000000000e+00	9.577691506273847e+00
3.800000000000000e+00	9.679028084983088e+00
3.800000000000000e+00	9.686068189192097e+00
3.800000000000000e+00	9.602961873979446e+00
3.800000000000000e+00	9.664718966239112e+00
3.800000000000000e+00	9.590567978123842e+00
3.800000000000000e+00	9.651117543268199e+00
3.800000000000000e+00	9.532973371830373e+00
3.800000000000000e+00	9.524575259616112e+00
3.800000000000000e+00	9.549214449954867e+00
3.800000000000000e+00	9.546923764688914e+00
3.800000000000000e+00	9.723276353893407e+00
3.800000000000000e+00	9.683703535515631e+00
3.800000000000000e+00	9.725961492518667e+00
3.800000000000000e+00	9.616746067490833e+00
3.800000000000000e+00	9.715840516991367e+00
3.800000000000000e+00	9.669744087800900e+00
3.800000000000000e+00	9.677346542178064e+00
3.800000000000000e+00	9.670623697999241e+00
3.800000000000000e+00	9.768673861744137e+00
3.800000000000000e+00	9.574405860303905e+00
3.800000000000000e+00	9.628014600157101e+00
3.800000000000000e+00	9.715615582345547e+00
3.800000000000000e+00	9.594780386416836e+00
3.800000000000000e+00	9.729912554520716e+00
3.800000000000000e+00	9.586936740625507e+00
3.800000000000000e+00	9.617288028569506e+00
3.800000000000000e+00	9.563593493095381e+00
3.800000000000000e+00	9.471176003230910e+00
3.800000000000000e+00	9.654030252921263e+00
3.800000000000000e+00	9.624923732128238e+00
3.800000000000000e+00	9.608878376401993e+00
3.800000000000000e+00	9.509286553016725e+00
3.800000000000000e+00	9.676231401963502e+00
3.800000000000000e+00	9.700431501009959e+00
3.800000000000000e+00	9.665329288701081e+00
3.800000000000000e+00	9.822992376436382e+00
3.800000000000000e+00	9.778485171432370e+00
3.800000000000000e+00	9.558475529993341e+00
3.800000000000000e+00	9.565469726804725e+00
3.800000000000000e+00	9.643850439192082e+00
3.800000000000000e+00	9.659717839127641e+00
3.800000000000000e+00	9.608603655352674e+00
3.800000000000000e+00	9.583079701390306e+00
3.800000000000000e+00	9.673707018544974e+00
3.800000000000000e+00	9.593359228922072e+00
3.800000000000000e+00	9.664987653285669e+00
3.800000000000000e+00	9.688143216165649e+00
3.800000000000000e+00	9.631780699670664e+00
3.800000000000000e+00	9.417543778782706e+00
3.800000000000000e+00	9.632143234175816e+00
3.800000000000000e+00	9.777393037873301e+00
3.800000000000000e+00	9.678794445777370e+00
3.800000000000000e+00	9.605174373547342e+00
3.800000000000000e+00	9.538913983321043e+00
3.800000000000000e+00	9.551954501991489e+00
3.800000000000000e+00	9.753476563332564e+00
3.800000000000000e+00	9.702791799213287e+00
3.800000000000000e+00	9.629029516559797e+00
3.800000000000000e+00	9.686749283553585e+00
3.800000000000000e+00	9.532056979702139e+00
3.800000000000000e+00	9.742495285578999e+00
3.800000000000000e+00	9.661163874727144e+00
3.800000000000000e+00	9.665402611774956e+00
3.800000000000000e+00	9.508639552859560e+00
3.800000000000000e+00	9.478782443641993e+00
3.800000000000000e+00	9.455612780499065e+00
3.800000000000000e+00	9.642329978377425e+00
3.800000000000000e+00	9.843082738950610e+00
3.800000000000000e+00	9.652403023986155e+00
3.800000000000000e+00	9.659457109172344e+00
3.800000000000000e+00	9.776706207396685e+00
3.800000000000000e+00	9.659659236270036e+00
3.800000000000000e+00	9.678761604625180e+00
3.800000000000000e+00	9.624140703921089e+00
3.800000000000000e+00	9.896342248451234e+00
3.800000000000000e+00	9.556985830227813e+00
3.800000000000000e+00	9.706055257887316e+00
3.800000000000000e+00	9.594631082251698e+00
3.800000000000000e+00	9.614177387675376e+00
3.800000000000000e+00	9.549144195402580e+00
3.800000000000000e+00	9.583407724900947e+00
3.800000000000000e+00	9.661996855978678e+00
3.800000000000000e+00	9.644522871646384e+00
3.800000000000000e+00	9.520112545148486e+00
3.800000000000000e+00	9.614206566345095e+00
3.800000000000000e+00	9.456643688538275e+00
3.800000000000000e+00	9.577311404903199e+00
3.800000000000000e+00	9.665613910297891e+00
3.800000000000000e+00	9.648084080665893e+00
3.800000000000000e+00	9.631868638569872e+00
3.800000000000000e+00	9.531419597146320e+00
3.800000000000000e+00	9.701324542930074e+00
3.800000000000000e+00	9.608290011802062e+00
3.800000000000000e+00	9.727912911618381e+00
3.800000000000000e+00	9.876296180403861e+00
3.800000000000000e+00	9.545464890938074e+00
3.800000000000000e+00	9.676792327940765e+00
3.800000000000000e+00	9.538398779287057e+00
3.800000000000000e+00	9.618204991740331e+00
3.800000000000000e+00	9.645346270683230e+00
3.800000000000000e+00	9.625116649264722e+00
3.800000000000000e+00	9.493364393770902e+00
3.800000000000000e+00	9.353534375204010e+00
3.800000000000000e+00	9.731875216551451e+00
3.800000000000000e+00	9.585496919817684e+00
3.800000000000000e+00	9.497615847195178e+00
3.800000000000000e+00	9.787547743300273e+00
3.800000000000000e+00	9.757295432667817e+00
3.800000000000000e+00	9.582360004190999e+00
3.800000000000000e+00	9.627411631468334e+00
3.800000000000000e+00	9.605831225185685e+00
3.800000000000000e+00	9.578406375374488e+00
3.800000000000000e+00	9.618165207824145e+00
3.800000000000000e+00	9.642588549619420e+00
3.800000000000000e+00	9.702533765127209e+00
3.800000000000000e+00	9.698533357645266e+00
3.800000000000000e+00	9.677369802754948e+00
3.800000000000000e+00	9.636278552638714e+00
3.800000000000000e+00	9.596944116472725e+00
3.800000000000000e+00	9.670476353673610e+00
3.800000000000000e+00	9.836991182956606e+00
3.800000000000000e+00	9.559804652759645e+00
3.800000000000000e+00	9.735124828337508e+00
3.800000000000000e+00	9.532575624823117e+00
3.800000000000000e+00	9.716320118312446e+00
3.800000000000000e+00	9.616609871836456e+00
3.800000000000000e+00	9.531990842654638e+00
3.800000000000000e+00	9.689695159898967e+00
3.800000000000000e+00	9.830507865402065e+00
3.800000000000000e+00	9.550885622463143e+00
3.800000000000000e+00	9.769558300949727e+00
3.800000000000000e+00	9.656113217662202e+00
3.800000000000000e+00	9.666085643639994e+00
3.800000000000000e+00	9.630319054223442e+00
3.800000000000000e+00	9.643431392805990e+00
3.800000000000000e+00	9.563008305396112e+00
3.800000000000000e+00	9.519787400361180e+00
3.800000000000000e+00	9.650339564355800e+00
3.800000000000000e+00	9.584156110004027e+00
3.800000000000000e+00	9.506640571928555e+00
3.800000000000000e+00	9.665335467667422e+00
3.800000000000000e+00	9.623183127127191e+00
3.800000000000000e+00	9.610293318680529e+00
3.800000000000000e+00	9.598229398482415e+00
3.800000000000000e+00	9.555462935898053e+00
3.800000000000000e+00	9.659359517166072e+00
3.800000000000000e+00	9.656326353041811e+00
3.800000000000000e+00	9.525098875853990e+00
3.800000000000000e+00	9.642913367726990e+00
3.800000000000000e+00	9.887209361888669e+00
3.800000000000000e+00	9.453186140711590e+00
3.800000000000000e+00	9.642592937248969e+00
3.800000000000000e+00	9.786448433876831e+00
3.800000000000000e+00	9.601359162340081e+00
3.800000000000000e+00	9.685286322586995e+00
3.800000000000000e+00	9.778019423655113e+00
3.800000000000000e+00	9.587054261248355e+00
3.800000000000000e+00	9.563524261687039e+00
3.800000000000000e+00	9.528096436642297e+00
3.800000000000000e+00	9.557381861522952e+00
3.800000000000000e+00	9.811679454742848e+00
3.800000000000000e+00	9.678433244893281e+00
3.800000000000000e+00	9.691760322388461e+00
3.800000000000000e+00	9.652988514500324e+00
3.800000000000000e+00	9.647442199178178e+00
3.800000000000000e+00	9.686634493288139e+00
3.800000000000000e+00	9.659019524107125e+00
3.800000000000000e+00	9.616068406600297e+00
3.800000000000000e+00	9.691358730464986e+00
3.800000000000000e+00	9.708252290747119e+00
3.800000000000000e+00	9.605516908536821e+00
3.800000000000000e+00	9.533316529590005e+00
3.800000000000000e+00	9.629296641382130e+00
3.800000000000000e+00	9.690511155842175e+00
3.800000000000000e+00	9.536606352292660e+00
3.800000000000000e+00	9.707609761362646e+00
3.800000000000000e+00	9.749266319854318e+00
3.800000000000000e+00	9.697504294319138e+00
3.800000000000000e+00	9.739242318261667e+00
3.800000000000000e+00	9.574095753438343e+00
3.800000000000000e+00	9.445379508999915e+00
3.800000000000000e+00	9.549510195421085e+00
3.800000000000000e+00	9.699785135149627e+00
3.800000000000000e+00	9.576870364368695e+00
3.800000000000000e+00	9.619462134517002e+00
3.800000000000000e+00	9.660362248736730e+00
3.800000000000000e+00	9.614154693017685e+00
3.800000000000000e+00	9.603722792913915e+00
3.800000000000000e+00	9.647738253735636e+00
3.800000000000000e+00	9.717409071706761e+00
3.800000000000000e+00	9.476102756089347e+00
3.800000000000000e+00	9.460679478321666e+00
3.800000000000000e+00	9.591703446710536e+00
3.800000000000000e+00	9.457126389893222e+00
3.800000000000000e+00	9.680449015066174e+00
3.800000000000000e+00	9.687028827772549e+00
3.800000000000000e+00	9.622805949530274e+00
3.800000000000000e+00	9.457476150924302e+00
3.800000000000000e+00	9.807962923355028e+00
3.800000000000000e+00	9.464325971503811e+00
3.800000000000000e+00	9.599323698036542e+00
3.800000000000000e+00	9.580201340333698e+00
3.800000000000000e+00	9.601724738813655e+00
3.800000000000000e+00	9.694529609340904e+00
3.800000000000000e+00	9.538348928855484e+00
3.800000000000000e+00	9.739546380798677e+00
3.800000000000000e+00	9.551811850099305e+00
3.800000000000000e+00	9.571758041736285e+00
3.800000000000000e+00	9.744934453630776e+00
3.800000000000000e+00	9.672314654472819e+00
3.800000000000000e+00	9.735927928336643e+00
3.800000000000000e+00	9.633180266389134e+00
3.800000000000000e+00	9.515452602823425e+00
3.800000000000000e+00	9.640821836870636e+00
3.800000000000000e+00	9.639138496053054e+00
3.800000000000000e+00	9.772614445759476e+00
3.800000000000000e+00	9.616187527646897e+00
3.800000000000000e+00	9.678746798497476e+00
3.800000000000000e+00	9.613146125501196e+00
3.800000000000000e+00	9.740419511267010e+00
3.800000000000000e+00	9.640211674018277e+00
3.800000000000000e+00	9.662173867265514e+00
3.800000000000000e+00	9.671293171460992e+00
3.800000000000000e+00	9.714160132926569e+00
3.800000000000000e+00	9.715657363318019e+00
3.800000000000000e+00	9.578680274468720e+00
3.800000000000000e+00	9.392528414675290e+00
3.800000000000000e+00	9.605768434411051e+00
3.800000000000000e+00	9.678462465232862e+00
3.800000000000000e+00	9.671343944475110e+00
3.800000000000000e+00	9.799489999231104e+00
3.800000000000000e+00	9.653564598491746e+00
3.800000000000000e+00	9.535650396878175e+00
3.800000000000000e+00	9.690432746568431e+00
3.800000000000000e+00	9.604848526567650e+00
3.800000000000000e+00	9.603375196136325e+00
3.800000000000000e+00	9.637333333355379e+00
3.800000000000000e+00	9.625155789386818e+00
3.800000000000000e+00	9.645738864805104e+00
3.800000000000000e+00	9.758430969879839e+00
3.800000000000000e+00	9.551455702029962e+00
3.800000000000000e+00	9.475429195156423e+00
3.800000000000000e+00	9.494046423832682e+00
3.800000000000000e+00	9.482026524117090e+00
3.800000000000000e+00	9.654325798827930e+00
3.800000000000000e+00	9.792041863782195e+00
3.800000000000000e+00	9.722325178343988e+00
3.800000000000000e+00	9.826196169492761e+00
3.800000000000000e+00	9.731351860338116e+00
3.800000000000000e+00	9.619015238513560e+00
3.800000000000000e+00	9.750118068572734e+00
3.800000000000000e+00	9.702006192331858e+00
3.800000000000000e+00	9.661168983346066e+00
3.800000000000000e+00	9.560463913526878e+00
3.800000000000000e+00	9.643555063397580e+00
3.800000000000000e+00	9.388277746621792e+00
3.800000000000000e+00	9.525719104923661e+00
3.800000000000000e+00	9.684619511293750e+00
3.800000000000000e+00	9.570712881229321e+00
3.800000000000000e+00	9.589632604335588e+00
3.800000000000000e+00	9.568579937354247e+00
3.800000000000000e+00	9.669153749778243e+00
3.800000000000000e+00	9.594363711211074e+00
3.800000000000000e+00	9.509319442234275e+00
3.800000000000000e+00	9.551165425344527e+00
3.800000000000000e+00	9.697028098075890e+00
3.800000000000000e+00	9.541777189138815e+00
3.800000000000000e+00	9.624884304284652e+00
3.800000000000000e+00	9.544985831847818e+00
3.800000000000000e+00	9.604844951031893e+00
3.800000000000000e+00	9.514670136784869e+00
3.800000000000000e+00	9.474071397443497e+00
3.800000000000000e+00	9.707643725647223e+00
3.800000000000000e+00	9.762222046371104e+00
3.800000000000000e+00	9.543939551842016e+00
3.800000000000000e+00	9.657451699026449e+00
3.800000000000000e+00	9.705328790210189e+00
3.800000000000000e+00	9.591338576918625e+00
3.800000000000000e+00	9.669201028572015e+00
3.800000000000000e+00	9.771916125492066e+00
3.800000000000000e+00	9.791745993339076e+00
3.800000000000000e+00	9.660285224606660e+00
3.800000000000000e+00	9.586579689366509e+00
3.800000000000000e+00	9.601106870452139e+00
3.800000000000000e+00	9.637517286530443e+00
3.800000000000000e+00	9.518520296241311e+00
3.800000000000000e+00	9.737001604955051e+00
3.800000000000000e+00	9.762219320677314e+00
3.800000000000000e+00	9.613985346883007e+00
3.800000000000000e+00	9.667722182936561e+00
3.800000000000000e+00	9.746634216386969e+00
3.800000000000000e+00	9.536505396219955e+00
3.800000000000000e+00	9.464228526316061e+00
3.800000000000000e+00	9.561367817694672e+00
3.800000000000000e+00	9.640772271604343e+00
3.800000000000000e+00	9.671857388301850e+00
3.800000000000000e+00	9.734520869941045e+00
3.800000000000000e+00	9.752796392957832e+00
3.800000000000000e+00	9.508191734938247e+00
3.800000000000000e+00	9.700537775869073e+00
3.800000000000000e+00	9.733923360937425e+00
3.800000000000000e+00	9.731378784143613e+00
3.800000000000000e+00	9.532571335835769e+00
3.800000000000000e+00	9.670895159874467e+00
3.800000000000000e+00	9.716286719199150e+00
3.800000000000000e+00	9.569626389352234e+00
3.800000000000000e+00	9.768974153355892e+00
3.800000000000000e+00	9.631475862888028e+00
3.800000000000000e+00	9.764121732287139e+00
3.800000000000000e+00	9.724729333634810e+00
3.800000000000000e+00	9.569323142467839e+00
3.800000000000000e+00	9.643198527471451e+00
3.800000000000000e+00	9.634677789908356e+00
3.800000000000000e+00	9.516682170366188e+00
3.800000000000000e+00	9.661863141118744e+00
3.800000000000000e+00	9.633227347664327e+00
3.800000000000000e+00	9.475289600234600e+00
3.800000000000000e+00	9.644623444286799e+00
3.800000000000000e+00	9.775479326180157e+00
3.800000000000000e+00	9.597802341798147e+00
3.800000000000000e+00	9.664356268515951e+00
3.800000000000000e+00	9.594593351565408e+00
3.800000000000000e+00	9.746585599155573e+00
3.800000000000000e+00	9.745560667906616e+00
3.800000000000000e+00	9.569767052675484e+00
3.800000000000000e+00	9.664119840258181e+00
3.800000000000000e+00	9.616147598449611e+00
3.800000000000000e+00	9.777030155037913e+00
3.800000000000000e+00	9.813240479653965e+00
3.800000000000000e+00	9.849780465861912e+00
3.800000000000000e+00	9.619155832555247e+00
3.800000000000000e+00	9.672524628549247e+00
3.800000000000000e+00	9.515039102396869e+00
3.800000000000000e+00	9.516990890671652e+00
3.800000000000000e+00	9.682515119432466e+00
3.800000000000000e+00	9.658980765989757e+00
3.800000000000000e+00	9.610668051363568e+00
3.800000000000000e+00	9.545413614087682e+00
3.800000000000000e+00	9.698265954085560e+00
3.800000000000000e+00	9.790503653955348e+00
3.800000000000000e+00	9.747589168057431e+00
3.800000000000000e+00	9.719539014519714e+00
3.800000000000000e+00	9.514412258618968e+00
3.800000000000000e+00	9.516901593695728e+00
3.800000000000000e+00	9.577164645297536e+00
3.800000000000000e+00	9.505194712514488e+00
3.800000000000000e+00	9.563897908398500e+00
3.800000000000000e+00	9.773447383484164e+00
3.800000000000000e+00	9.739124272504171e+00
3.800000000000000e+00	9.641278356946241e+00
3.800000000000000e+00	9.573184400063003e+00
3.800000000000000e+00	9.655023113959903e+00
3.800000000000000e+00	9.573655205454418e+00
3.800000000000000e+00	9.538725357856434e+00
3.800000000000000e+00	9.711782936285733e+00
3.800000000000000e+00	9.671359113504042e+00
3.800000000000000e+00	9.860343133837231e+00
3.800000000000000e+00	9.552913666822782e+00
3.800000000000000e+00	9.582110529415502e+00
3.800000000000000e+00	9.556811504392456e+00
3.800000000000000e+00	9.621772381995395e+00
3.800000000000000e+00	9.721416025322995e+00
3.800000000000000e+00	9.629042465756502e+00
3.800000000000000e+00	9.619023870800586e+00
3.800000000000000e+00	9.494367042798991e+00
3.800000000000000e+00	9.636211730469389e+00
3.800000000000000e+00	9.584887560444532e+00
3.800000000000000e+00	9.543999138852094e+00
3.800000000000000e+00	9.607173529251279e+00
3.800000000000000e+00	9.537233361004240e+00
3.800000000000000e+00	9.558193724475014e+00
3.800000000000000e+00	9.681971807533335e+00
3.800000000000000e+00	9.637766794635937e+00
3.800000000000000e+00	9.712671316050891e+00
3.800000000000000e+00	9.485513288734582e+00
3.800000000000000e+00	9.526879993314392e+00
3.800000000000000e+00	9.679896195363447e+00
3.800000000000000e+00	9.773617454503395e+00
3.800000000000000e+00	9.532474632835912e+00
3.800000000000000e+00	9.722753088507460e+00
3.800000000000000e+00	9.538310284700405e+00
3.800000000000000e+00	9.727863247538956e+00
3.800000000000000e+00	9.633752366878051e+00
3.800000000000000e+00	9.573285657717861e+00
3.800000000000000e+00	9.525858045418831e+00
3.800000000000000e+00	9.518388524782813e+00
3.800000000000000e+00	9.604405186860024e+00
3.800000000000000e+00	9.707754801766393e+00
3.800000000000000e+00	9.651523441052554e+00
3.800000000000000e+00	9.554531282815681e+00
3.800000000000000e+00	9.530180694865138e+00
3.800000000000000e+00	9.453429832302154e+00
3.800000000000000e+00	9.753373049726905e+00
3.800000000000000e+00	9.564778335438293e+00
3.800000000000000e+00	9.484911642091243e+00
3.800000000000000e+00	9.609549553484966e+00
3.800000000000000e+00	9.581915630188616e+00
3.800000000000000e+00	9.785109415237788e+00
3.800000000000000e+00	9.649487159515052e+00
3.800000000000000e+00	9.825566080094944e+00
3.800000000000000e+00	9.815493916042511e+00
3.800000000000000e+00	9.821659087859885e+00
3.800000000000000e+00	9.467434452625003e+00
3.800000000000000e+00	9.716652480122564e+00
3.800000000000000e+00	9.421160280574799e+00
3.800000000000000e+00	9.771531240833710e+00
3.800000000000000e+00	9.617054672068432e+00
3.800000000000000e+00	9.568632798299447e+00
3.800000000000000e+00	9.611952956157488e+00
3.800000000000000e+00	9.670398194817952e+00
3.800000000000000e+00	9.514196468399831e+00
3.800000000000000e+00	9.635829504070895e+00
3.800000000000000e+00	9.571049608911997e+00
3.800000000000000e+00	9.562948094551672e+00
3.800000000000000e+00	9.571360630070938e+00
3.800000000000000e+00	9.731412144890184e+00
3.800000000000000e+00	9.727639459637366e+00
3.800000000000000e+00	9.686420351873485e+00
3.800000000000000e+00	9.727109216171694e+00
3.800000000000000e+00	9.710879037644133e+00
3.800000000000000e+00	9.495078814571329e+00
3.800000000000000e+00	9.537856710153507e+00
3.800000000000000e+00	9.657979487166982e+00
3.800000000000000e+00	9.656440993030166e+00
3.800000000000000e+00	9.472460629330410e+00
3.800000000000000e+00	9.642697976326298e+00
3.800000000000000e+00	9.765004181014751e+00
3.800000000000000e+00	9.644992377571047e+00
3.800000000000000e+00	9.573001384635390e+00
3.800000000000000e+00	9.665343507761568e+00
3.800000000000000e+00	9.572734181608656e+00
3.800000000000000e+00	9.694491702444681e+00
3.800000000000000e+00	9.682825504876327e+00
3.800000000000000e+00	9.768463509662512e+00
3.800000000000000e+00	9.587254381040278e+00
3.800000000000000e+00	9.710491187953282e+00
3.800000000000000e+00	9.720801316044671e+00
3.800000000000000e+00	9.651185504128996e+00
3.800000000000000e+00	9.673906432338772e+00
3.800000000000000e+00	9.570658900093447e+00
3.800000000000000e+00	9.666780110031183e+00
3.800000000000000e+00	9.747430421958724e+00
3.800000000000000e+00	9.620131518197777e+00
3.800000000000000e+00	9.536014199240023e+00
3.800000000000000e+00	9.527322248022124e+00
3.800000000000000e+00	9.715436310845142e+00
3.800000000000000e+00	9.583202422084387e+00
3.800000000000000e+00	9.665957086483148e+00
3.800000000000000e+00	9.621749178930502e+00
3.800000000000000e+00	9.697695199678432e+00
3.800000000000000e+00	9.553544544748249e+00
3.800000000000000e+00	9.574626529645268e+00
3.800000000000000e+00	9.747370505689938e+00
3.800000000000000e+00	9.689318441174631e+00
3.800000000000000e+00	9.554823170694348e+00
3.800000000000000e+00	9.571351148063171e+00
3.800000000000000e+00	9.663196873815883e+00
3.800000000000000e+00	9.585532415552414e+00
3.800000000000000e+00	9.720018890380405e+00
3.800000000000000e+00	9.595795022525371e+00
3.800000000000000e+00	9.644203360879629e+00
3.800000000000000e+00	9.673874662955130e+00
3.800000000000000e+00	9.506313057890681e+00
3.800000000000000e+00	1.002688313110787e+01
3.800000000000000e+00	9.506854885726327e+00
3.800000000000000e+00	9.731597288830820e+00
3.800000000000000e+00	9.480421792236061e+00
3.800000000000000e+00	9.646028089298667e+00
3.800000000000000e+00	9.466104672872975e+00
3.800000000000000e+00	9.506590296949330e+00
3.800000000000000e+00	9.589635179570719e+00
3.800000000000000e+00	9.536510539461755e+00
3.800000000000000e+00	9.696027169783401e+00
3.800000000000000e+00	9.540032621401039e+00
3.800000000000000e+00	9.611624851751337e+00
3.800000000000000e+00	9.618409823618766e+00
3.800000000000000e+00	9.687686614616400e+00
3.800000000000000e+00	9.580157247931369e+00
3.800000000000000e+00	9.536973099554174e+00
3.800000000000000e+00	9.540832857676465e+00
3.800000000000000e+00	9.672021497012551e+00
3.800000000000000e+00	9.509922557310102e+00
3.800000000000000e+00	9.441566676847703e+00
3.800000000000000e+00	9.606544351732470e+00
3.800000000000000e+00	9.608128358021672e+00
3.800000000000000e+00	9.586281115926401e+00
3.800000000000000e+00	9.572988333239049e+00
3.800000000000000e+00	9.739873972136188e+00
3.800000000000000e+00	9.461177894195085e+00
3.800000000000000e+00	9.537183953074717e+00
3.800000000000000e+00	9.632635358387915e+00
3.800000000000000e+00	9.332123834777802e+00
3.800000000000000e+00	9.569034421380668e+00
3.800000000000000e+00	9.719305600913216e+00
3.800000000000000e+00	9.756480009431485e+00
3.800000000000000e+00	9.743849109559683e+00
3.800000000000000e+00	9.684543814099920e+00
3.800000000000000e+00	9.695335308736830e+00
3.800000000000000e+00	9.709273421538501e+00
3.800000000000000e+00	9.767542606539116e+00
3.800000000000000e+00	9.488713416238697e+00
3.800000000000000e+00	9.583727644858749e+00
3.800000000000000e+00	9.608566626724588e+00
3.800000000000000e+00	9.489309359370964e+00
3.800000000000000e+00	9.569105359448130e+00
3.800000000000000e+00	9.650693537401693e+00
3.800000000000000e+00	9.650032799820039e+00
3.800000000000000e+00	9.569133697471006e+00
3.800000000000000e+00	9.564555931482090e+00
3.800000000000000e+00	9.492773613870686e+00
3.800000000000000e+00	9.689191048277070e+00
3.800000000000000e+00	9.425500870349737e+00
3.800000000000000e+00	9.443138376411996e+00
3.800000000000000e+00	9.722830578846262e+00
3.800000000000000e+00	9.744267382865047e+00
3.800000000000000e+00	9.601806498018203e+00
3.800000000000000e+00	9.862287976256392e+00
3.800000000000000e+00	9.725566496441344e+00
3.800000000000000e+00	9.562491252519703e+00
3.800000000000000e+00	9.683325522911957e+00
3.800000000000000e+00	9.599376035647721e+00
3.800000000000000e+00	9.626369484651139e+00
3.800000000000000e+00	9.528571329204624e+00
3.800000000000000e+00	9.598534989954302e+00
3.800000000000000e+00	9.608614055773151e+00
3.800000000000000e+00	9.605627871011691e+00
3.800000000000000e+00	9.552406642040674e+00
3.800000000000000e+00	9.714236794545767e+00
3.800000000000000e+00	9.706627561655978e+00
3.800000000000000e+00	9.499696946836732e+00
3.800000000000000e+00	9.565276872845054e+00
3.800000000000000e+00	9.505963013426101e+00
3.800000000000000e+00	9.473660292778447e+00
3.800000000000000e+00	9.540335653120131e+00
3.800000000000000e+00	9.651970981958900e+00
3.800000000000000e+00	9.617325521327404e+00
3.800000000000000e+00	9.629569209147354e+00
3.800000000000000e+00	9.625178057598681e+00
3.800000000000000e+00	9.700982865544322e+00
3.800000000000000e+00	9.806654641951052e+00
3.800000000000000e+00	9.719030840736670e+00
3.800000000000000e+00	9.540717295039865e+00
3.800000000000000e+00	9.648931885888739e+00
3.800000000000000e+00	9.792053731650661e+00
3.800000000000000e+00	9.490426846469973e+00
3.800000000000000e+00	9.674226278863681e+00
3.800000000000000e+00	9.564107828188545e+00
3.800000000000000e+00	9.607144700556193e+00
3.800000000000000e+00	9.745510011606932e+00
3.800000000000000e+00	9.707253604039984e+00
3.800000000000000e+00	9.557463913080525e+00
3.800000000000000e+00	9.595901848750172e+00
3.800000000000000e+00	9.738835265777141e+00
3.800000000000000e+00	9.620190920973020e+00
3.800000000000000e+00	9.803251842488061e+00
3.800000000000000e+00	9.413697523623519e+00
3.800000000000000e+00	9.560736214228992e+00
3.800000000000000e+00	9.542577377724289e+00
3.800000000000000e+00	9.669359787816651e+00
3.800000000000000e+00	9.685223968211929e+00
3.800000000000000e+00	9.675472688680870e+00
3.800000000000000e+00	9.639594968697917e+00
3.800000000000000e+00	9.525368945547715e+00
3.800000000000000e+00	9.649810846317957e+00
3.800000000000000e+00	9.597121300091132e+00
3.800000000000000e+00	9.672752270202768e+00
3.800000000000000e+00	9.620230435017959e+00
3.800000000000000e+00	9.522164148868161e+00
3.800000000000000e+00	9.636321451180045e+00
3.800000000000000e+00	9.743976249551743e+00
3.800000000000000e+00	9.422602921071327e+00
3.800000000000000e+00	9.443002752042679e+00
3.800000000000000e+00	9.506288519706111e+00
3.800000000000000e+00	9.764661694696063e+00
3.800000000000000e+00	9.694474712755014e+00
3.800000000000000e+00	9.821887206111803e+00
3.800000000000000e+00	9.465063862773665e+00
3.800000000000000e+00	9.460423870332500e+00
3.800000000000000e+00	9.566529711301882e+00
3.800000000000000e+00	9.627573114984374e+00
3.800000000000000e+00	9.598985441962341e+00
3.800000000000000e+00	9.662082203861690e+00
3.800000000000000e+00	9.668396465195579e+00
3.800000000000000e+00	9.668916491343957e+00
3.800000000000000e+00	9.563712800594283e+00
3.800000000000000e+00	9.513952857985430e+00
3.800000000000000e+00	9.822959880335167e+00
3.800000000000000e+00	9.797656206163891e+00
3.800000000000000e+00	9.558790027125371e+00
3.800000000000000e+00	9.372625088821348e+00
3.800000000000000e+00	9.681639221542660e+00
3.800000000000000e+00	9.700983503811210e+00
3.800000000000000e+00	9.789301113777153e+00
3.800000000000000e+00	9.674505949068106e+00
3.800000000000000e+00	9.553441728318369e+00
3.800000000000000e+00	9.631907826823271e+00
3.800000000000000e+00	9.522509615995141e+00
3.800000000000000e+00	9.598832930711906e+00
3.800000000000000e+00	9.519144127626504e+00
3.800000000000000e+00	9.531473910310753e+00
3.800000000000000e+00	9.762465236472472e+00
3.800000000000000e+00	9.567643786310585e+00
3.800000000000000e+00	9.658338114099314e+00
3.800000000000000e+00	9.646314273345967e+00
3.800000000000000e+00	9.606465110290102e+00
3.800000000000000e+00	9.656575737243077e+00
3.800000000000000e+00	9.710066874617663e+00
3.800000000000000e+00	9.513100436551220e+00
3.800000000000000e+00	9.600945308661721e+00
3.800000000000000e+00	9.435132295192108e+00
3.800000000000000e+00	9.639212817552783e+00
3.800000000000000e+00	9.389007004826167e+00
3.800000000000000e+00	9.700368260316740e+00
3.800000000000000e+00	9.541103186952544e+00
3.800000000000000e+00	9.841359575369182e+00
3.800000000000000e+00	9.615444310249217e+00
3.800000000000000e+00	9.433798552243349e+00
3.800000000000000e+00	9.568792237282906e+00
3.800000000000000e+00	9.694667379942244e+00
3.800000000000000e+00	9.758241452928960e+00
3.800000000000000e+00	9.680443256762629e+00
3.800000000000000e+00	9.633604080704501e+00
3.800000000000000e+00	9.589199242968345e+00
3.800000000000000e+00	9.671300752451668e+00
3.800000000000000e+00	9.573480622113113e+00
3.800000000000000e+00	9.691164112103781e+00
3.800000000000000e+00	9.639871966963405e+00
3.800000000000000e+00	9.582290250138577e+00
3.800000000000000e+00	9.720295230466817e+00
3.800000000000000e+00	9.629733609451792e+00
3.800000000000000e+00	9.549821569681221e+00
3.800000000000000e+00	9.763375312826984e+00
3.800000000000000e+00	9.600308724286716e+00
3.800000000000000e+00	9.742958023687633e+00
3.800000000000000e+00	9.601644359593431e+00
3.800000000000000e+00	9.609141973027281e+00
3.800000000000000e+00	9.548973114776651e+00
3.800000000000000e+00	9.674490116010336e+00
3.800000000000000e+00	9.561726249976855e+00
3.800000000000000e+00	9.642894925442416e+00
3.800000000000000e+00	9.628452710724169e+00
3.800000000000000e+00	9.507606284346274e+00
3.800000000000000e+00	9.527842438082319e+00
3.800000000000000e+00	9.459608996027583e+00
3.800000000000000e+00	9.563965322271603e+00
3.800000000000000e+00	9.501745800308594e+00
3.800000000000000e+00	9.670673636082265e+00
3.800000000000000e+00	9.477994339655201e+00
3.800000000000000e+00	9.754076725667652e+00
3.800000000000000e+00	9.460369120972210e+00
3.800000000000000e+00	9.663316720887160e+00
3.800000000000000e+00	9.628456448203423e+00
3.800000000000000e+00	9.389093455705966e+00
3.800000000000000e+00	9.584492908207144e+00
3.800000000000000e+00	9.569683838813161e+00
3.800000000000000e+00	9.427166120015588e+00
3.800000000000000e+00	9.415936000542420e+00
3.800000000000000e+00	9.686806978476445e+00
3.800000000000000e+00	9.672944211626305e+00
3.800000000000000e+00	9.506235702431372e+00
3.800000000000000e+00	9.645877888616203e+00
3.800000000000000e+00	9.590334061539163e+00
3.800000000000000e+00	9.804006889632912e+00
3.800000000000000e+00	9.597027283038376e+00
3.800000000000000e+00	9.783123590285587e+00
3.800000000000000e+00	9.456330101802129e+00
3.800000000000000e+00	9.658011583989937e+00
3.800000000000000e+00	9.604314701320117e+00
3.800000000000000e+00	9.560920099775830e+00
3.800000000000000e+00	9.550964501833233e+00
3.800000000000000e+00	9.366337088214614e+00
3.800000000000000e+00	9.677105890981515e+00
3.800000000000000e+00	9.618515820429913e+00
3.800000000000000e+00	9.861339184632381e+00
3.800000000000000e+00	9.535878913075070e+00
3.800000000000000e+00	9.515077401882877e+00
3.800000000000000e+00	9.633886540516505e+00
3.800000000000000e+00	9.597388451129255e+00
3.800000000000000e+00	9.670848313628078e+00
3.800000000000000e+00	9.750512897977293e+00
3.800000000000000e+00	9.721056865028444e+00
3.800000000000000e+00	9.555320637106094e+00
3.800000000000000e+00	9.519995154727436e+00
3.800000000000000e+00	9.717485565056057e+00
3.800000000000000e+00	9.717782830905167e+00
3.800000000000000e+00	9.690022845698488e+00
3.800000000000000e+00	9.664921595397301e+00
3.800000000000000e+00	9.691119872393395e+00
3.800000000000000e+00	9.456455513124080e+00
3.800000000000000e+00	9.684325304049278e+00
3.800000000000000e+00	9.554242699705444e+00
3.800000000000000e+00	9.500568406129243e+00
3.800000000000000e+00	9.650444033432333e+00
3.800000000000000e+00	9.489468474070534e+00
3.800000000000000e+00	9.688775851419564e+00
3.800000000000000e+00	9.802085447239925e+00
3.800000000000000e+00	9.721074655448902e+00
3.800000000000000e+00	9.745172017998822e+00
3.800000000000000e+00	9.736229800880244e+00
3.800000000000000e+00	9.588129099003606e+00
3.800000000000000e+00	9.565329097231123e+00
3.800000000000000e+00	9.595929376843387e+00
3.800000000000000e+00	9.595581932609972e+00
3.800000000000000e+00	9.481930560454160e+00
3.800000000000000e+00	9.743604991241058e+00
3.800000000000000e+00	9.575732662253444e+00
3.800000000000000e+00	9.597494829012215e+00
3.800000000000000e+00	9.656950554770422e+00
3.800000000000000e+00	9.673886491575708e+00
3.800000000000000e+00	9.659362963819085e+00
3.800000000000000e+00	9.436244640873571e+00
3.800000000000000e+00	9.703125509625654e+00
3.800000000000000e+00	9.547793616392539e+00
3.800000000000000e+00	9.518463032494690e+00
3.800000000000000e+00	9.479321120352097e+00
3.800000000000000e+00	9.622471900086026e+00
3.800000000000000e+00	9.574837762340042e+00
3.800000000000000e+00	9.577513976026623e+00
3.800000000000000e+00	9.609275472325585e+00
3.800000000000000e+00	9.397630600055521e+00
3.800000000000000e+00	9.489353995363787e+00
3.800000000000000e+00	9.715816673072226e+00
3.800000000000000e+00	9.564381068833615e+00
3.800000000000000e+00	9.638321505195105e+00
3.800000000000000e+00	9.609198746351154e+00
3.800000000000000e+00	9.524516830166618e+00
3.800000000000000e+00	9.875815601738722e+00
3.800000000000000e+00	9.720021439375053e+00
3.800000000000000e+00	9.652604155352190e+00
3.800000000000000e+00	9.552575341661047e+00
3.800000000000000e+00	9.585411980409681e+00
3.800000000000000e+00	9.515348943581541e+00
3.800000000000000e+00	9.494847155520507e+00
3.800000000000000e+00	9.502533095931003e+00
3.800000000000000e+00	9.448429479701506e+00
3.800000000000000e+00	9.574546574732404e+00
3.800000000000000e+00	9.575440974125982e+00
3.800000000000000e+00	9.744202327043132e+00
3.800000000000000e+00	9.348332278098063e+00
3.800000000000000e+00	9.696997706402261e+00
3.800000000000000e+00	9.585278036559732e+00
3.800000000000000e+00	9.791737181444145e+00
3.800000000000000e+00	9.720034007420423e+00
3.800000000000000e+00	9.700257219103396e+00
3.800000000000000e+00	9.661086860069286e+00
3.800000000000000e+00	9.489732816077430e+00
3.800000000000000e+00	9.716018647510365e+00
3.800000000000000e+00	9.424647479128286e+00
3.800000000000000e+00	9.637123308975347e+00
3.800000000000000e+00	9.639736467728181e+00
3.800000000000000e+00	9.602643091245900e+00
3.800000000000000e+00	9.556271531990113e+00
3.800000000000000e+00	9.635856019269177e+00
3.800000000000000e+00	9.632406585323258e+00
3.800000000000000e+00	9.662515071350203e+00
3.800000000000000e+00	9.808184539557917e+00
3.800000000000000e+00	9.577750579744142e+00
3.800000000000000e+00	9.520461373113463e+00
3.800000000000000e+00	9.608022879594968e+00
3.800000000000000e+00	9.689776171359213e+00
3.800000000000000e+00	9.645095654338448e+00
3.800000000000000e+00	9.734514518228375e+00
3.800000000000000e+00	9.671020847922177e+00
3.800000000000000e+00	9.647683680866500e+00
3.800000000000000e+00	9.751412129164049e+00
3.800000000000000e+00	9.582431463907239e+00
3.800000000000000e+00	9.621106508338157e+00
3.800000000000000e+00	9.521221871802325e+00
3.800000000000000e+00	9.712029958713732e+00
3.800000000000000e+00	9.752029363947894e+00
3.800000000000000e+00	9.630254630287791e+00
3.800000000000000e+00	9.403601429796201e+00
3.800000000000000e+00	9.670280131037508e+00
3.800000000000000e+00	9.694266776630684e+00
3.800000000000000e+00	9.848336734320885e+00
3.800000000000000e+00	9.616848916353598e+00
3.800000000000000e+00	9.619605969534655e+00
3.800000000000000e+00	9.541686843725582e+00
3.800000000000000e+00	9.582489943639777e+00
3.800000000000000e+00	9.498121286574429e+00
3.800000000000000e+00	9.517225285188415e+00
3.800000000000000e+00	9.601955895983057e+00
3.800000000000000e+00	9.691908791115402e+00
3.800000000000000e+00	9.683878620249558e+00
3.800000000000000e+00	9.711569687858972e+00
3.800000000000000e+00	9.741649832873607e+00
3.800000000000000e+00	9.522027472745098e+00
3.800000000000000e+00	9.643173479021995e+00
3.800000000000000e+00	9.585257501006318e+00
3.800000000000000e+00	9.737150707934866e+00
3.800000000000000e+00	9.566547334121452e+00
3.800000000000000e+00	9.546231032359842e+00
3.800000000000000e+00	9.527057447720406e+00
3.800000000000000e+00	9.657711613991406e+00
3.800000000000000e+00	9.434568070223985e+00
3.800000000000000e+00	9.757366600968318e+00
3.800000000000000e+00	9.636836466012046e+00
3.800000000000000e+00	9.700977592447238e+00
3.800000000000000e+00	9.579710385153867e+00
3.800000000000000e+00	9.399128654902256e+00
3.800000000000000e+00	9.568116839992443e+00
3.800000000000000e+00	9.688777287976555e+00
3.800000000000000e+00	9.721175375705194e+00
3.800000000000000e+00	9.618485519936486e+00
3.800000000000000e+00	9.625892179534761e+00
3.800000000000000e+00	9.761984728561808e+00
3.800000000000000e+00	9.574942338084382e+00
3.800000000000000e+00	9.597154732439600e+00
3.800000000000000e+00	9.483819166093042e+00
3.800000000000000e+00	9.584475120102958e+00
3.800000000000000e+00	9.600595572689699e+00
3.800000000000000e+00	9.884644742631655e+00
3.800000000000000e+00	9.603350457614024e+00
3.800000000000000e+00	9.768790769097317e+00
3.800000000000000e+00	9.768113864973019e+00
3.800000000000000e+00	9.655286883080791e+00
3.800000000000000e+00	9.638057249715141e+00
3.800000000000000e+00	9.627640856175415e+00
3.800000000000000e+00	9.678977685156136e+00
3.800000000000000e+00	9.764559399507897e+00
3.800000000000000e+00	9.781262781303596e+00
3.800000000000000e+00	9.851581407269498e+00
3.800000000000000e+00	9.458879037880530e+00
3.800000000000000e+00	9.819348334555620e+00
3.800000000000000e+00	9.717892824801025e+00
3.800000000000000e+00	9.552437888458417e+00
3.800000000000000e+00	9.802636198310948e+00
3.800000000000000e+00	9.681820129346931e+00
3.800000000000000e+00	9.581694485547334e+00
3.800000000000000e+00	9.652639849989768e+00
3.800000000000000e+00	9.670597566155049e+00
3.800000000000000e+00	9.528071071015036e+00
3.800000000000000e+00	9.424018091548191e+00
3.800000000000000e+00	9.699219643799857e+00
3.800000000000000e+00	9.718847018828839e+00
3.800000000000000e+00	9.444829173881786e+00
3.800000000000000e+00	9.507167823856733e+00
3.800000000000000e+00	9.403532947575675e+00
3.800000000000000e+00	9.540879381735088e+00
3.800000000000000e+00	9.495102770903987e+00
3.800000000000000e+00	9.608827147488306e+00
3.800000000000000e+00	9.632367510046748e+00
3.800000000000000e+00	9.671406725746571e+00
3.800000000000000e+00	9.605237932428034e+00
3.800000000000000e+00	9.757433700418472e+00
3.800000000000000e+00	9.459141330741513e+00
3.800000000000000e+00	9.703986784699932e+00
