2.000000000000000e+00	4.784442772221324e+00
2.000000000000000e+00	4.893553115070479e+00
2.000000000000000e+00	4.801960334658794e+00
2.000000000000000e+00	4.849978435091117e+00
2.000000000000000e+00	4.814212781308780e+00
2.000000000000000e+00	4.845259351317198e+00
2.000000000000000e+00	4.782229109589915e+00
2.000000000000000e+00	4.793866652427260e+00
2.000000000000000e+00	4.731862089261640e+00
2.000000000000000e+00	4.720455804771675e+00
2.000000000000000e+00	4.890973969395215e+00
2.000000000000000e+00	4.711346526772819e+00
2.000000000000000e+00	4.664057041673056e+00
2.000000000000000e+00	4.723210748409574e+00
2.000000000000000e+00	4.807053101503117e+00
2.000000000000000e+00	4.712856917847811e+00
2.000000000000000e+00	4.839955546110509e+00
2.000000000000000e+00	4.753527674432284e+00
2.000000000000000e+00	4.809229122508254e+00
2.000000000000000e+00	4.748231905243737e+00
2.000000000000000e+00	4.770000074782947e+00
2.000000000000000e+00	4.809502064522567e+00
2.000000000000000e+00	4.784258097138626e+00
2.000000000000000e+00	4.665295984143842e+00
2.000000000000000e+00	4.867219933297077e+00
2.000000000000000e+00	4.896864681808599e+00
2.000000000000000e+00	4.792730329398347e+00
2.000000000000000e+00	4.760153284348698e+00
2.000000000000000e+00	4.813662740565091e+00
2.000000000000000e+00	4.669628521490421e+00
2.000000000000000e+00	4.813314038682592e+00
2.000000000000000e+00	4.670680465755107e+00
2.000000000000000e+00	4.714057435600578e+00
2.000000000000000e+00	4.747785093924190e+00
2.000000000000000e+00	4.671919135172530e+00
2.000000000000000e+00	4.688082004744708e+00
2.000000000000000e+00	4.762921419822827e+00
2.000000000000000e+00	4.676044891202127e+00
2.000000000000000e+00	4.883794501741093e+00
2.000000000000000e+00	4.735191934708844e+00
2.000000000000000e+00	4.909349025340173e+00
2.000000000000000e+00	4.677941640192312e+00
2.000000000000000e+00	4.679875927906796e+00
2.000000000000000e+00	4.725046031919031e+00
2.000000000000000e+00	4.726858337003141e+00
2.000000000000000e+00	4.586243862398735e+00
2.000000000000000e+00	4.756563067650093e+00
2.000000000000000e+00	4.823905351421393e+00
2.000000000000000e+00	4.837533041769596e+00
2.000000000000000e+00	4.720781633423843e+00
2.000000000000000e+00	4.657162814242769e+00
2.000000000000000e+00	4.888691618420058e+00
2.000000000000000e+00	4.719276318428244e+00
2.000000000000000e+00	4.783867766507639e+00
2.000000000000000e+00	4.813813629817409e+00
2.000000000000000e+00	4.656391481778121e+00
2.000000000000000e+00	4.647017871863635e+00
2.000000000000000e+00	4.776444237937554e+00
2.000000000000000e+00	4.682240776072218e+00
2.000000000000000e+00	4.736160093755545e+00
2.000000000000000e+00	4.723199213666116e+00
2.000000000000000e+00	4.727676781515867e+00
2.000000000000000e+00	4.857149862681132e+00
2.000000000000000e+00	4.764911792404480e+00
2.000000000000000e+00	4.677224233299441e+00
2.000000000000000e+00	4.703853580667840e+00
2.000000000000000e+00	4.589273095018068e+00
2.000000000000000e+00	4.766998636116595e+00
2.000000000000000e+00	4.688629046709128e+00
2.000000000000000e+00	4.803527354639817e+00
2.000000000000000e+00	4.787446592725122e+00
2.000000000000000e+00	4.696212262796436e+00
2.000000000000000e+00	4.731908285391063e+00
2.000000000000000e+00	4.924189193628457e+00
2.000000000000000e+00	4.795711470642445e+00
2.000000000000000e+00	4.725548841893350e+00
2.000000000000000e+00	4.687535894617442e+00
2.000000000000000e+00	4.750713786319604e+00
2.000000000000000e+00	4.731602044858953e+00
2.000000000000000e+00	4.701374504457322e+00
2.000000000000000e+00	4.718174505099785e+00
2.000000000000000e+00	4.584930690305651e+00
2.000000000000000e+00	4.833102480264005e+00
2.000000000000000e+00	4.825524610931351e+00
2.000000000000000e+00	4.806737373437044e+00
2.000000000000000e+00	4.740654699660684e+00
2.000000000000000e+00	4.818565895137846e+00
2.000000000000000e+00	4.725198717998779e+00
2.000000000000000e+00	4.654831082919328e+00
2.000000000000000e+00	4.763306945552241e+00
2.000000000000000e+00	4.816187447888728e+00
2.000000000000000e+00	4.800003978534603e+00
2.000000000000000e+00	4.711363203312271e+00
2.000000000000000e+00	4.651375848779816e+00
2.000000000000000e+00	4.871145517045740e+00
2.000000000000000e+00	4.956160172754727e+00
2.000000000000000e+00	4.809039643498147e+00
2.000000000000000e+00	4.705763594307999e+00
2.000000000000000e+00	4.775510509667038e+00
2.000000000000000e+00	4.892572607488154e+00
2.000000000000000e+00	4.632732982648115e+00
2.000000000000000e+00	4.771368228574288e+00
2.000000000000000e+00	4.730297392862617e+00
2.000000000000000e+00	4.786272098866020e+00
2.000000000000000e+00	4.708287634225919e+00
2.000000000000000e+00	4.817498246935972e+00
2.000000000000000e+00	4.712641395064605e+00
2.000000000000000e+00	4.710371700878095e+00
2.000000000000000e+00	4.936934413751738e+00
2.000000000000000e+00	4.760827934487006e+00
2.000000000000000e+00	4.704431700135317e+00
2.000000000000000e+00	4.784416274715769e+00
2.000000000000000e+00	4.774228262595416e+00
2.000000000000000e+00	4.686572114628883e+00
2.000000000000000e+00	4.629470651867328e+00
2.000000000000000e+00	4.778381895948574e+00
2.000000000000000e+00	4.893774885137766e+00
2.000000000000000e+00	4.717650451614933e+00
2.000000000000000e+00	4.739520009754697e+00
2.000000000000000e+00	4.704494246787258e+00
2.000000000000000e+00	4.729595468640033e+00
2.000000000000000e+00	4.739104691040541e+00
2.000000000000000e+00	4.690714440067734e+00
2.000000000000000e+00	4.761440481880829e+00
2.000000000000000e+00	4.704027704154389e+00
2.000000000000000e+00	4.898111434337789e+00
2.000000000000000e+00	4.661072842495200e+00
2.000000000000000e+00	4.778337534020971e+00
2.000000000000000e+00	4.774423075141376e+00
2.000000000000000e+00	4.651713941025322e+00
2.000000000000000e+00	4.723883776362999e+00
2.000000000000000e+00	4.818501943989575e+00
2.000000000000000e+00	4.700961809171297e+00
2.000000000000000e+00	4.791484028593497e+00
2.000000000000000e+00	4.839095036875403e+00
2.000000000000000e+00	4.786301533916374e+00
2.000000000000000e+00	4.701351584625010e+00
2.000000000000000e+00	4.764345332474610e+00
2.000000000000000e+00	4.833291170978804e+00
2.000000000000000e+00	4.708740300355717e+00
2.000000000000000e+00	4.774242643074577e+00
2.000000000000000e+00	4.758716535469298e+00
2.000000000000000e+00	4.761256129956397e+00
2.000000000000000e+00	4.783474039134101e+00
2.000000000000000e+00	4.696673375078480e+00
2.000000000000000e+00	4.724016974849955e+00
2.000000000000000e+00	4.644215637711820e+00
2.000000000000000e+00	4.594255523281784e+00
2.000000000000000e+00	4.696391085161729e+00
2.000000000000000e+00	4.833316989954726e+00
2.000000000000000e+00	4.724127511026418e+00
2.000000000000000e+00	4.644055187838553e+00
2.000000000000000e+00	4.639397444688314e+00
2.000000000000000e+00	4.754237285877585e+00
2.000000000000000e+00	4.828665206834453e+00
2.000000000000000e+00	4.812086491948104e+00
2.000000000000000e+00	4.788996698315475e+00
2.000000000000000e+00	4.721411748339454e+00
2.000000000000000e+00	4.765998796322649e+00
2.000000000000000e+00	4.826262033658852e+00
2.000000000000000e+00	4.870546866654918e+00
2.000000000000000e+00	4.734848090637839e+00
2.000000000000000e+00	4.819046174368884e+00
2.000000000000000e+00	4.627089090244134e+00
2.000000000000000e+00	4.801261832271940e+00
2.000000000000000e+00	4.703690828185427e+00
2.000000000000000e+00	4.687531523090385e+00
2.000000000000000e+00	4.736233567722634e+00
2.000000000000000e+00	4.596144732554830e+00
2.000000000000000e+00	4.809915485595393e+00
2.000000000000000e+00	4.681652484204394e+00
2.000000000000000e+00	4.668307966095658e+00
2.000000000000000e+00	4.676460694609210e+00
2.000000000000000e+00	4.699569903459058e+00
2.000000000000000e+00	4.732353912003273e+00
2.000000000000000e+00	4.731868477381114e+00
2.000000000000000e+00	4.861056952241134e+00
2.000000000000000e+00	4.741198565339479e+00
2.000000000000000e+00	4.909896135175590e+00
2.000000000000000e+00	4.786753037620971e+00
2.000000000000000e+00	4.627329057984914e+00
2.000000000000000e+00	4.796483222601751e+00
2.000000000000000e+00	4.730710224561903e+00
2.000000000000000e+00	4.742088274065742e+00
2.000000000000000e+00	4.757650517038345e+00
2.000000000000000e+00	4.790690697955363e+00
2.000000000000000e+00	4.798690277087847e+00
2.000000000000000e+00	4.832558786002618e+00
2.000000000000000e+00	4.842220720927362e+00
2.000000000000000e+00	4.835701751642521e+00
2.000000000000000e+00	4.855195309218118e+00
2.000000000000000e+00	4.737696376920185e+00
2.000000000000000e+00	4.881082346007911e+00
2.000000000000000e+00	4.555343772280537e+00
2.000000000000000e+00	4.746383360475617e+00
2.000000000000000e+00	4.694433991885299e+00
2.000000000000000e+00	4.722090674172379e+00
2.000000000000000e+00	4.758442236773540e+00
2.000000000000000e+00	4.860252066755030e+00
2.000000000000000e+00	4.875357299191544e+00
2.000000000000000e+00	4.710447468924067e+00
2.000000000000000e+00	4.884366586546212e+00
2.000000000000000e+00	4.832737988725087e+00
2.000000000000000e+00	4.784976731646874e+00
2.000000000000000e+00	4.888441110247737e+00
2.000000000000000e+00	4.724998525609539e+00
2.000000000000000e+00	4.589367917633508e+00
2.000000000000000e+00	4.660133344840975e+00
2.000000000000000e+00	4.812715224841240e+00
2.000000000000000e+00	4.694239497657208e+00
2.000000000000000e+00	4.714700372507965e+00
2.000000000000000e+00	4.833077911558538e+00
2.000000000000000e+00	4.664433945685021e+00
2.000000000000000e+00	4.704693265808266e+00
2.000000000000000e+00	4.742162313908145e+00
2.000000000000000e+00	4.728649890939624e+00
2.000000000000000e+00	4.723654564839141e+00
2.000000000000000e+00	4.861240981264970e+00
2.000000000000000e+00	4.808854213200563e+00
2.000000000000000e+00	4.786134880642495e+00
2.000000000000000e+00	4.644712994826110e+00
2.000000000000000e+00	4.808982902329073e+00
2.000000000000000e+00	4.781084010023562e+00
2.000000000000000e+00	4.810173553921030e+00
2.000000000000000e+00	4.673053269937708e+00
2.000000000000000e+00	4.825490985122213e+00
2.000000000000000e+00	4.632372938206082e+00
2.000000000000000e+00	4.876974387288306e+00
2.000000000000000e+00	4.741873481556715e+00
2.000000000000000e+00	4.721094322353595e+00
2.000000000000000e+00	4.781593679597901e+00
2.000000000000000e+00	4.697133731408560e+00
2.000000000000000e+00	4.664886218745393e+00
2.000000000000000e+00	4.756791682929920e+00
2.000000000000000e+00	4.777675726754450e+00
2.000000000000000e+00	4.771769591505112e+00
2.000000000000000e+00	4.734736525414058e+00
2.000000000000000e+00	4.808249936053594e+00
2.000000000000000e+00	4.752069124971454e+00
2.000000000000000e+00	4.736192585959596e+00
2.000000000000000e+00	4.873596203312508e+00
2.000000000000000e+00	4.657694710239787e+00
2.000000000000000e+00	4.830157978636100e+00
2.000000000000000e+00	4.669497713860221e+00
2.000000000000000e+00	4.709006747723824e+00
2.000000000000000e+00	4.702429265801012e+00
2.000000000000000e+00	4.742970455827033e+00
2.000000000000000e+00	4.848024712428904e+00
2.000000000000000e+00	4.623801370765261e+00
2.000000000000000e+00	4.728902554660634e+00
2.000000000000000e+00	4.708587074751940e+00
2.000000000000000e+00	4.692928623288179e+00
2.000000000000000e+00	4.750061947705267e+00
2.000000000000000e+00	4.763186512706749e+00
2.000000000000000e+00	4.718656384366705e+00
2.000000000000000e+00	4.790829735449758e+00
2.000000000000000e+00	4.863438329905976e+00
2.000000000000000e+00	4.831736363193971e+00
2.000000000000000e+00	4.684624846727872e+00
2.000000000000000e+00	4.614443462121638e+00
2.000000000000000e+00	4.750191225762356e+00
2.000000000000000e+00	4.900609073433454e+00
2.000000000000000e+00	4.643021006833378e+00
2.000000000000000e+00	4.677427467690324e+00
2.000000000000000e+00	4.748824298221042e+00
2.000000000000000e+00	4.698055611031537e+00
2.000000000000000e+00	4.610882099957631e+00
2.000000000000000e+00	4.650132520558047e+00
2.000000000000000e+00	4.699024097220615e+00
2.000000000000000e+00	4.863024793533441e+00
2.000000000000000e+00	4.739172110706849e+00
2.000000000000000e+00	4.687308096893434e+00
2.000000000000000e+00	4.753646928783262e+00
2.000000000000000e+00	4.675243540341973e+00
2.000000000000000e+00	4.691966153737584e+00
2.000000000000000e+00	4.831387143083404e+00
2.000000000000000e+00	4.673160241769782e+00
2.000000000000000e+00	4.876109686344459e+00
2.000000000000000e+00	4.754198053354694e+00
2.000000000000000e+00	4.738908727730561e+00
2.000000000000000e+00	4.619786427341212e+00
2.000000000000000e+00	4.908078740452740e+00
2.000000000000000e+00	4.733365642220587e+00
2.000000000000000e+00	4.692811794982204e+00
2.000000000000000e+00	4.797014926676904e+00
2.000000000000000e+00	4.777129844084479e+00
2.000000000000000e+00	4.718411864264382e+00
2.000000000000000e+00	4.822573486036121e+00
2.000000000000000e+00	4.631758277222838e+00
2.000000000000000e+00	4.591697032873792e+00
2.000000000000000e+00	4.749294159514357e+00
2.000000000000000e+00	4.726618950960930e+00
2.000000000000000e+00	4.740464777179287e+00
2.000000000000000e+00	4.789992148722358e+00
2.000000000000000e+00	4.636024107162123e+00
2.000000000000000e+00	4.751045256714110e+00
2.000000000000000e+00	4.755645277620863e+00
2.000000000000000e+00	4.775871363090586e+00
2.000000000000000e+00	4.662535797631397e+00
2.000000000000000e+00	4.668537936959601e+00
2.000000000000000e+00	4.779843339785229e+00
2.000000000000000e+00	4.849021131387875e+00
2.000000000000000e+00	4.693185800537991e+00
2.000000000000000e+00	4.788549707179833e+00
2.000000000000000e+00	4.658919656106157e+00
2.000000000000000e+00	4.841158817605499e+00
2.000000000000000e+00	4.774672455859429e+00
2.000000000000000e+00	4.701529845533436e+00
2.000000000000000e+00	4.770413663141193e+00
2.000000000000000e+00	4.787720568585923e+00
2.000000000000000e+00	4.743629701901058e+00
2.000000000000000e+00	4.752807490212235e+00
2.000000000000000e+00	4.824903002729320e+00
2.000000000000000e+00	4.737110890183253e+00
2.000000000000000e+00	4.828474659308960e+00
2.000000000000000e+00	4.718328770668871e+00
2.000000000000000e+00	4.765489248413180e+00
2.000000000000000e+00	4.738593423647020e+00
2.000000000000000e+00	4.912930486900965e+00
2.000000000000000e+00	4.740201202591969e+00
2.000000000000000e+00	4.757122227829129e+00
2.000000000000000e+00	4.715341386954619e+00
2.000000000000000e+00	4.862458688019158e+00
2.000000000000000e+00	4.714358128273082e+00
2.000000000000000e+00	4.588168416752458e+00
2.000000000000000e+00	4.707678718129404e+00
2.000000000000000e+00	4.853844451444877e+00
2.000000000000000e+00	4.665545948061986e+00
2.000000000000000e+00	4.635839417526729e+00
2.000000000000000e+00	4.705741460085067e+00
2.000000000000000e+00	4.809887581014516e+00
2.000000000000000e+00	4.772841928640537e+00
2.000000000000000e+00	4.751324798246445e+00
2.000000000000000e+00	4.702945369304282e+00
2.000000000000000e+00	4.833800558264119e+00
2.000000000000000e+00	4.820836849371103e+00
2.000000000000000e+00	4.903126318787101e+00
2.000000000000000e+00	4.788154985932697e+00
2.000000000000000e+00	4.755798324896841e+00
2.000000000000000e+00	4.780025562168506e+00
2.000000000000000e+00	4.762152921671722e+00
2.000000000000000e+00	4.742236138152469e+00
2.000000000000000e+00	4.851711108121180e+00
2.000000000000000e+00	4.701218604108497e+00
2.000000000000000e+00	4.832073932814989e+00
2.000000000000000e+00	4.723200523162061e+00
2.000000000000000e+00	4.761997183744807e+00
2.000000000000000e+00	4.732038473010798e+00
2.000000000000000e+00	4.725251286416007e+00
2.000000000000000e+00	4.928568616185336e+00
2.000000000000000e+00	4.821741419229714e+00
2.000000000000000e+00	4.764486546927921e+00
2.000000000000000e+00	4.795967871472335e+00
2.000000000000000e+00	4.692939275529382e+00
2.000000000000000e+00	4.747120762809931e+00
2.000000000000000e+00	4.802878614244180e+00
2.000000000000000e+00	4.833415267730784e+00
2.000000000000000e+00	4.689948803773238e+00
2.000000000000000e+00	4.872923135091820e+00
2.000000000000000e+00	4.778942262271711e+00
2.000000000000000e+00	4.754360466044861e+00
2.000000000000000e+00	4.710924550475911e+00
2.000000000000000e+00	4.747019962322027e+00
2.000000000000000e+00	4.819062316257915e+00
2.000000000000000e+00	4.815468140710301e+00
2.000000000000000e+00	4.689836664246156e+00
2.000000000000000e+00	4.775743890408294e+00
2.000000000000000e+00	4.800117499827000e+00
2.000000000000000e+00	4.688055620525766e+00
2.000000000000000e+00	4.698838603126469e+00
2.000000000000000e+00	4.704648487213022e+00
2.000000000000000e+00	4.768368830888054e+00
2.000000000000000e+00	4.712815558756806e+00
2.000000000000000e+00	4.662704425213207e+00
2.000000000000000e+00	4.862556974584827e+00
2.000000000000000e+00	4.763591761969149e+00
2.000000000000000e+00	4.720987658895764e+00
2.000000000000000e+00	4.686637125523008e+00
2.000000000000000e+00	4.785855106347980e+00
2.000000000000000e+00	4.666581806610497e+00
2.000000000000000e+00	4.690075638010054e+00
2.000000000000000e+00	4.714934841268283e+00
2.000000000000000e+00	4.810305107704046e+00
2.000000000000000e+00	4.792822625246084e+00
2.000000000000000e+00	4.828832657183289e+00
2.000000000000000e+00	4.790469035243698e+00
2.000000000000000e+00	4.664516541270144e+00
2.000000000000000e+00	4.846841246326986e+00
2.000000000000000e+00	4.812438618688008e+00
2.000000000000000e+00	4.661336202700014e+00
2.000000000000000e+00	4.904588351762800e+00
2.000000000000000e+00	4.671215909756786e+00
2.000000000000000e+00	4.609395108307016e+00
2.000000000000000e+00	4.814915676776795e+00
2.000000000000000e+00	4.722978983850714e+00
2.000000000000000e+00	4.760867687435440e+00
2.000000000000000e+00	4.726576335704484e+00
2.000000000000000e+00	4.881122781086402e+00
2.000000000000000e+00	4.785713940290742e+00
2.000000000000000e+00	4.645328326240570e+00
2.000000000000000e+00	4.681346194867331e+00
2.000000000000000e+00	4.845950926819661e+00
2.000000000000000e+00	4.720377727000995e+00
2.000000000000000e+00	4.752236343718423e+00
2.000000000000000e+00	4.819650692658653e+00
2.000000000000000e+00	4.923162637417616e+00
2.000000000000000e+00	4.796886155897815e+00
2.000000000000000e+00	4.722144019696890e+00
2.000000000000000e+00	4.855209167899340e+00
2.000000000000000e+00	4.684583597544901e+00
2.000000000000000e+00	4.801946794767103e+00
2.000000000000000e+00	4.833509807306111e+00
2.000000000000000e+00	4.666663376267634e+00
2.000000000000000e+00	4.844987155947520e+00
2.000000000000000e+00	4.861209156985771e+00
2.000000000000000e+00	4.780871451460131e+00
2.000000000000000e+00	4.661268350983761e+00
2.000000000000000e+00	4.625444774548813e+00
2.000000000000000e+00	4.792154658919941e+00
2.000000000000000e+00	4.771388932367816e+00
2.000000000000000e+00	4.849850663563777e+00
2.000000000000000e+00	4.804961547821033e+00
2.000000000000000e+00	4.717748191012255e+00
2.000000000000000e+00	4.744313562275805e+00
2.000000000000000e+00	4.918400221168420e+00
2.000000000000000e+00	4.740149866411894e+00
2.000000000000000e+00	4.791161228726097e+00
2.000000000000000e+00	4.783422867482127e+00
2.000000000000000e+00	4.755383869080545e+00
2.000000000000000e+00	4.771496516554603e+00
2.000000000000000e+00	4.834741137928088e+00
2.000000000000000e+00	4.792422436065667e+00
2.000000000000000e+00	4.689341049084039e+00
2.000000000000000e+00	4.883859352394353e+00
2.000000000000000e+00	4.720108319103375e+00
2.000000000000000e+00	4.718971365095755e+00
2.000000000000000e+00	4.790669100162201e+00
2.000000000000000e+00	4.664922097231163e+00
2.000000000000000e+00	4.792335902879280e+00
2.000000000000000e+00	4.861641299998592e+00
2.000000000000000e+00	4.717109403522004e+00
2.000000000000000e+00	4.750318730907681e+00
2.000000000000000e+00	4.759772646732520e+00
2.000000000000000e+00	4.816609376505563e+00
2.000000000000000e+00	4.821172429709547e+00
2.000000000000000e+00	4.614637947360294e+00
2.000000000000000e+00	4.705596403803638e+00
2.000000000000000e+00	4.662768129949323e+00
2.000000000000000e+00	4.749493862599294e+00
2.000000000000000e+00	4.767086022614711e+00
2.000000000000000e+00	4.748784677392095e+00
2.000000000000000e+00	4.878517653500937e+00
2.000000000000000e+00	4.797739580114996e+00
2.000000000000000e+00	4.758075956421500e+00
2.000000000000000e+00	4.752394560002753e+00
2.000000000000000e+00	4.753440656837056e+00
2.000000000000000e+00	4.841033233448235e+00
2.000000000000000e+00	4.760911807611518e+00
2.000000000000000e+00	4.719806271401911e+00
2.000000000000000e+00	4.776894114603156e+00
2.000000000000000e+00	4.749214233931111e+00
2.000000000000000e+00	4.753219811189211e+00
2.000000000000000e+00	4.822126566534040e+00
2.000000000000000e+00	4.672808652689721e+00
2.000000000000000e+00	4.742134614064282e+00
2.000000000000000e+00	4.810727367335160e+00
2.000000000000000e+00	4.756203426432689e+00
2.000000000000000e+00	4.606592776995914e+00
2.000000000000000e+00	4.811581029662778e+00
2.000000000000000e+00	4.821686760363876e+00
2.000000000000000e+00	4.788267984809993e+00
2.000000000000000e+00	4.828634552783715e+00
2.000000000000000e+00	4.656267859413104e+00
2.000000000000000e+00	4.666819885115187e+00
2.000000000000000e+00	4.855531638509780e+00
2.000000000000000e+00	4.735978973071838e+00
2.000000000000000e+00	4.788536309017118e+00
2.000000000000000e+00	4.805479477824434e+00
2.000000000000000e+00	4.700368438245578e+00
2.000000000000000e+00	4.786211796732256e+00
2.000000000000000e+00	4.793307916567051e+00
2.000000000000000e+00	4.736313340276146e+00
2.000000000000000e+00	4.702058795393707e+00
2.000000000000000e+00	4.896524930028434e+00
2.000000000000000e+00	4.710556507368502e+00
2.000000000000000e+00	4.764390058539519e+00
2.000000000000000e+00	4.789214078246758e+00
2.000000000000000e+00	4.681108673768417e+00
2.000000000000000e+00	4.682339024533991e+00
2.000000000000000e+00	4.728114855824374e+00
2.000000000000000e+00	4.717795843220557e+00
2.000000000000000e+00	4.692166932924891e+00
2.000000000000000e+00	4.716707825484294e+00
2.000000000000000e+00	4.735478952474713e+00
2.000000000000000e+00	4.746616485320667e+00
2.000000000000000e+00	4.623427279183206e+00
2.000000000000000e+00	4.791753684259350e+00
2.000000000000000e+00	4.759110803018862e+00
2.000000000000000e+00	4.707811681281328e+00
2.000000000000000e+00	4.672915967352370e+00
2.000000000000000e+00	4.787778218090455e+00
2.000000000000000e+00	4.850104214296517e+00
2.000000000000000e+00	4.680307614590971e+00
2.000000000000000e+00	4.727673315443111e+00
2.000000000000000e+00	4.684579037364426e+00
2.000000000000000e+00	4.811596786343522e+00
2.000000000000000e+00	4.769644099473826e+00
2.000000000000000e+00	4.672533007111613e+00
2.000000000000000e+00	4.846529282385988e+00
2.000000000000000e+00	4.900555111197406e+00
2.000000000000000e+00	4.714532823682632e+00
2.000000000000000e+00	4.689615097649518e+00
2.000000000000000e+00	4.724061112175599e+00
2.000000000000000e+00	4.798366111780342e+00
2.000000000000000e+00	4.640787850560629e+00
2.000000000000000e+00	4.668391205267836e+00
2.000000000000000e+00	4.749701132998108e+00
2.000000000000000e+00	4.868578266980594e+00
2.000000000000000e+00	4.837243160076488e+00
2.000000000000000e+00	4.832937734035712e+00
2.000000000000000e+00	4.734481670722555e+00
2.000000000000000e+00	4.735256514089725e+00
2.000000000000000e+00	4.812554735124044e+00
2.000000000000000e+00	4.884260567801398e+00
2.000000000000000e+00	4.697587565104165e+00
2.000000000000000e+00	4.789080394762189e+00
2.000000000000000e+00	4.753954976669798e+00
2.000000000000000e+00	4.850768685529298e+00
2.000000000000000e+00	4.667145156074016e+00
2.000000000000000e+00	4.650709660442569e+00
2.000000000000000e+00	4.835429247126451e+00
2.000000000000000e+00	4.778579826655440e+00
2.000000000000000e+00	4.800562968246540e+00
2.000000000000000e+00	4.753571210662589e+00
2.000000000000000e+00	4.773885002667139e+00
2.000000000000000e+00	4.766360383193779e+00
2.000000000000000e+00	4.778437357591125e+00
2.000000000000000e+00	4.680748171108413e+00
2.000000000000000e+00	4.760532816126977e+00
2.000000000000000e+00	4.750361271497429e+00
2.000000000000000e+00	4.756149805168159e+00
2.000000000000000e+00	4.720101658196934e+00
2.000000000000000e+00	4.789889131904611e+00
2.000000000000000e+00	4.796180538044271e+00
2.000000000000000e+00	4.746997637597506e+00
2.000000000000000e+00	4.818552167372321e+00
2.000000000000000e+00	4.711442958495009e+00
2.000000000000000e+00	4.785888356724712e+00
2.000000000000000e+00	4.834795188560786e+00
2.000000000000000e+00	4.717621501140843e+00
2.000000000000000e+00	4.918943145653097e+00
2.000000000000000e+00	4.717291236441940e+00
2.000000000000000e+00	4.732505234022160e+00
2.000000000000000e+00	4.712887521467982e+00
2.000000000000000e+00	4.741114646409328e+00
2.000000000000000e+00	4.723355793987547e+00
2.000000000000000e+00	4.856355490205505e+00
2.000000000000000e+00	4.869438794156271e+00
2.000000000000000e+00	4.755959854310388e+00
2.000000000000000e+00	4.679955165223158e+00
2.000000000000000e+00	4.722844962138466e+00
2.000000000000000e+00	4.873580600074538e+00
2.000000000000000e+00	4.809488926890699e+00
2.000000000000000e+00	4.746378454075980e+00
2.000000000000000e+00	4.749103210488388e+00
2.000000000000000e+00	4.710149095654674e+00
2.000000000000000e+00	4.712073901191784e+00
2.000000000000000e+00	4.776776461946119e+00
2.000000000000000e+00	4.848941454070088e+00
2.000000000000000e+00	4.767884386573902e+00
2.000000000000000e+00	4.832935461920510e+00
2.000000000000000e+00	4.716432564172435e+00
2.000000000000000e+00	4.716514486167412e+00
2.000000000000000e+00	4.839123467275098e+00
2.000000000000000e+00	4.797233219068843e+00
2.000000000000000e+00	4.854105313693468e+00
2.000000000000000e+00	4.796283810240199e+00
2.000000000000000e+00	4.713503470278321e+00
2.000000000000000e+00	4.690294499451693e+00
2.000000000000000e+00	4.720846553147630e+00
2.000000000000000e+00	4.713127146887166e+00
2.000000000000000e+00	4.742687649520795e+00
2.000000000000000e+00	4.900504075457688e+00
2.000000000000000e+00	4.793597481182996e+00
2.000000000000000e+00	4.782133379602565e+00
2.000000000000000e+00	4.829152853844947e+00
2.000000000000000e+00	4.686953673564567e+00
2.000000000000000e+00	4.694208922882341e+00
2.000000000000000e+00	4.736082101449792e+00
2.000000000000000e+00	4.791237886423151e+00
2.000000000000000e+00	4.722290600386785e+00
2.000000000000000e+00	4.738337378486508e+00
2.000000000000000e+00	4.618299430557033e+00
2.000000000000000e+00	4.677996581768478e+00
2.000000000000000e+00	4.715707404136237e+00
2.000000000000000e+00	4.749635937453348e+00
2.000000000000000e+00	4.640146901653723e+00
2.000000000000000e+00	4.661029921805993e+00
2.000000000000000e+00	4.710737949897065e+00
2.000000000000000e+00	4.878322301871632e+00
2.000000000000000e+00	4.764644867733611e+00
2.000000000000000e+00	4.781854705764265e+00
2.000000000000000e+00	4.767785794692720e+00
2.000000000000000e+00	4.817392201641939e+00
2.000000000000000e+00	4.885184550925478e+00
2.000000000000000e+00	4.647120127924788e+00
2.000000000000000e+00	4.741225646259663e+00
2.000000000000000e+00	4.745601853153191e+00
2.000000000000000e+00	4.802343391059466e+00
2.000000000000000e+00	4.615737700085491e+00
2.000000000000000e+00	4.789359743958856e+00
2.000000000000000e+00	4.700455150490766e+00
2.000000000000000e+00	4.859838788274769e+00
2.000000000000000e+00	4.681238328190616e+00
2.000000000000000e+00	4.889850929193037e+00
2.000000000000000e+00	4.715968765461988e+00
2.000000000000000e+00	4.684257315695968e+00
2.000000000000000e+00	4.725902481281411e+00
2.000000000000000e+00	4.796177705687949e+00
2.000000000000000e+00	4.670325621033044e+00
2.000000000000000e+00	4.850509506510897e+00
2.000000000000000e+00	4.681173409111876e+00
2.000000000000000e+00	4.814818300902128e+00
2.000000000000000e+00	4.833468904213234e+00
2.000000000000000e+00	4.898994216328179e+00
2.000000000000000e+00	4.779576901893357e+00
2.000000000000000e+00	4.801101822910155e+00
2.000000000000000e+00	4.705343450874659e+00
2.000000000000000e+00	4.726280044918987e+00
2.000000000000000e+00	4.849695860090815e+00
2.000000000000000e+00	4.652034383708818e+00
2.000000000000000e+00	4.818975977639803e+00
2.000000000000000e+00	4.780307000474105e+00
2.000000000000000e+00	4.830961833930204e+00
2.000000000000000e+00	4.978805665610119e+00
2.000000000000000e+00	4.778096733445123e+00
2.000000000000000e+00	4.725941652287537e+00
2.000000000000000e+00	4.696451221766743e+00
2.000000000000000e+00	4.737273225814141e+00
2.000000000000000e+00	4.827126978829022e+00
2.000000000000000e+00	4.788477661859507e+00
2.000000000000000e+00	4.783143196246423e+00
2.000000000000000e+00	4.592556172723842e+00
2.000000000000000e+00	4.767853599124387e+00
2.000000000000000e+00	4.721312367332364e+00
2.000000000000000e+00	4.701024402309393e+00
2.000000000000000e+00	4.693987698974945e+00
2.000000000000000e+00	4.786309409530090e+00
2.000000000000000e+00	4.854131394083353e+00
2.000000000000000e+00	4.768249417572356e+00
2.000000000000000e+00	4.713264796048474e+00
2.000000000000000e+00	4.809310801736400e+00
2.000000000000000e+00	4.774198439949226e+00
2.000000000000000e+00	4.862629830261049e+00
2.000000000000000e+00	4.813022115693165e+00
2.000000000000000e+00	4.743881104616097e+00
2.000000000000000e+00	4.792961722670556e+00
2.000000000000000e+00	4.751339531893162e+00
2.000000000000000e+00	4.707349523756762e+00
2.000000000000000e+00	4.786506499792952e+00
2.000000000000000e+00	4.769808947766895e+00
2.000000000000000e+00	4.792938583344553e+00
2.000000000000000e+00	4.725260361968319e+00
2.000000000000000e+00	4.797355292932631e+00
2.000000000000000e+00	4.780312545368287e+00
2.000000000000000e+00	4.745918015554548e+00
2.000000000000000e+00	4.774179365462897e+00
2.000000000000000e+00	4.773282631249478e+00
2.000000000000000e+00	4.826117483419118e+00
2.000000000000000e+00	4.765976358112511e+00
2.000000000000000e+00	4.792011939811159e+00
2.000000000000000e+00	4.758030923167624e+00
2.000000000000000e+00	4.872696024252638e+00
2.000000000000000e+00	4.752950396827510e+00
2.000000000000000e+00	4.691628868356583e+00
2.000000000000000e+00	4.648752413367065e+00
2.000000000000000e+00	4.664736425384478e+00
2.000000000000000e+00	4.846580019068201e+00
2.000000000000000e+00	4.730598083690233e+00
2.000000000000000e+00	4.907405486236186e+00
2.000000000000000e+00	4.710438774201298e+00
2.000000000000000e+00	4.723108701482863e+00
2.000000000000000e+00	4.791900226982058e+00
2.000000000000000e+00	4.705552759868301e+00
2.000000000000000e+00	4.675797028604228e+00
2.000000000000000e+00	4.768252036814164e+00
2.000000000000000e+00	4.630963624727756e+00
2.000000000000000e+00	4.749866650269369e+00
2.000000000000000e+00	4.762673224605281e+00
2.000000000000000e+00	4.776221600958774e+00
2.000000000000000e+00	4.686446198603686e+00
2.000000000000000e+00	4.759347211834754e+00
2.000000000000000e+00	4.786302686076796e+00
2.000000000000000e+00	4.831293489993056e+00
2.000000000000000e+00	4.713754255820083e+00
2.000000000000000e+00	4.892224066154808e+00
2.000000000000000e+00	4.652714869156460e+00
2.000000000000000e+00	4.705909398603645e+00
2.000000000000000e+00	4.674859985171689e+00
2.000000000000000e+00	4.738313892490522e+00
2.000000000000000e+00	4.717928613134940e+00
2.000000000000000e+00	4.768611429333976e+00
2.000000000000000e+00	4.827276410354875e+00
2.000000000000000e+00	4.802263151462425e+00
2.000000000000000e+00	4.878404131633185e+00
2.000000000000000e+00	4.764881706158969e+00
2.000000000000000e+00	4.793422928696470e+00
2.000000000000000e+00	4.707917203983012e+00
2.000000000000000e+00	4.673193011943654e+00
2.000000000000000e+00	4.770990870433167e+00
2.000000000000000e+00	4.883191422652812e+00
2.000000000000000e+00	4.914468973443567e+00
2.000000000000000e+00	4.750936686169546e+00
2.000000000000000e+00	4.819689607552885e+00
2.000000000000000e+00	4.765101223851278e+00
2.000000000000000e+00	4.845689861163432e+00
2.000000000000000e+00	4.780740551717748e+00
2.000000000000000e+00	4.785029787795426e+00
2.000000000000000e+00	4.747364810144970e+00
2.000000000000000e+00	4.775922932727296e+00
2.000000000000000e+00	4.683825784435429e+00
2.000000000000000e+00	4.840919004891747e+00
2.000000000000000e+00	4.793582386192906e+00
2.000000000000000e+00	4.836164927462830e+00
2.000000000000000e+00	4.756178897274901e+00
2.000000000000000e+00	4.702491444512377e+00
2.000000000000000e+00	4.680459750523135e+00
2.000000000000000e+00	4.682054856658134e+00
2.000000000000000e+00	4.864539459227656e+00
2.000000000000000e+00	4.757178362136414e+00
2.000000000000000e+00	4.748740675528262e+00
2.000000000000000e+00	4.743943948095257e+00
2.000000000000000e+00	4.713567404769461e+00
2.000000000000000e+00	4.776072210870518e+00
2.000000000000000e+00	4.720603334089190e+00
2.000000000000000e+00	4.719318590007239e+00
2.000000000000000e+00	4.724510451180212e+00
2.000000000000000e+00	4.750851989838759e+00
2.000000000000000e+00	4.720736246834436e+00
2.000000000000000e+00	4.664049484194333e+00
2.000000000000000e+00	4.747296805348164e+00
2.000000000000000e+00	4.656748159496534e+00
2.000000000000000e+00	4.747283685311576e+00
2.000000000000000e+00	4.837871391011216e+00
2.000000000000000e+00	4.759352257310464e+00
2.000000000000000e+00	4.822663217600262e+00
2.000000000000000e+00	4.840972641202296e+00
2.000000000000000e+00	4.851180045742765e+00
2.000000000000000e+00	4.862382494223169e+00
2.000000000000000e+00	4.858341924947283e+00
2.000000000000000e+00	4.785232205169711e+00
2.000000000000000e+00	4.751560674177009e+00
2.000000000000000e+00	4.798878359346230e+00
2.000000000000000e+00	4.799107677964700e+00
2.000000000000000e+00	4.802059930707339e+00
2.000000000000000e+00	4.802355219733934e+00
2.000000000000000e+00	4.816986515781014e+00
2.000000000000000e+00	4.772921846149071e+00
2.000000000000000e+00	4.735522605766807e+00
2.000000000000000e+00	4.693167147241440e+00
2.000000000000000e+00	4.831924113061051e+00
2.000000000000000e+00	4.677627040939295e+00
2.000000000000000e+00	4.714436459627775e+00
2.000000000000000e+00	4.900380531189532e+00
2.000000000000000e+00	4.652296717741539e+00
2.000000000000000e+00	4.805206143857546e+00
2.000000000000000e+00	4.702887356374751e+00
2.000000000000000e+00	4.733583370295321e+00
2.000000000000000e+00	4.745702803246268e+00
2.000000000000000e+00	4.783384728292063e+00
2.000000000000000e+00	4.735431102293911e+00
2.000000000000000e+00	4.755995721112249e+00
2.000000000000000e+00	4.775444464209175e+00
2.000000000000000e+00	4.626355537307301e+00
2.000000000000000e+00	4.784308991762082e+00
2.000000000000000e+00	4.656870961862138e+00
2.000000000000000e+00	4.920745669615924e+00
2.000000000000000e+00	4.746644130977804e+00
2.000000000000000e+00	4.791115215651893e+00
2.000000000000000e+00	4.776281612519494e+00
2.000000000000000e+00	4.741472342020284e+00
2.000000000000000e+00	4.771299588693783e+00
2.000000000000000e+00	4.838156679348161e+00
2.000000000000000e+00	4.775608911249519e+00
2.000000000000000e+00	4.722966036278081e+00
2.000000000000000e+00	4.825583668625527e+00
2.000000000000000e+00	4.842931332595700e+00
2.000000000000000e+00	4.832391978541518e+00
2.000000000000000e+00	4.855825546830027e+00
2.000000000000000e+00	4.901140223161219e+00
2.000000000000000e+00	4.761179181208540e+00
2.000000000000000e+00	4.739181315059460e+00
2.000000000000000e+00	4.724152183710865e+00
2.000000000000000e+00	4.780404248571696e+00
2.000000000000000e+00	4.801650459719074e+00
2.000000000000000e+00	4.792834443436824e+00
2.000000000000000e+00	4.851583793966373e+00
2.000000000000000e+00	4.779401484848060e+00
2.000000000000000e+00	4.626006882481319e+00
2.000000000000000e+00	4.777729344769099e+00
2.000000000000000e+00	4.740895128843397e+00
2.000000000000000e+00	4.782119294573819e+00
2.000000000000000e+00	4.686770361339333e+00
2.000000000000000e+00	4.753790959163260e+00
2.000000000000000e+00	4.754324912412185e+00
2.000000000000000e+00	4.771874568296676e+00
2.000000000000000e+00	4.715019675711838e+00
2.000000000000000e+00	4.660505995149366e+00
2.000000000000000e+00	4.806240933192601e+00
2.000000000000000e+00	4.806092756530655e+00
2.000000000000000e+00	4.722245155333404e+00
2.000000000000000e+00	4.797149357203132e+00
2.000000000000000e+00	4.851272657150869e+00
2.000000000000000e+00	4.744683744107459e+00
2.000000000000000e+00	4.804253266336454e+00
2.000000000000000e+00	4.808280157769929e+00
2.000000000000000e+00	4.717260791881463e+00
2.000000000000000e+00	4.818132223061140e+00
2.000000000000000e+00	4.708516692572398e+00
2.000000000000000e+00	4.752915153679716e+00
2.000000000000000e+00	4.801995225528099e+00
2.000000000000000e+00	4.782255584472914e+00
2.000000000000000e+00	4.750671205434015e+00
2.000000000000000e+00	4.746616194606537e+00
2.000000000000000e+00	4.817154556853889e+00
2.000000000000000e+00	4.647205620461279e+00
2.000000000000000e+00	4.792457493074431e+00
2.000000000000000e+00	4.854367055425982e+00
2.000000000000000e+00	4.775403144527353e+00
2.000000000000000e+00	4.866388435554581e+00
2.000000000000000e+00	4.736873827590479e+00
2.000000000000000e+00	4.767594004588243e+00
2.000000000000000e+00	4.780007447766997e+00
2.000000000000000e+00	4.706533067653339e+00
2.000000000000000e+00	4.780607393891640e+00
2.000000000000000e+00	4.769255870412216e+00
2.000000000000000e+00	4.729857496008723e+00
2.000000000000000e+00	4.789724891112513e+00
2.000000000000000e+00	4.754346993065392e+00
2.000000000000000e+00	4.814120085443896e+00
2.000000000000000e+00	4.763406880089136e+00
2.000000000000000e+00	4.644803686296658e+00
2.000000000000000e+00	4.744737295727425e+00
2.000000000000000e+00	4.719790254867100e+00
2.000000000000000e+00	4.733929644299871e+00
2.000000000000000e+00	4.684864348658312e+00
2.000000000000000e+00	4.648903465519176e+00
2.000000000000000e+00	4.658537369530280e+00
2.000000000000000e+00	4.797233568368885e+00
2.000000000000000e+00	4.715715131003684e+00
2.000000000000000e+00	4.786011364992024e+00
2.000000000000000e+00	4.738632912550411e+00
2.000000000000000e+00	4.765541398617887e+00
2.000000000000000e+00	4.649119888876683e+00
2.000000000000000e+00	4.714334283410357e+00
2.000000000000000e+00	4.695151518283023e+00
2.000000000000000e+00	4.717533530792826e+00
2.000000000000000e+00	4.823789200760168e+00
2.000000000000000e+00	4.738628177438303e+00
2.000000000000000e+00	4.732966207639794e+00
2.000000000000000e+00	4.859946475581447e+00
2.000000000000000e+00	4.821753236297049e+00
2.000000000000000e+00	4.837611192052035e+00
2.000000000000000e+00	4.737299930848843e+00
2.000000000000000e+00	4.754132368676844e+00
2.000000000000000e+00	4.776302503349331e+00
2.000000000000000e+00	4.769612590277664e+00
2.000000000000000e+00	4.649525971448792e+00
2.000000000000000e+00	4.739560901274361e+00
2.000000000000000e+00	4.668610221928111e+00
2.000000000000000e+00	4.787365269585695e+00
2.000000000000000e+00	4.820242011786782e+00
2.000000000000000e+00	4.820493096109135e+00
2.000000000000000e+00	4.804051867478046e+00
2.000000000000000e+00	4.864531492449274e+00
2.000000000000000e+00	4.733141181790884e+00
2.000000000000000e+00	4.704349354573547e+00
2.000000000000000e+00	4.832424536024618e+00
2.000000000000000e+00	4.777844357421372e+00
2.000000000000000e+00	4.767794026272203e+00
2.000000000000000e+00	4.751507770482250e+00
2.000000000000000e+00	4.758913168514076e+00
2.000000000000000e+00	4.836875759195828e+00
2.000000000000000e+00	4.817859178175903e+00
2.000000000000000e+00	4.716892120034990e+00
2.000000000000000e+00	4.810007580311249e+00
2.000000000000000e+00	4.734369412094257e+00
2.000000000000000e+00	4.826565437448088e+00
2.000000000000000e+00	4.856744654041449e+00
2.000000000000000e+00	4.802107734611884e+00
2.000000000000000e+00	4.805387145895046e+00
2.000000000000000e+00	4.753531107393062e+00
2.000000000000000e+00	4.762708937905058e+00
2.000000000000000e+00	4.818545408743702e+00
2.000000000000000e+00	4.794497026969629e+00
2.000000000000000e+00	4.654559259944230e+00
2.000000000000000e+00	4.723496582575521e+00
2.000000000000000e+00	4.728711265846766e+00
2.000000000000000e+00	4.793266750785668e+00
2.000000000000000e+00	4.844386209961742e+00
2.000000000000000e+00	4.783280789609215e+00
2.000000000000000e+00	4.876095765928905e+00
2.000000000000000e+00	4.753645496494739e+00
2.000000000000000e+00	4.733220601322167e+00
2.000000000000000e+00	4.675587936603920e+00
2.000000000000000e+00	4.701798230219470e+00
2.000000000000000e+00	4.702760241195042e+00
2.000000000000000e+00	4.672428866975400e+00
2.000000000000000e+00	4.837537706799020e+00
2.000000000000000e+00	4.842965790577984e+00
2.000000000000000e+00	4.734665772601823e+00
2.000000000000000e+00	4.786698435900874e+00
2.000000000000000e+00	4.711702112875308e+00
2.000000000000000e+00	4.857472404337686e+00
2.000000000000000e+00	4.698394743197929e+00
2.000000000000000e+00	4.710994810311511e+00
2.000000000000000e+00	4.772943066088732e+00
2.000000000000000e+00	4.740490214502134e+00
2.000000000000000e+00	4.711808820858902e+00
2.000000000000000e+00	4.696260746520867e+00
2.000000000000000e+00	4.734302431921732e+00
2.000000000000000e+00	4.794036582086974e+00
2.000000000000000e+00	4.757748736079608e+00
2.000000000000000e+00	4.778326552671726e+00
2.000000000000000e+00	4.685192304944578e+00
2.000000000000000e+00	4.727425240764072e+00
2.000000000000000e+00	4.733213044781690e+00
2.000000000000000e+00	4.812332703893151e+00
2.000000000000000e+00	4.860743536581460e+00
2.000000000000000e+00	4.554237228857687e+00
2.000000000000000e+00	4.775573569087704e+00
2.000000000000000e+00	4.757371900963270e+00
2.000000000000000e+00	4.740125725447537e+00
2.000000000000000e+00	4.755258239984615e+00
2.000000000000000e+00	4.785552178132813e+00
2.000000000000000e+00	4.793887524403829e+00
2.000000000000000e+00	4.789744928167149e+00
2.000000000000000e+00	4.705954063268513e+00
2.000000000000000e+00	4.643368397394526e+00
2.000000000000000e+00	4.769317812390102e+00
2.000000000000000e+00	4.780262409913803e+00
2.000000000000000e+00	4.744734825418205e+00
2.000000000000000e+00	4.737245606176871e+00
2.000000000000000e+00	4.692369936518146e+00
2.000000000000000e+00	4.753852163733961e+00
2.000000000000000e+00	4.749503079747488e+00
2.000000000000000e+00	4.685070322823373e+00
2.000000000000000e+00	4.836655307155973e+00
2.000000000000000e+00	4.648105649272869e+00
2.000000000000000e+00	4.896865003353724e+00
2.000000000000000e+00	4.790701641807297e+00
2.000000000000000e+00	4.715425970017271e+00
2.000000000000000e+00	4.840679456069529e+00
2.000000000000000e+00	4.794110199494146e+00
2.000000000000000e+00	4.757366567859382e+00
2.000000000000000e+00	4.865345601195330e+00
2.000000000000000e+00	4.795569232099388e+00
2.000000000000000e+00	4.749450279889483e+00
2.000000000000000e+00	4.787610523487889e+00
2.000000000000000e+00	4.723902334438996e+00
2.000000000000000e+00	4.856812765752437e+00
2.000000000000000e+00	4.699587809619810e+00
2.000000000000000e+00	4.747514736664620e+00
2.000000000000000e+00	4.751816090993241e+00
2.000000000000000e+00	4.668476075191478e+00
2.000000000000000e+00	4.684367312393059e+00
2.000000000000000e+00	4.837903627334814e+00
2.000000000000000e+00	4.560977333802990e+00
2.000000000000000e+00	4.693284329021321e+00
2.000000000000000e+00	4.801231289224691e+00
2.000000000000000e+00	4.691905406861931e+00
2.000000000000000e+00	4.750036396008500e+00
2.000000000000000e+00	4.886860291929533e+00
2.000000000000000e+00	4.854848128862900e+00
2.000000000000000e+00	4.701000441070212e+00
2.000000000000000e+00	4.772803255928351e+00
2.000000000000000e+00	4.764653141171656e+00
2.000000000000000e+00	4.728683712910192e+00
2.000000000000000e+00	4.692994044454307e+00
2.000000000000000e+00	4.690370776806637e+00
2.000000000000000e+00	4.726120598781257e+00
2.000000000000000e+00	4.750307072144675e+00
2.000000000000000e+00	4.713502368131200e+00
2.000000000000000e+00	4.809571407161169e+00
2.000000000000000e+00	4.882123303098967e+00
2.000000000000000e+00	4.758986045959952e+00
2.000000000000000e+00	4.786672357082387e+00
2.000000000000000e+00	4.656717753235723e+00
2.000000000000000e+00	4.773010749172531e+00
2.000000000000000e+00	4.755350947953096e+00
2.000000000000000e+00	4.708194615158862e+00
2.000000000000000e+00	4.615832619767195e+00
2.000000000000000e+00	4.680320865684605e+00
2.000000000000000e+00	4.823373593920516e+00
2.000000000000000e+00	4.732621866364568e+00
2.000000000000000e+00	4.780722947087000e+00
2.000000000000000e+00	4.808365067734547e+00
2.000000000000000e+00	4.750899917167573e+00
2.000000000000000e+00	4.821906604848523e+00
2.000000000000000e+00	4.763641063218049e+00
