3.950000000000000e+00	8.455324402037105e-01
3.950000000000000e+00	8.524794170155412e-01
3.950000000000000e+00	8.131081461793834e-01
3.950000000000000e+00	8.914045173277578e-01
3.950000000000000e+00	7.771067593252802e-01
3.950000000000000e+00	8.265159841090655e-01
3.950000000000000e+00	8.239844572942494e-01
3.950000000000000e+00	8.237556409922303e-01
3.950000000000000e+00	7.715180034399977e-01
3.950000000000000e+00	8.587164699933506e-01
3.950000000000000e+00	7.950235991396732e-01
3.950000000000000e+00	8.280422831458881e-01
3.950000000000000e+00	8.162212975872362e-01
3.950000000000000e+00	8.445235988335776e-01
3.950000000000000e+00	7.853157104994143e-01
3.950000000000000e+00	8.546790600350552e-01
3.950000000000000e+00	8.169333836095372e-01
3.950000000000000e+00	8.293359107476980e-01
3.950000000000000e+00	8.285927641770140e-01
3.950000000000000e+00	8.292425221577356e-01
3.950000000000000e+00	8.487180248991375e-01
3.950000000000000e+00	8.387560897643777e-01
3.950000000000000e+00	8.203788076468707e-01
3.950000000000000e+00	8.303767531878955e-01
3.950000000000000e+00	7.747467473242803e-01
3.950000000000000e+00	7.987606736793502e-01
3.950000000000000e+00	8.193532565646311e-01
3.950000000000000e+00	8.131450309843349e-01
3.950000000000000e+00	7.873441295947493e-01
3.950000000000000e+00	8.371625869648652e-01
3.950000000000000e+00	8.357995722836886e-01
3.950000000000000e+00	8.019532863180657e-01
3.950000000000000e+00	8.142497295873310e-01
3.950000000000000e+00	8.399048603985282e-01
3.950000000000000e+00	8.726000604251962e-01
3.950000000000000e+00	8.152655499261532e-01
3.950000000000000e+00	8.153098695848275e-01
3.950000000000000e+00	8.050250121879378e-01
3.950000000000000e+00	8.372727233418880e-01
3.950000000000000e+00	8.539762697589205e-01
3.950000000000000e+00	8.106747677542669e-01
3.950000000000000e+00	8.104646987804445e-01
3.950000000000000e+00	8.100430151068945e-01
3.950000000000000e+00	8.103169538351578e-01
3.950000000000000e+00	8.398662538742433e-01
3.950000000000000e+00	8.327939539462828e-01
3.950000000000000e+00	8.553894694581321e-01
3.950000000000000e+00	8.309622482672335e-01
3.950000000000000e+00	8.001407941018737e-01
3.950000000000000e+00	7.671938857181938e-01
3.950000000000000e+00	8.020802820298419e-01
3.950000000000000e+00	8.358805141122967e-01
3.950000000000000e+00	8.021738281152443e-01
3.950000000000000e+00	8.477452722149849e-01
3.950000000000000e+00	8.021550800719871e-01
3.950000000000000e+00	8.237292204948830e-01
3.950000000000000e+00	8.404572982678435e-01
3.950000000000000e+00	7.979607974400200e-01
3.950000000000000e+00	8.236572131616553e-01
3.950000000000000e+00	8.227414453540153e-01
3.950000000000000e+00	8.499674340595060e-01
3.950000000000000e+00	8.552719051082436e-01
3.950000000000000e+00	7.831421291831375e-01
3.950000000000000e+00	8.076879534062059e-01
3.950000000000000e+00	8.429684174970494e-01
3.950000000000000e+00	8.419036025924163e-01
3.950000000000000e+00	7.952468496425535e-01
3.950000000000000e+00	7.781782741294524e-01
3.950000000000000e+00	7.888354203628868e-01
3.950000000000000e+00	8.253055667100530e-01
3.950000000000000e+00	8.444099398155631e-01
3.950000000000000e+00	8.654122458636562e-01
3.950000000000000e+00	8.212266193024282e-01
3.950000000000000e+00	8.431181865756360e-01
3.950000000000000e+00	8.420093779705246e-01
3.950000000000000e+00	7.864780251473418e-01
3.950000000000000e+00	8.047668765316072e-01
3.950000000000000e+00	7.996225717223383e-01
3.950000000000000e+00	7.999488091825397e-01
3.950000000000000e+00	8.719483139304710e-01
3.950000000000000e+00	8.026830165260411e-01
3.950000000000000e+00	8.401070843537837e-01
3.950000000000000e+00	7.887964922114533e-01
3.950000000000000e+00	7.839266001620321e-01
3.950000000000000e+00	8.187428765946866e-01
3.950000000000000e+00	8.222302895483753e-01
3.950000000000000e+00	8.140401946178529e-01
3.950000000000000e+00	8.742979550060872e-01
3.950000000000000e+00	8.217655866404010e-01
3.950000000000000e+00	8.039804585453133e-01
3.950000000000000e+00	8.425284991496591e-01
3.950000000000000e+00	8.475760224572270e-01
3.950000000000000e+00	8.252410133769320e-01
3.950000000000000e+00	8.183736186252170e-01
3.950000000000000e+00	7.450736422485957e-01
3.950000000000000e+00	7.835221774279867e-01
3.950000000000000e+00	8.611703634492617e-01
3.950000000000000e+00	8.089210678783749e-01
3.950000000000000e+00	8.146938069079034e-01
3.950000000000000e+00	7.969314788335056e-01
3.950000000000000e+00	8.389242939179942e-01
3.950000000000000e+00	8.298218641392570e-01
3.950000000000000e+00	7.941327567036414e-01
3.950000000000000e+00	8.151305643039491e-01
3.950000000000000e+00	8.207776356276237e-01
3.950000000000000e+00	8.217944373548628e-01
3.950000000000000e+00	7.865817689134731e-01
3.950000000000000e+00	8.765781772058078e-01
3.950000000000000e+00	8.353589390407270e-01
3.950000000000000e+00	8.265930130647489e-01
3.950000000000000e+00	7.853108708481337e-01
3.950000000000000e+00	8.539203197123065e-01
3.950000000000000e+00	8.444169624482297e-01
3.950000000000000e+00	7.715126194661649e-01
3.950000000000000e+00	8.286115682672835e-01
3.950000000000000e+00	8.431622753447505e-01
3.950000000000000e+00	8.767009427859253e-01
3.950000000000000e+00	8.176746875257732e-01
3.950000000000000e+00	8.053247514833161e-01
3.950000000000000e+00	8.044452982035762e-01
3.950000000000000e+00	7.541763144499593e-01
3.950000000000000e+00	8.249079851978900e-01
3.950000000000000e+00	8.259671000602505e-01
3.950000000000000e+00	8.175290358802466e-01
3.950000000000000e+00	8.185460837545181e-01
3.950000000000000e+00	8.535053296880344e-01
3.950000000000000e+00	8.320840384158582e-01
3.950000000000000e+00	8.144778563618281e-01
3.950000000000000e+00	8.177443735207589e-01
3.950000000000000e+00	8.201200966203639e-01
3.950000000000000e+00	8.398230521035194e-01
3.950000000000000e+00	8.417392032292712e-01
3.950000000000000e+00	8.178147574070197e-01
3.950000000000000e+00	8.020979443324964e-01
3.950000000000000e+00	8.826981474073300e-01
3.950000000000000e+00	8.292419038475727e-01
3.950000000000000e+00	8.262514143356928e-01
3.950000000000000e+00	8.371082430799887e-01
3.950000000000000e+00	8.445129046982375e-01
3.950000000000000e+00	8.282090024518149e-01
3.950000000000000e+00	8.352082558640965e-01
3.950000000000000e+00	8.357650571781184e-01
3.950000000000000e+00	8.387491291269440e-01
3.950000000000000e+00	8.086542493100113e-01
3.950000000000000e+00	8.409493780408347e-01
3.950000000000000e+00	8.592914681453017e-01
3.950000000000000e+00	8.155952776383245e-01
3.950000000000000e+00	7.910783355794104e-01
3.950000000000000e+00	8.265674326527368e-01
3.950000000000000e+00	8.291406013707369e-01
3.950000000000000e+00	8.448738212140934e-01
3.950000000000000e+00	9.028743056661163e-01
3.950000000000000e+00	7.996493916535418e-01
3.950000000000000e+00	8.496735062560565e-01
3.950000000000000e+00	9.179585725974099e-01
3.950000000000000e+00	8.764861902239280e-01
3.950000000000000e+00	8.744460005475366e-01
3.950000000000000e+00	8.424145956341214e-01
3.950000000000000e+00	8.191999148137200e-01
3.950000000000000e+00	8.051835669283824e-01
3.950000000000000e+00	8.175189900434580e-01
3.950000000000000e+00	8.380535510330126e-01
3.950000000000000e+00	7.953237125237144e-01
3.950000000000000e+00	8.239079573490922e-01
3.950000000000000e+00	8.072524562256232e-01
3.950000000000000e+00	8.385817582808550e-01
3.950000000000000e+00	8.122223735235488e-01
3.950000000000000e+00	7.999566336620186e-01
3.950000000000000e+00	7.981849890945902e-01
3.950000000000000e+00	7.767796348904163e-01
3.950000000000000e+00	8.255214576343333e-01
3.950000000000000e+00	8.245959528619039e-01
3.950000000000000e+00	8.245148539962899e-01
3.950000000000000e+00	8.264514558581965e-01
3.950000000000000e+00	8.545103679103462e-01
3.950000000000000e+00	8.287782128478177e-01
3.950000000000000e+00	8.149942892481439e-01
3.950000000000000e+00	8.358115141808561e-01
3.950000000000000e+00	8.212553372061793e-01
3.950000000000000e+00	7.893800863750414e-01
3.950000000000000e+00	7.870829231949348e-01
3.950000000000000e+00	8.571439423696390e-01
3.950000000000000e+00	8.210563063600909e-01
3.950000000000000e+00	8.386560704283763e-01
3.950000000000000e+00	8.242775990894980e-01
3.950000000000000e+00	8.636716441811854e-01
3.950000000000000e+00	8.830604914331792e-01
3.950000000000000e+00	8.440251542272005e-01
3.950000000000000e+00	8.449213610259999e-01
3.950000000000000e+00	8.363378029171364e-01
3.950000000000000e+00	8.782911231326772e-01
3.950000000000000e+00	7.924931806475205e-01
3.950000000000000e+00	7.892486149516408e-01
3.950000000000000e+00	8.351513887765902e-01
3.950000000000000e+00	8.673760668902126e-01
3.950000000000000e+00	8.003229461707110e-01
3.950000000000000e+00	8.241292115418535e-01
3.950000000000000e+00	8.017357564922208e-01
3.950000000000000e+00	8.570381515290224e-01
3.950000000000000e+00	8.355962105696499e-01
3.950000000000000e+00	7.914700030302146e-01
3.950000000000000e+00	8.148713225635816e-01
3.950000000000000e+00	8.380957870167010e-01
3.950000000000000e+00	8.278027835275670e-01
3.950000000000000e+00	8.273995193420033e-01
3.950000000000000e+00	8.419597746112000e-01
3.950000000000000e+00	8.413729646701155e-01
3.950000000000000e+00	8.167038780988125e-01
3.950000000000000e+00	8.528049126189935e-01
3.950000000000000e+00	7.940823869824648e-01
3.950000000000000e+00	8.200275279614918e-01
3.950000000000000e+00	8.101212109087060e-01
3.950000000000000e+00	8.516526068604585e-01
3.950000000000000e+00	8.871645926670686e-01
3.950000000000000e+00	8.604530187475146e-01
3.950000000000000e+00	8.540443114937002e-01
3.950000000000000e+00	8.433295125883303e-01
3.950000000000000e+00	8.413166784585773e-01
3.950000000000000e+00	8.456013307028720e-01
3.950000000000000e+00	8.526645682945774e-01
3.950000000000000e+00	7.869023478637455e-01
3.950000000000000e+00	8.152123043601330e-01
3.950000000000000e+00	7.972496408896047e-01
3.950000000000000e+00	8.659305755211438e-01
3.950000000000000e+00	8.302387539335165e-01
3.950000000000000e+00	8.140278999317567e-01
3.950000000000000e+00	8.155838652034706e-01
3.950000000000000e+00	8.185310134974059e-01
3.950000000000000e+00	8.316731993250094e-01
3.950000000000000e+00	8.287627266274639e-01
3.950000000000000e+00	8.647978336086737e-01
3.950000000000000e+00	8.804206822265176e-01
3.950000000000000e+00	8.705141802444967e-01
3.950000000000000e+00	8.388551864047882e-01
3.950000000000000e+00	7.937275460439949e-01
3.950000000000000e+00	7.984434391796847e-01
3.950000000000000e+00	8.747047829733827e-01
3.950000000000000e+00	8.383626900388554e-01
3.950000000000000e+00	8.545285444612316e-01
3.950000000000000e+00	8.295463279400964e-01
3.950000000000000e+00	8.178260518116646e-01
3.950000000000000e+00	8.273478899819109e-01
3.950000000000000e+00	8.345389773085279e-01
3.950000000000000e+00	8.479736976462545e-01
3.950000000000000e+00	8.742798468706741e-01
3.950000000000000e+00	8.210031055657184e-01
3.950000000000000e+00	8.081780730357235e-01
3.950000000000000e+00	8.469326801863006e-01
3.950000000000000e+00	8.272950876196384e-01
3.950000000000000e+00	8.410576614193032e-01
3.950000000000000e+00	8.398076304905348e-01
3.950000000000000e+00	8.473183758387810e-01
3.950000000000000e+00	8.192468756728657e-01
3.950000000000000e+00	8.099972501604236e-01
3.950000000000000e+00	8.500176428886282e-01
3.950000000000000e+00	8.501417994682271e-01
3.950000000000000e+00	8.175721031200149e-01
3.950000000000000e+00	8.424568739700316e-01
3.950000000000000e+00	8.631115746245567e-01
3.950000000000000e+00	8.715641185300378e-01
3.950000000000000e+00	8.594766600266549e-01
3.950000000000000e+00	8.296434873254214e-01
3.950000000000000e+00	8.360595169811302e-01
3.950000000000000e+00	8.958476485248933e-01
3.950000000000000e+00	8.254833969776842e-01
3.950000000000000e+00	8.297961131168008e-01
3.950000000000000e+00	8.580063341001896e-01
3.950000000000000e+00	8.146662100074252e-01
3.950000000000000e+00	8.357607347887813e-01
3.950000000000000e+00	8.074097927220463e-01
3.950000000000000e+00	8.630856452695538e-01
3.950000000000000e+00	7.904050455749307e-01
3.950000000000000e+00	8.260547941949067e-01
3.950000000000000e+00	8.278893582418460e-01
3.950000000000000e+00	8.282688913560659e-01
3.950000000000000e+00	8.311231011798186e-01
3.950000000000000e+00	7.760998321870215e-01
3.950000000000000e+00	8.231090240594601e-01
3.950000000000000e+00	7.843439362173563e-01
3.950000000000000e+00	8.484252006041846e-01
3.950000000000000e+00	8.202787004465082e-01
3.950000000000000e+00	8.153625265651334e-01
3.950000000000000e+00	8.347588916803720e-01
3.950000000000000e+00	8.516603202083199e-01
3.950000000000000e+00	8.535942059100646e-01
3.950000000000000e+00	8.046057459646487e-01
3.950000000000000e+00	8.236803802562133e-01
3.950000000000000e+00	8.230920965921149e-01
3.950000000000000e+00	8.111651450248057e-01
3.950000000000000e+00	8.202156490778432e-01
3.950000000000000e+00	8.540080419331024e-01
3.950000000000000e+00	8.048113649994244e-01
3.950000000000000e+00	7.495684515163089e-01
3.950000000000000e+00	8.372641452031863e-01
3.950000000000000e+00	8.265903650546290e-01
3.950000000000000e+00	8.067505087026180e-01
3.950000000000000e+00	8.563433060166776e-01
3.950000000000000e+00	8.265145824631293e-01
3.950000000000000e+00	8.238392520148471e-01
3.950000000000000e+00	8.495602760949015e-01
3.950000000000000e+00	7.768725193175574e-01
3.950000000000000e+00	8.112877636378946e-01
3.950000000000000e+00	7.951062788390084e-01
3.950000000000000e+00	7.882365758922252e-01
3.950000000000000e+00	7.967206840059201e-01
3.950000000000000e+00	8.255123842090137e-01
3.950000000000000e+00	8.354989345765507e-01
3.950000000000000e+00	8.374235052927858e-01
3.950000000000000e+00	8.249101791573805e-01
3.950000000000000e+00	8.620385297243366e-01
3.950000000000000e+00	8.753483972289920e-01
3.950000000000000e+00	8.384049545611169e-01
3.950000000000000e+00	7.940827903784736e-01
3.950000000000000e+00	8.422369451778011e-01
3.950000000000000e+00	8.448537472303941e-01
3.950000000000000e+00	7.706470877779861e-01
3.950000000000000e+00	8.243781532049363e-01
3.950000000000000e+00	7.985389274110036e-01
3.950000000000000e+00	8.212795452737753e-01
3.950000000000000e+00	8.204500683557990e-01
3.950000000000000e+00	8.312725509329892e-01
3.950000000000000e+00	8.618824058750706e-01
3.950000000000000e+00	8.275529356171660e-01
3.950000000000000e+00	8.588177142319292e-01
3.950000000000000e+00	8.302885009130124e-01
3.950000000000000e+00	7.747047422408648e-01
3.950000000000000e+00	8.257546054239681e-01
3.950000000000000e+00	8.493684201837437e-01
3.950000000000000e+00	8.332719842833355e-01
3.950000000000000e+00	8.394364730633085e-01
3.950000000000000e+00	8.757862882144957e-01
3.950000000000000e+00	8.618801314773646e-01
3.950000000000000e+00	8.456598948222961e-01
3.950000000000000e+00	8.463499172784221e-01
3.950000000000000e+00	8.343194128568572e-01
3.950000000000000e+00	8.313023078249805e-01
3.950000000000000e+00	8.559789449312727e-01
3.950000000000000e+00	8.145168850151511e-01
3.950000000000000e+00	8.234421370139363e-01
3.950000000000000e+00	8.187707301660242e-01
3.950000000000000e+00	7.965708257991909e-01
3.950000000000000e+00	8.345386549892698e-01
3.950000000000000e+00	8.436971769898561e-01
3.950000000000000e+00	7.878191416752374e-01
3.950000000000000e+00	8.036245926444061e-01
3.950000000000000e+00	8.514499785329036e-01
3.950000000000000e+00	8.209769342846223e-01
3.950000000000000e+00	8.650438575697612e-01
3.950000000000000e+00	8.276818439685373e-01
3.950000000000000e+00	7.551716387246328e-01
3.950000000000000e+00	8.046918248899576e-01
3.950000000000000e+00	8.310023443501101e-01
3.950000000000000e+00	8.429983918082194e-01
3.950000000000000e+00	8.596195144683263e-01
3.950000000000000e+00	8.114759835718509e-01
3.950000000000000e+00	8.178393106118320e-01
3.950000000000000e+00	8.355243672185955e-01
3.950000000000000e+00	8.314719727135987e-01
3.950000000000000e+00	8.557239261532693e-01
3.950000000000000e+00	8.370005002413532e-01
3.950000000000000e+00	7.682439635055205e-01
3.950000000000000e+00	8.266285145521018e-01
3.950000000000000e+00	8.536148389910465e-01
3.950000000000000e+00	7.979084071449909e-01
3.950000000000000e+00	8.064058639006297e-01
3.950000000000000e+00	8.424305960242899e-01
3.950000000000000e+00	7.919729352989572e-01
3.950000000000000e+00	7.598948938012893e-01
3.950000000000000e+00	8.192491658310059e-01
3.950000000000000e+00	8.408830159891237e-01
3.950000000000000e+00	8.092924326236177e-01
3.950000000000000e+00	7.701268323729571e-01
3.950000000000000e+00	8.263034563657373e-01
3.950000000000000e+00	8.350418725567598e-01
3.950000000000000e+00	8.583271592509759e-01
3.950000000000000e+00	8.137672833364784e-01
3.950000000000000e+00	7.289696479430899e-01
3.950000000000000e+00	7.605019304734275e-01
3.950000000000000e+00	8.687879726449733e-01
3.950000000000000e+00	7.967141179615674e-01
3.950000000000000e+00	7.981724336255686e-01
3.950000000000000e+00	8.032219607191380e-01
3.950000000000000e+00	8.493009321654500e-01
3.950000000000000e+00	8.539579086770106e-01
3.950000000000000e+00	8.083336827155738e-01
3.950000000000000e+00	8.156200580799134e-01
3.950000000000000e+00	8.022006924021994e-01
3.950000000000000e+00	8.344165872614001e-01
3.950000000000000e+00	7.962139725327327e-01
3.950000000000000e+00	8.646716298898030e-01
3.950000000000000e+00	7.790929410340438e-01
3.950000000000000e+00	8.319856447614585e-01
3.950000000000000e+00	7.982272540352193e-01
3.950000000000000e+00	8.669046540676090e-01
3.950000000000000e+00	8.228733578435830e-01
3.950000000000000e+00	8.502975741331043e-01
3.950000000000000e+00	8.358204494880092e-01
3.950000000000000e+00	8.010570432831430e-01
3.950000000000000e+00	7.559228971482748e-01
3.950000000000000e+00	8.452970348495101e-01
3.950000000000000e+00	8.341723858258591e-01
3.950000000000000e+00	7.950681576010181e-01
3.950000000000000e+00	7.847206421109102e-01
3.950000000000000e+00	8.408185876196481e-01
3.950000000000000e+00	8.807111476857709e-01
3.950000000000000e+00	8.282447681306763e-01
3.950000000000000e+00	8.154783886586737e-01
3.950000000000000e+00	8.090058807371848e-01
3.950000000000000e+00	8.263336640822679e-01
3.950000000000000e+00	8.167383139521303e-01
3.950000000000000e+00	8.425240388253966e-01
3.950000000000000e+00	8.314563713328711e-01
3.950000000000000e+00	8.245428373940317e-01
3.950000000000000e+00	7.984383909097724e-01
3.950000000000000e+00	8.117575335529752e-01
3.950000000000000e+00	8.287915323733579e-01
3.950000000000000e+00	8.108914297360854e-01
3.950000000000000e+00	8.622487641896006e-01
3.950000000000000e+00	8.256320670056461e-01
3.950000000000000e+00	8.576895525182946e-01
3.950000000000000e+00	8.386660324491098e-01
3.950000000000000e+00	8.504829017354081e-01
3.950000000000000e+00	8.448591394269044e-01
3.950000000000000e+00	8.300350763756733e-01
3.950000000000000e+00	8.584628622524287e-01
3.950000000000000e+00	8.007157486684049e-01
3.950000000000000e+00	7.991334787900072e-01
3.950000000000000e+00	8.309005524604421e-01
3.950000000000000e+00	8.383310843141675e-01
3.950000000000000e+00	8.557961446741925e-01
3.950000000000000e+00	7.960391159951201e-01
3.950000000000000e+00	7.522153965872227e-01
3.950000000000000e+00	8.579016379990397e-01
3.950000000000000e+00	8.205146158085679e-01
3.950000000000000e+00	8.859579769908231e-01
3.950000000000000e+00	8.241665730726783e-01
3.950000000000000e+00	8.793215244163647e-01
3.950000000000000e+00	8.219174969434465e-01
3.950000000000000e+00	8.264148305979820e-01
3.950000000000000e+00	7.961625802361617e-01
3.950000000000000e+00	8.262674169469346e-01
3.950000000000000e+00	8.471145005389673e-01
3.950000000000000e+00	7.839244505588591e-01
3.950000000000000e+00	8.131642923210662e-01
3.950000000000000e+00	8.357481469733082e-01
3.950000000000000e+00	8.430357273767044e-01
3.950000000000000e+00	8.375166278208314e-01
3.950000000000000e+00	8.170641237739998e-01
3.950000000000000e+00	8.165875945338386e-01
3.950000000000000e+00	8.101686260421312e-01
3.950000000000000e+00	8.725498054864290e-01
3.950000000000000e+00	8.162664339311257e-01
3.950000000000000e+00	7.958493016772483e-01
3.950000000000000e+00	8.395529156707021e-01
3.950000000000000e+00	8.119317305202850e-01
3.950000000000000e+00	8.376128358102012e-01
3.950000000000000e+00	8.236739808779796e-01
3.950000000000000e+00	8.434903667943311e-01
3.950000000000000e+00	8.028690999864790e-01
3.950000000000000e+00	8.310534175613381e-01
3.950000000000000e+00	7.657598027082009e-01
3.950000000000000e+00	8.332116091389167e-01
3.950000000000000e+00	8.472615159488301e-01
3.950000000000000e+00	7.776827594250560e-01
3.950000000000000e+00	7.852404990698684e-01
3.950000000000000e+00	8.514364971816064e-01
3.950000000000000e+00	8.171316759990068e-01
3.950000000000000e+00	7.852925932323909e-01
3.950000000000000e+00	8.148180508394290e-01
3.950000000000000e+00	8.544725917849311e-01
3.950000000000000e+00	8.556316499669181e-01
3.950000000000000e+00	8.356820338598043e-01
3.950000000000000e+00	8.384332937218024e-01
3.950000000000000e+00	8.843076664176074e-01
3.950000000000000e+00	8.157609296410462e-01
3.950000000000000e+00	7.962767904720527e-01
3.950000000000000e+00	8.558486647586654e-01
3.950000000000000e+00	8.423810813736758e-01
3.950000000000000e+00	8.376805391593648e-01
3.950000000000000e+00	8.681127349608839e-01
3.950000000000000e+00	8.014004403280134e-01
3.950000000000000e+00	8.083692699478131e-01
3.950000000000000e+00	7.797679489198447e-01
3.950000000000000e+00	8.355203714748911e-01
3.950000000000000e+00	7.728967312626119e-01
3.950000000000000e+00	8.131795059562972e-01
3.950000000000000e+00	8.675988693207457e-01
3.950000000000000e+00	8.298656007991846e-01
3.950000000000000e+00	8.587133344857947e-01
3.950000000000000e+00	8.318276007129284e-01
3.950000000000000e+00	8.375456114548054e-01
3.950000000000000e+00	8.346970613695491e-01
3.950000000000000e+00	8.168312710729927e-01
3.950000000000000e+00	8.444869448390531e-01
3.950000000000000e+00	8.922092031853884e-01
3.950000000000000e+00	8.104699732508163e-01
3.950000000000000e+00	7.923061139371935e-01
3.950000000000000e+00	8.615784688837377e-01
3.950000000000000e+00	8.109473756330295e-01
3.950000000000000e+00	7.936613844252935e-01
3.950000000000000e+00	8.140552055001470e-01
3.950000000000000e+00	8.405928885262026e-01
3.950000000000000e+00	8.384631569139853e-01
3.950000000000000e+00	8.180483786383167e-01
3.950000000000000e+00	8.020128422077516e-01
3.950000000000000e+00	8.482763035523379e-01
3.950000000000000e+00	8.325249752033681e-01
3.950000000000000e+00	8.580003560980537e-01
3.950000000000000e+00	8.402134324406163e-01
3.950000000000000e+00	8.855054439132626e-01
3.950000000000000e+00	8.267547330852277e-01
3.950000000000000e+00	7.817856247870258e-01
3.950000000000000e+00	8.464805189783006e-01
3.950000000000000e+00	8.783275815923191e-01
3.950000000000000e+00	8.145052201203086e-01
3.950000000000000e+00	8.142207483378927e-01
3.950000000000000e+00	8.207710883052142e-01
3.950000000000000e+00	8.351655307325984e-01
3.950000000000000e+00	8.891105865191964e-01
3.950000000000000e+00	8.083294359610502e-01
3.950000000000000e+00	8.414902499348266e-01
3.950000000000000e+00	8.328977947192386e-01
3.950000000000000e+00	8.027067060648552e-01
3.950000000000000e+00	7.965703927003760e-01
3.950000000000000e+00	8.397851021138272e-01
3.950000000000000e+00	8.094022000077967e-01
3.950000000000000e+00	8.357950751851930e-01
3.950000000000000e+00	8.168757524695883e-01
3.950000000000000e+00	8.710818996599925e-01
3.950000000000000e+00	8.325911651324047e-01
3.950000000000000e+00	8.363482444653056e-01
3.950000000000000e+00	7.937151131405003e-01
3.950000000000000e+00	7.799014280993667e-01
3.950000000000000e+00	8.309111831191728e-01
3.950000000000000e+00	8.161798642124278e-01
3.950000000000000e+00	8.092103765149458e-01
3.950000000000000e+00	8.510041644491443e-01
3.950000000000000e+00	8.076457164227143e-01
3.950000000000000e+00	8.484990015202003e-01
3.950000000000000e+00	8.489526321521356e-01
3.950000000000000e+00	8.149653381246623e-01
3.950000000000000e+00	8.346563537312689e-01
3.950000000000000e+00	8.165626369835192e-01
3.950000000000000e+00	8.188282465682805e-01
3.950000000000000e+00	8.333701020357038e-01
3.950000000000000e+00	8.144784262343181e-01
3.950000000000000e+00	8.245896944490622e-01
3.950000000000000e+00	8.385235939270828e-01
3.950000000000000e+00	8.664559919442162e-01
3.950000000000000e+00	8.229876259892247e-01
3.950000000000000e+00	8.238071491004111e-01
3.950000000000000e+00	8.320849210942949e-01
3.950000000000000e+00	8.708461385474335e-01
3.950000000000000e+00	8.467781754028171e-01
3.950000000000000e+00	8.305440356138879e-01
3.950000000000000e+00	8.361426201264981e-01
3.950000000000000e+00	7.958902718914678e-01
3.950000000000000e+00	7.991032221453888e-01
3.950000000000000e+00	8.317320629389764e-01
3.950000000000000e+00	8.506796565010711e-01
3.950000000000000e+00	8.725146560843893e-01
3.950000000000000e+00	8.427406049831018e-01
3.950000000000000e+00	8.176967376550411e-01
3.950000000000000e+00	8.312204846863275e-01
3.950000000000000e+00	8.365067227570525e-01
3.950000000000000e+00	8.118163113060097e-01
3.950000000000000e+00	7.576360409950582e-01
3.950000000000000e+00	8.103464699934748e-01
3.950000000000000e+00	8.173211094326007e-01
3.950000000000000e+00	8.424822111788159e-01
3.950000000000000e+00	8.467843248350950e-01
3.950000000000000e+00	8.406282956515431e-01
3.950000000000000e+00	8.156826104819065e-01
3.950000000000000e+00	8.203478871200184e-01
3.950000000000000e+00	8.101034293831344e-01
3.950000000000000e+00	8.533089856019113e-01
3.950000000000000e+00	8.121135186359180e-01
3.950000000000000e+00	8.634012583977373e-01
3.950000000000000e+00	8.004918724705181e-01
3.950000000000000e+00	7.968171501207962e-01
3.950000000000000e+00	8.016368117880854e-01
3.950000000000000e+00	8.129336848299190e-01
3.950000000000000e+00	7.893591005596573e-01
3.950000000000000e+00	8.616802712652367e-01
3.950000000000000e+00	8.684069361710092e-01
3.950000000000000e+00	8.280661476458125e-01
3.950000000000000e+00	7.994736101719887e-01
3.950000000000000e+00	8.225849527361219e-01
3.950000000000000e+00	8.446729877257144e-01
3.950000000000000e+00	8.322313113404671e-01
3.950000000000000e+00	8.439528145798183e-01
3.950000000000000e+00	7.440287065351378e-01
3.950000000000000e+00	8.692525723117694e-01
3.950000000000000e+00	8.211507154713293e-01
3.950000000000000e+00	8.101650405353447e-01
3.950000000000000e+00	8.386619641594228e-01
3.950000000000000e+00	8.042557034960112e-01
3.950000000000000e+00	8.122053273330497e-01
3.950000000000000e+00	7.786004557230204e-01
3.950000000000000e+00	7.895728064723608e-01
3.950000000000000e+00	8.406139755564280e-01
3.950000000000000e+00	8.219771286557149e-01
3.950000000000000e+00	8.103621520967417e-01
3.950000000000000e+00	8.743108816222434e-01
3.950000000000000e+00	8.042773059102669e-01
3.950000000000000e+00	8.258110519304682e-01
3.950000000000000e+00	8.723613740889863e-01
3.950000000000000e+00	8.555642292296671e-01
3.950000000000000e+00	8.518479447866570e-01
3.950000000000000e+00	8.738640129963676e-01
3.950000000000000e+00	8.104796922803903e-01
3.950000000000000e+00	8.575303062075864e-01
3.950000000000000e+00	7.991296872785142e-01
3.950000000000000e+00	8.352610085947042e-01
3.950000000000000e+00	7.807260054215401e-01
3.950000000000000e+00	8.187596642672542e-01
3.950000000000000e+00	8.344259656368599e-01
3.950000000000000e+00	8.344173822464596e-01
3.950000000000000e+00	8.418942726328854e-01
3.950000000000000e+00	8.474684004354321e-01
3.950000000000000e+00	8.104462594660260e-01
3.950000000000000e+00	8.204940676988710e-01
3.950000000000000e+00	8.183430882855797e-01
3.950000000000000e+00	8.635022492036072e-01
3.950000000000000e+00	7.851226551286660e-01
3.950000000000000e+00	7.957271175403107e-01
3.950000000000000e+00	8.081403116353363e-01
3.950000000000000e+00	8.364711853867719e-01
3.950000000000000e+00	8.293661442363021e-01
3.950000000000000e+00	8.075785137377240e-01
3.950000000000000e+00	8.237266370798929e-01
3.950000000000000e+00	8.200500443844030e-01
3.950000000000000e+00	8.429612252630703e-01
3.950000000000000e+00	8.406346694433470e-01
3.950000000000000e+00	8.608879711240763e-01
3.950000000000000e+00	8.011381256892929e-01
3.950000000000000e+00	8.221636187169816e-01
3.950000000000000e+00	7.991979125212507e-01
3.950000000000000e+00	8.299875794236332e-01
3.950000000000000e+00	8.431328101182520e-01
3.950000000000000e+00	8.466974121587731e-01
3.950000000000000e+00	7.741008800391861e-01
3.950000000000000e+00	7.767106085513613e-01
3.950000000000000e+00	8.107451364815653e-01
3.950000000000000e+00	8.643538140844643e-01
3.950000000000000e+00	8.295751873166521e-01
3.950000000000000e+00	8.218904268472013e-01
3.950000000000000e+00	8.042065216164872e-01
3.950000000000000e+00	8.635930909362444e-01
3.950000000000000e+00	8.486774118492855e-01
3.950000000000000e+00	8.562443438090539e-01
3.950000000000000e+00	8.180902323179587e-01
3.950000000000000e+00	8.012242467818866e-01
3.950000000000000e+00	8.443619433127030e-01
3.950000000000000e+00	8.025774712271255e-01
3.950000000000000e+00	8.389790366612242e-01
3.950000000000000e+00	7.932860202385821e-01
3.950000000000000e+00	7.970493583877749e-01
3.950000000000000e+00	8.261226755818025e-01
3.950000000000000e+00	8.111467074473763e-01
3.950000000000000e+00	8.034701875687983e-01
3.950000000000000e+00	8.343855444270860e-01
3.950000000000000e+00	8.187969645867090e-01
3.950000000000000e+00	8.508582179091196e-01
3.950000000000000e+00	8.186113170040227e-01
3.950000000000000e+00	8.706166956683058e-01
3.950000000000000e+00	8.526931831565036e-01
3.950000000000000e+00	8.520879583542884e-01
3.950000000000000e+00	8.093517557575460e-01
3.950000000000000e+00	8.679780353489347e-01
3.950000000000000e+00	7.984525661733505e-01
3.950000000000000e+00	8.416933090089209e-01
3.950000000000000e+00	8.170818665162506e-01
3.950000000000000e+00	8.037564285747105e-01
3.950000000000000e+00	8.088596008091967e-01
3.950000000000000e+00	8.293024184171716e-01
3.950000000000000e+00	8.488364439566659e-01
3.950000000000000e+00	8.068670702487963e-01
3.950000000000000e+00	8.403047945672659e-01
3.950000000000000e+00	8.168093591243943e-01
3.950000000000000e+00	8.382542715744298e-01
3.950000000000000e+00	8.196882220620625e-01
3.950000000000000e+00	8.454907012314411e-01
3.950000000000000e+00	8.442174838428185e-01
3.950000000000000e+00	8.327629178319765e-01
3.950000000000000e+00	8.346013273689591e-01
3.950000000000000e+00	8.154141576202525e-01
3.950000000000000e+00	8.081651806068000e-01
3.950000000000000e+00	7.653909621839614e-01
3.950000000000000e+00	8.297942071755378e-01
3.950000000000000e+00	8.215652671579843e-01
3.950000000000000e+00	7.772962679945193e-01
3.950000000000000e+00	8.039008439300045e-01
3.950000000000000e+00	8.034704986538609e-01
3.950000000000000e+00	8.058978247518853e-01
3.950000000000000e+00	8.029699226012866e-01
3.950000000000000e+00	7.894587385513970e-01
3.950000000000000e+00	8.409347347199031e-01
3.950000000000000e+00	8.663297072676203e-01
3.950000000000000e+00	8.001984736984621e-01
3.950000000000000e+00	8.076588447377406e-01
3.950000000000000e+00	8.954434339992277e-01
3.950000000000000e+00	8.376123797397442e-01
3.950000000000000e+00	8.391338389012826e-01
3.950000000000000e+00	8.328851631576686e-01
3.950000000000000e+00	8.134010522322428e-01
3.950000000000000e+00	7.923202267428545e-01
3.950000000000000e+00	8.357641480984340e-01
3.950000000000000e+00	8.236231657962448e-01
3.950000000000000e+00	8.433149981934153e-01
3.950000000000000e+00	8.577660438574869e-01
3.950000000000000e+00	8.609481194724469e-01
3.950000000000000e+00	8.366962141514894e-01
3.950000000000000e+00	8.722812657999818e-01
3.950000000000000e+00	8.146749665370729e-01
3.950000000000000e+00	8.161162458749589e-01
3.950000000000000e+00	8.276367853394202e-01
3.950000000000000e+00	8.304492241940971e-01
3.950000000000000e+00	8.331385808964746e-01
3.950000000000000e+00	7.914936200775867e-01
3.950000000000000e+00	7.797503356318780e-01
3.950000000000000e+00	8.517763408864053e-01
3.950000000000000e+00	8.518089289563072e-01
3.950000000000000e+00	7.811515340936038e-01
3.950000000000000e+00	8.113167985657425e-01
3.950000000000000e+00	8.031523763883528e-01
3.950000000000000e+00	7.736515846744868e-01
3.950000000000000e+00	8.282073010973521e-01
3.950000000000000e+00	8.335005383119636e-01
3.950000000000000e+00	7.838664166610242e-01
3.950000000000000e+00	8.825087355847063e-01
3.950000000000000e+00	8.371039731107887e-01
3.950000000000000e+00	8.616440252694044e-01
3.950000000000000e+00	8.285053829351182e-01
3.950000000000000e+00	8.307642828283105e-01
3.950000000000000e+00	8.535929963107420e-01
3.950000000000000e+00	8.466876826956213e-01
3.950000000000000e+00	7.974005421403452e-01
3.950000000000000e+00	8.157792075392615e-01
3.950000000000000e+00	8.433199510137152e-01
3.950000000000000e+00	8.552962229449615e-01
3.950000000000000e+00	8.217330774668429e-01
3.950000000000000e+00	8.333554235449354e-01
3.950000000000000e+00	8.500254240959491e-01
3.950000000000000e+00	8.060733364380082e-01
3.950000000000000e+00	8.119199681304178e-01
3.950000000000000e+00	8.154510839504641e-01
3.950000000000000e+00	7.937471772022674e-01
3.950000000000000e+00	8.219273860196671e-01
3.950000000000000e+00	8.375503503476771e-01
3.950000000000000e+00	8.198031056233263e-01
3.950000000000000e+00	7.931455924536071e-01
3.950000000000000e+00	8.600657011098097e-01
3.950000000000000e+00	8.140061557436187e-01
3.950000000000000e+00	8.121166673286094e-01
3.950000000000000e+00	8.028010247234976e-01
3.950000000000000e+00	8.108029434455313e-01
3.950000000000000e+00	8.240452811170188e-01
3.950000000000000e+00	8.000206603607198e-01
3.950000000000000e+00	8.393506088332136e-01
3.950000000000000e+00	8.233348140417287e-01
3.950000000000000e+00	8.440609296826435e-01
3.950000000000000e+00	8.301161042210128e-01
3.950000000000000e+00	8.348728993838236e-01
3.950000000000000e+00	8.263589567548560e-01
3.950000000000000e+00	8.333086063990397e-01
3.950000000000000e+00	8.852922720321608e-01
3.950000000000000e+00	8.211796740793507e-01
3.950000000000000e+00	8.240930882199948e-01
3.950000000000000e+00	8.039315206761468e-01
3.950000000000000e+00	8.473039567203688e-01
3.950000000000000e+00	8.180540297751101e-01
3.950000000000000e+00	8.168823212264762e-01
3.950000000000000e+00	8.153530456411689e-01
3.950000000000000e+00	8.178397369613417e-01
3.950000000000000e+00	8.191589629281534e-01
3.950000000000000e+00	7.971383662946346e-01
3.950000000000000e+00	8.641006987238938e-01
3.950000000000000e+00	8.212918322420981e-01
3.950000000000000e+00	8.441996307147647e-01
3.950000000000000e+00	8.364760620700332e-01
3.950000000000000e+00	8.545453983016041e-01
3.950000000000000e+00	7.994979724678978e-01
3.950000000000000e+00	8.049087720316341e-01
3.950000000000000e+00	7.866053279961117e-01
3.950000000000000e+00	8.284907926969373e-01
3.950000000000000e+00	8.100696771338143e-01
3.950000000000000e+00	8.041930274232685e-01
3.950000000000000e+00	8.170802158361747e-01
3.950000000000000e+00	8.231754104897188e-01
3.950000000000000e+00	8.533620007384922e-01
3.950000000000000e+00	7.910268188699184e-01
3.950000000000000e+00	8.509414455683573e-01
3.950000000000000e+00	8.578176315552987e-01
3.950000000000000e+00	7.912231841166013e-01
3.950000000000000e+00	8.750965179013263e-01
3.950000000000000e+00	8.210905988452072e-01
3.950000000000000e+00	8.333584786624928e-01
3.950000000000000e+00	8.088387376040924e-01
3.950000000000000e+00	8.245482876373631e-01
3.950000000000000e+00	8.341520069335451e-01
3.950000000000000e+00	8.141229530075311e-01
3.950000000000000e+00	8.151856616805262e-01
3.950000000000000e+00	8.148015039474407e-01
3.950000000000000e+00	8.479840184160369e-01
3.950000000000000e+00	8.302290911725693e-01
3.950000000000000e+00	8.189413202701038e-01
3.950000000000000e+00	8.490144353367202e-01
3.950000000000000e+00	8.335710460363901e-01
3.950000000000000e+00	8.377252274997462e-01
3.950000000000000e+00	8.664894107070178e-01
3.950000000000000e+00	8.667030226452402e-01
3.950000000000000e+00	8.194304820677579e-01
3.950000000000000e+00	8.542438355111405e-01
3.950000000000000e+00	8.612608032734321e-01
3.950000000000000e+00	8.681491571671784e-01
3.950000000000000e+00	8.078274838251123e-01
3.950000000000000e+00	8.444495948697138e-01
3.950000000000000e+00	8.117340455585685e-01
3.950000000000000e+00	7.866632389709551e-01
3.950000000000000e+00	8.702134090519978e-01
3.950000000000000e+00	8.631106830121313e-01
3.950000000000000e+00	8.325961746408344e-01
3.950000000000000e+00	8.049576743112603e-01
3.950000000000000e+00	8.173891109259267e-01
3.950000000000000e+00	7.948991830567291e-01
3.950000000000000e+00	8.315460917247294e-01
3.950000000000000e+00	8.113035732553688e-01
3.950000000000000e+00	8.369221056876078e-01
3.950000000000000e+00	8.431154949281601e-01
3.950000000000000e+00	8.326521402034707e-01
3.950000000000000e+00	7.979532154912907e-01
3.950000000000000e+00	8.260809408074298e-01
3.950000000000000e+00	8.365843915243060e-01
3.950000000000000e+00	7.807680595522630e-01
3.950000000000000e+00	8.266394438063666e-01
3.950000000000000e+00	8.607615422969911e-01
3.950000000000000e+00	8.494471131168424e-01
3.950000000000000e+00	8.009430613508839e-01
3.950000000000000e+00	8.209035470482268e-01
3.950000000000000e+00	8.548746025748634e-01
3.950000000000000e+00	8.655240738200780e-01
3.950000000000000e+00	8.410459714397546e-01
3.950000000000000e+00	8.003408928113918e-01
3.950000000000000e+00	8.172968723504184e-01
3.950000000000000e+00	8.306434226029263e-01
3.950000000000000e+00	8.227082439030289e-01
3.950000000000000e+00	8.568809912907155e-01
3.950000000000000e+00	8.025388304166386e-01
3.950000000000000e+00	8.481688135168939e-01
3.950000000000000e+00	8.618312747590450e-01
3.950000000000000e+00	7.994289574111811e-01
3.950000000000000e+00	8.181975964393704e-01
3.950000000000000e+00	8.660214440462660e-01
3.950000000000000e+00	8.250104268415136e-01
3.950000000000000e+00	8.136184298702160e-01
3.950000000000000e+00	8.178154665063488e-01
3.950000000000000e+00	8.238231771894956e-01
3.950000000000000e+00	7.665319992086980e-01
3.950000000000000e+00	8.205324279294735e-01
3.950000000000000e+00	8.482399654906684e-01
3.950000000000000e+00	8.599501583807334e-01
3.950000000000000e+00	8.064731536176120e-01
3.950000000000000e+00	7.961372363656773e-01
3.950000000000000e+00	8.185499601660172e-01
3.950000000000000e+00	8.551809096307826e-01
3.950000000000000e+00	8.294426475397649e-01
3.950000000000000e+00	8.315544144275737e-01
3.950000000000000e+00	8.259846883419601e-01
3.950000000000000e+00	8.204328108128420e-01
3.950000000000000e+00	8.298497376767032e-01
3.950000000000000e+00	8.370875904045632e-01
3.950000000000000e+00	8.328410751907152e-01
3.950000000000000e+00	8.289622338435413e-01
3.950000000000000e+00	8.885758039140724e-01
3.950000000000000e+00	8.123378584040633e-01
3.950000000000000e+00	7.788776675411563e-01
3.950000000000000e+00	8.365594805114440e-01
3.950000000000000e+00	8.090904652137256e-01
3.950000000000000e+00	8.165642132063590e-01
3.950000000000000e+00	8.102434285128957e-01
3.950000000000000e+00	8.266871175062557e-01
3.950000000000000e+00	8.045483920778445e-01
3.950000000000000e+00	8.414144705057600e-01
3.950000000000000e+00	7.859276480613430e-01
3.950000000000000e+00	8.278638142471655e-01
3.950000000000000e+00	8.340290108193186e-01
3.950000000000000e+00	8.586082522202934e-01
3.950000000000000e+00	8.359504666299240e-01
3.950000000000000e+00	8.187062474261655e-01
3.950000000000000e+00	8.033902159978342e-01
3.950000000000000e+00	8.208666865672948e-01
3.950000000000000e+00	8.619976041664852e-01
3.950000000000000e+00	8.229342296658977e-01
3.950000000000000e+00	8.046389618225103e-01
3.950000000000000e+00	8.702340191904568e-01
3.950000000000000e+00	8.434779405656291e-01
3.950000000000000e+00	8.631909118456605e-01
3.950000000000000e+00	8.504956827121761e-01
3.950000000000000e+00	8.296223038363107e-01
3.950000000000000e+00	8.492982385043474e-01
3.950000000000000e+00	8.088809752054424e-01
3.950000000000000e+00	8.181476582945905e-01
3.950000000000000e+00	8.086795835122544e-01
3.950000000000000e+00	8.583971760637726e-01
3.950000000000000e+00	8.452112421718694e-01
3.950000000000000e+00	8.482419666934188e-01
3.950000000000000e+00	8.528204700563053e-01
3.950000000000000e+00	8.405956867946416e-01
3.950000000000000e+00	8.168204279383310e-01
3.950000000000000e+00	8.288902593007650e-01
3.950000000000000e+00	8.291551967309020e-01
3.950000000000000e+00	8.509623764238781e-01
3.950000000000000e+00	8.787113787851216e-01
3.950000000000000e+00	8.122600828413215e-01
3.950000000000000e+00	8.143413470029039e-01
3.950000000000000e+00	8.087476158999480e-01
3.950000000000000e+00	8.804542276700958e-01
3.950000000000000e+00	8.565662225341564e-01
3.950000000000000e+00	8.104891375865578e-01
3.950000000000000e+00	8.444292655016641e-01
3.950000000000000e+00	8.356262648538324e-01
3.950000000000000e+00	8.125256585169892e-01
3.950000000000000e+00	8.132228381741715e-01
3.950000000000000e+00	8.356378766643906e-01
3.950000000000000e+00	7.950817400614432e-01
3.950000000000000e+00	8.530516550196114e-01
3.950000000000000e+00	8.640310847740723e-01
3.950000000000000e+00	8.440422091896083e-01
3.950000000000000e+00	8.317962995406172e-01
3.950000000000000e+00	8.401004356378536e-01
3.950000000000000e+00	8.323368058112310e-01
3.950000000000000e+00	8.047766284648942e-01
3.950000000000000e+00	8.584930248972371e-01
3.950000000000000e+00	8.146941101580060e-01
3.950000000000000e+00	8.227818175498463e-01
3.950000000000000e+00	8.122186894606550e-01
3.950000000000000e+00	7.964410696125745e-01
3.950000000000000e+00	7.947971009831445e-01
3.950000000000000e+00	8.149288697187554e-01
3.950000000000000e+00	8.388024738643149e-01
3.950000000000000e+00	8.533222190018257e-01
3.950000000000000e+00	8.158188903612510e-01
3.950000000000000e+00	7.986722996383487e-01
3.950000000000000e+00	8.460413099276508e-01
3.950000000000000e+00	8.333926580645076e-01
3.950000000000000e+00	8.030386695298874e-01
3.950000000000000e+00	8.206137269238190e-01
3.950000000000000e+00	7.988708506210848e-01
3.950000000000000e+00	8.134057063815826e-01
3.950000000000000e+00	8.490091639155974e-01
3.950000000000000e+00	8.184395426114505e-01
3.950000000000000e+00	8.379456184386191e-01
3.950000000000000e+00	7.803239730592327e-01
3.950000000000000e+00	8.244597593789251e-01
3.950000000000000e+00	7.940330507837065e-01
3.950000000000000e+00	8.437540229666599e-01
3.950000000000000e+00	8.170670316640982e-01
3.950000000000000e+00	8.086432197773933e-01
3.950000000000000e+00	8.405757886189683e-01
3.950000000000000e+00	8.079101930828220e-01
3.950000000000000e+00	8.373608353766526e-01
3.950000000000000e+00	8.174239415927316e-01
3.950000000000000e+00	8.687461077612350e-01
3.950000000000000e+00	8.355168110438709e-01
3.950000000000000e+00	7.973128527268646e-01
3.950000000000000e+00	7.740334042209186e-01
3.950000000000000e+00	8.321864060983404e-01
3.950000000000000e+00	8.033882383884383e-01
3.950000000000000e+00	8.162593877295090e-01
3.950000000000000e+00	8.372840634103438e-01
3.950000000000000e+00	8.543849126466048e-01
3.950000000000000e+00	8.611607246148539e-01
3.950000000000000e+00	8.151929923702202e-01
3.950000000000000e+00	8.095499957983981e-01
3.950000000000000e+00	7.838187207694292e-01
3.950000000000000e+00	7.925338619037537e-01
3.950000000000000e+00	8.511999517218625e-01
3.950000000000000e+00	8.317890227486568e-01
3.950000000000000e+00	7.706228901704635e-01
3.950000000000000e+00	8.108806263281585e-01
3.950000000000000e+00	8.419294249575591e-01
3.950000000000000e+00	8.277502986414971e-01
3.950000000000000e+00	7.960509041220731e-01
3.950000000000000e+00	8.220782911341165e-01
3.950000000000000e+00	7.938294904397679e-01
3.950000000000000e+00	8.237079568191527e-01
3.950000000000000e+00	8.378236033918988e-01
3.950000000000000e+00	7.774456150048347e-01
3.950000000000000e+00	8.799452206681794e-01
3.950000000000000e+00	8.797326504210685e-01
3.950000000000000e+00	8.063191725204469e-01
3.950000000000000e+00	8.005452698417552e-01
3.950000000000000e+00	8.188555106068982e-01
3.950000000000000e+00	8.120387695861430e-01
3.950000000000000e+00	8.737730461518918e-01
3.950000000000000e+00	8.313527320847929e-01
3.950000000000000e+00	7.812422204365038e-01
3.950000000000000e+00	8.147477845187160e-01
3.950000000000000e+00	7.983250621988519e-01
