3.800000000000000e+00	1.074138765525962e+00
3.800000000000000e+00	1.110539599728087e+00
3.800000000000000e+00	1.152673867800029e+00
3.800000000000000e+00	1.099482843207264e+00
3.800000000000000e+00	1.180585195855401e+00
3.800000000000000e+00	1.101765189426342e+00
3.800000000000000e+00	1.013073996291119e+00
3.800000000000000e+00	1.119469718469026e+00
3.800000000000000e+00	1.092145389735432e+00
3.800000000000000e+00	1.141496622314261e+00
3.800000000000000e+00	1.161719600932593e+00
3.800000000000000e+00	1.034149522198275e+00
3.800000000000000e+00	1.084845755376612e+00
3.800000000000000e+00	1.024441762722410e+00
3.800000000000000e+00	1.157996283330885e+00
3.800000000000000e+00	1.141819373597116e+00
3.800000000000000e+00	1.142851317895185e+00
3.800000000000000e+00	1.109557744726627e+00
3.800000000000000e+00	1.128158121075021e+00
3.800000000000000e+00	1.167439981982344e+00
3.800000000000000e+00	1.040311441913254e+00
3.800000000000000e+00	1.036696427339701e+00
3.800000000000000e+00	1.193855501750618e+00
3.800000000000000e+00	1.103904047288882e+00
3.800000000000000e+00	1.131040219411024e+00
3.800000000000000e+00	1.136460805119397e+00
3.800000000000000e+00	1.217563048912910e+00
3.800000000000000e+00	1.180675539943043e+00
3.800000000000000e+00	1.085908206372600e+00
3.800000000000000e+00	1.100440151727276e+00
3.800000000000000e+00	1.170330549306341e+00
3.800000000000000e+00	1.093074188677805e+00
3.800000000000000e+00	1.132235547326377e+00
3.800000000000000e+00	1.121934801423058e+00
3.800000000000000e+00	1.139243495925504e+00
3.800000000000000e+00	1.081046934153603e+00
3.800000000000000e+00	1.183965602636339e+00
3.800000000000000e+00	1.141046674999151e+00
3.800000000000000e+00	1.146847842551963e+00
3.800000000000000e+00	1.110546445477747e+00
3.800000000000000e+00	1.103589147998739e+00
3.800000000000000e+00	1.155556320494835e+00
3.800000000000000e+00	1.017145305822525e+00
3.800000000000000e+00	1.066823583901970e+00
3.800000000000000e+00	1.084161115404504e+00
3.800000000000000e+00	1.029972645490973e+00
3.800000000000000e+00	1.129522127990914e+00
3.800000000000000e+00	1.058732590218157e+00
3.800000000000000e+00	1.111929856220875e+00
3.800000000000000e+00	1.157528747672648e+00
3.800000000000000e+00	1.169026490379743e+00
3.800000000000000e+00	1.077151477576166e+00
3.800000000000000e+00	1.167861195687044e+00
3.800000000000000e+00	1.027390480847673e+00
3.800000000000000e+00	1.132251007479855e+00
3.800000000000000e+00	1.162075248962854e+00
3.800000000000000e+00	1.104725638584876e+00
3.800000000000000e+00	1.141256722815659e+00
3.800000000000000e+00	1.088066814634990e+00
3.800000000000000e+00	1.150555784733678e+00
3.800000000000000e+00	1.106782192049906e+00
3.800000000000000e+00	1.162935913326780e+00
3.800000000000000e+00	1.099402961127189e+00
3.800000000000000e+00	1.125660906137365e+00
3.800000000000000e+00	1.103854133026357e+00
3.800000000000000e+00	1.007813436683975e+00
3.800000000000000e+00	1.081808810725081e+00
3.800000000000000e+00	1.087190119962792e+00
3.800000000000000e+00	1.266801594884176e+00
3.800000000000000e+00	1.169208091119190e+00
3.800000000000000e+00	1.112817805327210e+00
3.800000000000000e+00	1.170477806877375e+00
3.800000000000000e+00	1.095662768105963e+00
3.800000000000000e+00	1.127048974099983e+00
3.800000000000000e+00	1.236147729218562e+00
3.800000000000000e+00	1.074446370337377e+00
3.800000000000000e+00	1.086099389545646e+00
3.800000000000000e+00	1.054129526303810e+00
3.800000000000000e+00	1.157611627421412e+00
3.800000000000000e+00	1.256901354884860e+00
3.800000000000000e+00	1.112901258414769e+00
3.800000000000000e+00	1.160022174514739e+00
3.800000000000000e+00	1.144663028021450e+00
3.800000000000000e+00	1.062980706977022e+00
3.800000000000000e+00	1.088563109052950e+00
3.800000000000000e+00	1.117887403167996e+00
3.800000000000000e+00	1.096988483014451e+00
3.800000000000000e+00	1.018712647247220e+00
3.800000000000000e+00	1.112807480084879e+00
3.800000000000000e+00	1.095410201988737e+00
3.800000000000000e+00	1.040382817541493e+00
3.800000000000000e+00	1.128409231244922e+00
3.800000000000000e+00	1.007865030901933e+00
3.800000000000000e+00	1.175716744676186e+00
3.800000000000000e+00	1.139879130593761e+00
3.800000000000000e+00	1.130164314520384e+00
3.800000000000000e+00	1.085452229339106e+00
3.800000000000000e+00	1.099103052090138e+00
3.800000000000000e+00	1.110714225377104e+00
3.800000000000000e+00	1.152147418832300e+00
3.800000000000000e+00	1.127656034037378e+00
3.800000000000000e+00	1.141313577706748e+00
3.800000000000000e+00	1.088885960722296e+00
3.800000000000000e+00	1.089463353058037e+00
3.800000000000000e+00	1.082231634368692e+00
3.800000000000000e+00	1.038885094240645e+00
3.800000000000000e+00	1.126991802112496e+00
3.800000000000000e+00	1.194072996936681e+00
3.800000000000000e+00	1.083426502489636e+00
3.800000000000000e+00	1.140402628172891e+00
3.800000000000000e+00	1.172364900094998e+00
3.800000000000000e+00	1.205347978613061e+00
3.800000000000000e+00	1.090136767591964e+00
3.800000000000000e+00	1.051518644399712e+00
3.800000000000000e+00	1.071826779256568e+00
3.800000000000000e+00	1.207181471928174e+00
3.800000000000000e+00	1.115923515713562e+00
3.800000000000000e+00	1.088187785665818e+00
3.800000000000000e+00	1.060424462757613e+00
3.800000000000000e+00	1.249532678468481e+00
3.800000000000000e+00	1.115636566698078e+00
3.800000000000000e+00	1.014889712560267e+00
3.800000000000000e+00	1.073389248962454e+00
3.800000000000000e+00	1.108337835230145e+00
3.800000000000000e+00	1.041913675559189e+00
3.800000000000000e+00	1.023908990849673e+00
3.800000000000000e+00	1.028428781414083e+00
3.800000000000000e+00	1.009414614897269e+00
3.800000000000000e+00	1.087096467657975e+00
3.800000000000000e+00	1.029728703934861e+00
3.800000000000000e+00	1.105224950669716e+00
3.800000000000000e+00	1.115205178848909e+00
3.800000000000000e+00	1.060115951605140e+00
3.800000000000000e+00	1.047413753225162e+00
3.800000000000000e+00	1.133340138002063e+00
3.800000000000000e+00	1.092710376328848e+00
3.800000000000000e+00	1.114522362668169e+00
3.800000000000000e+00	1.012009218675463e+00
3.800000000000000e+00	1.134904634152545e+00
3.800000000000000e+00	1.088122609108022e+00
3.800000000000000e+00	1.012917545326720e+00
3.800000000000000e+00	9.614721792239125e-01
3.800000000000000e+00	1.184854794392364e+00
3.800000000000000e+00	1.094732574198572e+00
3.800000000000000e+00	1.034783423094648e+00
3.800000000000000e+00	1.075182209542576e+00
3.800000000000000e+00	1.044951687392233e+00
3.800000000000000e+00	1.147274688554902e+00
3.800000000000000e+00	1.124335507120983e+00
3.800000000000000e+00	1.159765450496125e+00
3.800000000000000e+00	1.105616480591258e+00
3.800000000000000e+00	1.040947389124206e+00
3.800000000000000e+00	1.217652558242895e+00
3.800000000000000e+00	1.119261948324214e+00
3.800000000000000e+00	1.099008296667711e+00
3.800000000000000e+00	1.141609411809605e+00
3.800000000000000e+00	1.119962291794886e+00
3.800000000000000e+00	1.164547075816961e+00
3.800000000000000e+00	1.023645091682893e+00
3.800000000000000e+00	1.090939752287226e+00
3.800000000000000e+00	1.057318456475838e+00
3.800000000000000e+00	1.072420978348036e+00
3.800000000000000e+00	1.181459326145093e+00
3.800000000000000e+00	1.082091963238564e+00
3.800000000000000e+00	1.163082473901536e+00
3.800000000000000e+00	1.169169643178325e+00
3.800000000000000e+00	1.049681995625785e+00
3.800000000000000e+00	1.101315201947766e+00
3.800000000000000e+00	9.684612551657289e-01
3.800000000000000e+00	1.246977613597265e+00
3.800000000000000e+00	1.212703732661803e+00
3.800000000000000e+00	1.040654310886566e+00
3.800000000000000e+00	1.096954785914259e+00
3.800000000000000e+00	1.068630932134678e+00
3.800000000000000e+00	1.129971647819209e+00
3.800000000000000e+00	1.165008940904815e+00
3.800000000000000e+00	1.082350332407940e+00
3.800000000000000e+00	9.894279117764841e-01
3.800000000000000e+00	1.157512932625490e+00
3.800000000000000e+00	1.168230253641886e+00
3.800000000000000e+00	1.074315390511194e+00
3.800000000000000e+00	1.072812442062564e+00
3.800000000000000e+00	1.090291957460475e+00
3.800000000000000e+00	1.123567655709172e+00
3.800000000000000e+00	1.154550858151352e+00
3.800000000000000e+00	1.006149847781519e+00
3.800000000000000e+00	1.108068101741778e+00
3.800000000000000e+00	1.138889108982278e+00
3.800000000000000e+00	1.082013373720367e+00
3.800000000000000e+00	1.168282533317156e+00
3.800000000000000e+00	1.035094468855630e+00
3.800000000000000e+00	1.078142800706583e+00
3.800000000000000e+00	1.057098240052702e+00
3.800000000000000e+00	1.081715683710686e+00
3.800000000000000e+00	1.154704918788078e+00
3.800000000000000e+00	1.114001054366697e+00
3.800000000000000e+00	1.198630850626870e+00
3.800000000000000e+00	1.102371435767409e+00
3.800000000000000e+00	1.138671976235465e+00
3.800000000000000e+00	1.077013434002045e+00
3.800000000000000e+00	1.077462504561267e+00
3.800000000000000e+00	1.160538487953359e+00
3.800000000000000e+00	1.138485354853906e+00
3.800000000000000e+00	1.211363742768933e+00
3.800000000000000e+00	1.089253651969746e+00
3.800000000000000e+00	1.140274409165095e+00
3.800000000000000e+00	1.203698400373186e+00
3.800000000000000e+00	1.079010532286822e+00
3.800000000000000e+00	1.051855487786969e+00
3.800000000000000e+00	1.003578106386113e+00
3.800000000000000e+00	1.044437598528677e+00
3.800000000000000e+00	1.162459879497887e+00
3.800000000000000e+00	1.197014531332845e+00
3.800000000000000e+00	1.079921092312381e+00
3.800000000000000e+00	1.022400460517431e+00
3.800000000000000e+00	1.146079916109824e+00
3.800000000000000e+00	1.034026281330570e+00
3.800000000000000e+00	1.077365952811813e+00
3.800000000000000e+00	1.096592549691625e+00
3.800000000000000e+00	1.179242671404265e+00
3.800000000000000e+00	1.055312833259723e+00
3.800000000000000e+00	1.062395304022331e+00
3.800000000000000e+00	1.066774483273108e+00
3.800000000000000e+00	1.056944667206884e+00
3.800000000000000e+00	1.083526281078401e+00
3.800000000000000e+00	1.083931917014416e+00
3.800000000000000e+00	9.704746795526769e-01
3.800000000000000e+00	1.175078722884455e+00
3.800000000000000e+00	1.193356421766300e+00
3.800000000000000e+00	1.075850115333012e+00
3.800000000000000e+00	1.109173043968077e+00
3.800000000000000e+00	1.115502528253810e+00
3.800000000000000e+00	1.103523636013717e+00
3.800000000000000e+00	1.073015612262120e+00
3.800000000000000e+00	1.100532908330175e+00
3.800000000000000e+00	1.071717516530189e+00
3.800000000000000e+00	1.090244742206875e+00
3.800000000000000e+00	1.151558386875726e+00
3.800000000000000e+00	1.009339318301389e+00
3.800000000000000e+00	1.073986133550553e+00
3.800000000000000e+00	1.212967500971410e+00
3.800000000000000e+00	1.210586691308661e+00
3.800000000000000e+00	1.188365102763208e+00
3.800000000000000e+00	1.113018041248778e+00
3.800000000000000e+00	1.180114716148291e+00
3.800000000000000e+00	1.166065415525100e+00
3.800000000000000e+00	1.083672777015775e+00
3.800000000000000e+00	1.199935687399734e+00
3.800000000000000e+00	1.248840272460820e+00
3.800000000000000e+00	1.077511956568729e+00
3.800000000000000e+00	1.036364774850377e+00
3.800000000000000e+00	1.169586002208371e+00
3.800000000000000e+00	1.061680133592334e+00
3.800000000000000e+00	1.071668230494964e+00
3.800000000000000e+00	1.171442093031988e+00
3.800000000000000e+00	1.175193139518327e+00
3.800000000000000e+00	1.010076920325883e+00
3.800000000000000e+00	1.085416034110001e+00
3.800000000000000e+00	1.164880179950609e+00
3.800000000000000e+00	1.093242899111162e+00
3.800000000000000e+00	1.166822661521919e+00
3.800000000000000e+00	1.105789391424107e+00
3.800000000000000e+00	1.101293631549911e+00
3.800000000000000e+00	1.116526166450997e+00
3.800000000000000e+00	1.120962434322762e+00
3.800000000000000e+00	1.085156467923030e+00
3.800000000000000e+00	1.052755641467540e+00
3.800000000000000e+00	1.059331891876293e+00
3.800000000000000e+00	1.116733451949164e+00
3.800000000000000e+00	1.141823796540369e+00
3.800000000000000e+00	1.136845996190991e+00
3.800000000000000e+00	1.109027357043699e+00
3.800000000000000e+00	1.161288108336979e+00
3.800000000000000e+00	1.174433992754657e+00
3.800000000000000e+00	1.184868731556645e+00
3.800000000000000e+00	1.147953464874142e+00
3.800000000000000e+00	1.056486107308218e+00
3.800000000000000e+00	1.018900183799141e+00
3.800000000000000e+00	9.703783828496575e-01
3.800000000000000e+00	1.119088108979664e+00
3.800000000000000e+00	1.104564295512689e+00
3.800000000000000e+00	1.101035005545653e+00
3.800000000000000e+00	1.083453937471152e+00
3.800000000000000e+00	9.925512699316816e-01
3.800000000000000e+00	1.068708858448813e+00
3.800000000000000e+00	1.050633971735065e+00
3.800000000000000e+00	1.100961833714602e+00
3.800000000000000e+00	1.111512300061472e+00
3.800000000000000e+00	1.102480028177216e+00
3.800000000000000e+00	1.120770765594191e+00
3.800000000000000e+00	1.091292539562828e+00
3.800000000000000e+00	1.131737067624340e+00
3.800000000000000e+00	1.201217778131624e+00
3.800000000000000e+00	1.159046961520829e+00
3.800000000000000e+00	1.074713206625931e+00
3.800000000000000e+00	1.086091417424896e+00
3.800000000000000e+00	1.066038242149880e+00
3.800000000000000e+00	1.073509730064979e+00
3.800000000000000e+00	1.092021007024489e+00
3.800000000000000e+00	1.206179484241126e+00
3.800000000000000e+00	1.060970038616624e+00
3.800000000000000e+00	1.042685821614414e+00
3.800000000000000e+00	1.057832208120639e+00
3.800000000000000e+00	1.125909967726533e+00
3.800000000000000e+00	1.160474791208278e+00
3.800000000000000e+00	1.076787146651810e+00
3.800000000000000e+00	1.072800967695070e+00
3.800000000000000e+00	1.127363068489457e+00
3.800000000000000e+00	1.049145607394099e+00
3.800000000000000e+00	1.127853846345246e+00
3.800000000000000e+00	1.118470517363111e+00
3.800000000000000e+00	1.080390073811806e+00
3.800000000000000e+00	1.131015262217061e+00
3.800000000000000e+00	1.031566299247335e+00
3.800000000000000e+00	1.001815974698110e+00
3.800000000000000e+00	1.100574913232685e+00
3.800000000000000e+00	1.129867008571440e+00
3.800000000000000e+00	1.069096875325506e+00
3.800000000000000e+00	1.129842490878415e+00
3.800000000000000e+00	1.113503468592783e+00
3.800000000000000e+00	1.064595326331902e+00
3.800000000000000e+00	1.088941428830644e+00
3.800000000000000e+00	1.059803358768256e+00
3.800000000000000e+00	1.071383807449228e+00
3.800000000000000e+00	1.080884563777842e+00
3.800000000000000e+00	1.110307904769294e+00
3.800000000000000e+00	1.054156443253979e+00
3.800000000000000e+00	1.025641707180963e+00
3.800000000000000e+00	1.111533448981011e+00
3.800000000000000e+00	1.099417040180205e+00
3.800000000000000e+00	1.126585231004186e+00
3.800000000000000e+00	1.087140822090062e+00
3.800000000000000e+00	1.089832588458748e+00
3.800000000000000e+00	1.076173580875559e+00
3.800000000000000e+00	1.206253296243782e+00
3.800000000000000e+00	1.105674279034498e+00
3.800000000000000e+00	1.125026893008101e+00
3.800000000000000e+00	1.114090180129395e+00
3.800000000000000e+00	1.124719631447809e+00
3.800000000000000e+00	1.054870575328133e+00
3.800000000000000e+00	1.032637025657997e+00
3.800000000000000e+00	1.114770617458790e+00
3.800000000000000e+00	1.050855668806504e+00
3.800000000000000e+00	1.156909611378155e+00
3.800000000000000e+00	1.103095621405774e+00
3.800000000000000e+00	1.149045478437417e+00
3.800000000000000e+00	1.191930678859943e+00
3.800000000000000e+00	1.100034243373990e+00
3.800000000000000e+00	1.036211006299930e+00
3.800000000000000e+00	1.071595408808196e+00
3.800000000000000e+00	1.090506447846583e+00
3.800000000000000e+00	1.202625062478720e+00
3.800000000000000e+00	1.174426459873915e+00
3.800000000000000e+00	1.065879077799557e+00
3.800000000000000e+00	1.069556778219675e+00
3.800000000000000e+00	1.066417417878202e+00
3.800000000000000e+00	1.111269642466556e+00
3.800000000000000e+00	1.194941520012625e+00
3.800000000000000e+00	1.114417523836620e+00
3.800000000000000e+00	1.023690669397518e+00
3.800000000000000e+00	1.115040882008446e+00
3.800000000000000e+00	9.860395110002046e-01
3.800000000000000e+00	1.108979195213498e+00
3.800000000000000e+00	1.030525644776033e+00
3.800000000000000e+00	1.026839346055231e+00
3.800000000000000e+00	1.131207980670762e+00
3.800000000000000e+00	1.151229975105194e+00
3.800000000000000e+00	1.068127419189504e+00
3.800000000000000e+00	1.157745136336748e+00
3.800000000000000e+00	1.182043322958387e+00
3.800000000000000e+00	1.172683569920845e+00
3.800000000000000e+00	1.094218665289467e+00
3.800000000000000e+00	1.167181231958310e+00
3.800000000000000e+00	1.099401230365968e+00
3.800000000000000e+00	1.131950750527474e+00
3.800000000000000e+00	1.116782097235341e+00
3.800000000000000e+00	1.069703114156312e+00
3.800000000000000e+00	1.095265238584458e+00
3.800000000000000e+00	1.122973936430611e+00
3.800000000000000e+00	1.040598608551286e+00
3.800000000000000e+00	1.133708463632353e+00
3.800000000000000e+00	1.107304312797421e+00
3.800000000000000e+00	1.159261597462247e+00
3.800000000000000e+00	1.110807132060355e+00
3.800000000000000e+00	1.165240408338993e+00
3.800000000000000e+00	1.075462646561513e+00
3.800000000000000e+00	1.100261449815784e+00
3.800000000000000e+00	1.014509014472622e+00
3.800000000000000e+00	1.034624478783236e+00
3.800000000000000e+00	1.116064406075716e+00
3.800000000000000e+00	1.025921742881223e+00
3.800000000000000e+00	1.092922305365589e+00
3.800000000000000e+00	1.065510655742207e+00
3.800000000000000e+00	1.128783046011452e+00
3.800000000000000e+00	1.133854728201472e+00
3.800000000000000e+00	1.081398217242711e+00
3.800000000000000e+00	1.083757852069471e+00
3.800000000000000e+00	1.190012378766393e+00
3.800000000000000e+00	1.144448044993048e+00
3.800000000000000e+00	1.055728236777875e+00
3.800000000000000e+00	1.133965911467248e+00
3.800000000000000e+00	1.070386478263257e+00
3.800000000000000e+00	1.098147692350162e+00
3.800000000000000e+00	1.056866635116127e+00
3.800000000000000e+00	1.135127500577977e+00
3.800000000000000e+00	1.021781706941563e+00
3.800000000000000e+00	1.022363279168452e+00
3.800000000000000e+00	1.137238312669341e+00
3.800000000000000e+00	1.198715223931584e+00
3.800000000000000e+00	1.100116990728589e+00
3.800000000000000e+00	1.185822549291251e+00
3.800000000000000e+00	1.091211954520481e+00
3.800000000000000e+00	1.089574633323138e+00
3.800000000000000e+00	1.247461694428635e+00
3.800000000000000e+00	1.132354340012305e+00
3.800000000000000e+00	1.157198177695983e+00
3.800000000000000e+00	1.166234371176580e+00
3.800000000000000e+00	1.081610526353251e+00
3.800000000000000e+00	1.167688439532357e+00
3.800000000000000e+00	1.019214636506989e+00
3.800000000000000e+00	1.096737610491102e+00
3.800000000000000e+00	1.041310406704048e+00
3.800000000000000e+00	1.147859606284693e+00
3.800000000000000e+00	1.171893562615932e+00
3.800000000000000e+00	1.125588018097839e+00
3.800000000000000e+00	1.123181074788192e+00
3.800000000000000e+00	1.165569820277726e+00
3.800000000000000e+00	1.175082124335563e+00
3.800000000000000e+00	1.195232185251392e+00
3.800000000000000e+00	1.213069219568843e+00
3.800000000000000e+00	1.094986198812152e+00
3.800000000000000e+00	1.075738641207065e+00
3.800000000000000e+00	1.121448116196992e+00
3.800000000000000e+00	1.160732303956898e+00
3.800000000000000e+00	1.089981866911159e+00
3.800000000000000e+00	1.120111938201234e+00
3.800000000000000e+00	1.188212258609032e+00
3.800000000000000e+00	1.098955059309908e+00
3.800000000000000e+00	1.015962124294787e+00
3.800000000000000e+00	1.099371096312993e+00
3.800000000000000e+00	1.071225865193110e+00
3.800000000000000e+00	1.076430771221110e+00
3.800000000000000e+00	1.144445505324694e+00
3.800000000000000e+00	1.085393875511156e+00
3.800000000000000e+00	1.138923496302519e+00
3.800000000000000e+00	1.066044545466956e+00
3.800000000000000e+00	1.140923713435616e+00
3.800000000000000e+00	1.200689988351691e+00
3.800000000000000e+00	1.090634326255867e+00
3.800000000000000e+00	1.128033414462878e+00
3.800000000000000e+00	1.121316456395624e+00
3.800000000000000e+00	1.086737278023645e+00
3.800000000000000e+00	1.065895641932800e+00
3.800000000000000e+00	1.094140339711727e+00
3.800000000000000e+00	1.146082107571380e+00
3.800000000000000e+00	1.206707732959010e+00
3.800000000000000e+00	1.199591960229422e+00
3.800000000000000e+00	9.829719950110353e-01
3.800000000000000e+00	1.053824672871652e+00
3.800000000000000e+00	1.048091430229534e+00
3.800000000000000e+00	1.157023977427445e+00
3.800000000000000e+00	1.091593776008116e+00
3.800000000000000e+00	1.103205652131128e+00
3.800000000000000e+00	1.055923313500915e+00
3.800000000000000e+00	1.179374573497149e+00
3.800000000000000e+00	1.127482426602240e+00
3.800000000000000e+00	1.079752182759879e+00
3.800000000000000e+00	1.117846006125325e+00
3.800000000000000e+00	1.021819948769534e+00
3.800000000000000e+00	1.071273260881227e+00
3.800000000000000e+00	1.172687213931493e+00
3.800000000000000e+00	1.029654969353256e+00
3.800000000000000e+00	1.174868607232762e+00
3.800000000000000e+00	1.137702044385140e+00
3.800000000000000e+00	1.105426139334684e+00
3.800000000000000e+00	1.037506930752598e+00
3.800000000000000e+00	9.737335195120612e-01
3.800000000000000e+00	1.129427260275954e+00
3.800000000000000e+00	1.109752836900982e+00
3.800000000000000e+00	1.212087188739646e+00
3.800000000000000e+00	1.144724424396988e+00
3.800000000000000e+00	1.160303719765124e+00
3.800000000000000e+00	1.061153090374796e+00
3.800000000000000e+00	1.125775200612799e+00
3.800000000000000e+00	1.188939135293520e+00
3.800000000000000e+00	1.250090267170459e+00
3.800000000000000e+00	1.044814688660029e+00
3.800000000000000e+00	1.060199056636094e+00
3.800000000000000e+00	1.153671862034229e+00
3.800000000000000e+00	1.203347200770637e+00
3.800000000000000e+00	1.116913987383641e+00
3.800000000000000e+00	1.198337843216760e+00
3.800000000000000e+00	1.117603184711324e+00
3.800000000000000e+00	1.147709286061531e+00
3.800000000000000e+00	1.059771565245922e+00
3.800000000000000e+00	1.150908710781356e+00
3.800000000000000e+00	1.102613279107701e+00
3.800000000000000e+00	1.129029841873415e+00
3.800000000000000e+00	1.112396549613967e+00
3.800000000000000e+00	1.135955527067116e+00
3.800000000000000e+00	1.118207720116142e+00
3.800000000000000e+00	1.083742068527814e+00
3.800000000000000e+00	1.053159166533119e+00
3.800000000000000e+00	1.029431457412920e+00
3.800000000000000e+00	1.183832784066859e+00
3.800000000000000e+00	1.115478627705897e+00
3.800000000000000e+00	1.134203972530432e+00
3.800000000000000e+00	1.104785827297022e+00
3.800000000000000e+00	1.081546415163685e+00
3.800000000000000e+00	1.069199975757018e+00
3.800000000000000e+00	1.120141619797936e+00
3.800000000000000e+00	1.060809549461555e+00
3.800000000000000e+00	1.092631891833296e+00
3.800000000000000e+00	1.132436389432428e+00
3.800000000000000e+00	1.163251159205229e+00
3.800000000000000e+00	1.180566747003553e+00
3.800000000000000e+00	1.064200762674134e+00
3.800000000000000e+00	1.026719524859458e+00
3.800000000000000e+00	9.958832609252116e-01
3.800000000000000e+00	1.092285715204816e+00
3.800000000000000e+00	1.089803147655992e+00
3.800000000000000e+00	1.191823866180192e+00
3.800000000000000e+00	1.089135122225335e+00
3.800000000000000e+00	1.159315015342252e+00
3.800000000000000e+00	1.169308923642519e+00
3.800000000000000e+00	1.087721374532511e+00
3.800000000000000e+00	1.004451000855683e+00
3.800000000000000e+00	1.041454086893364e+00
3.800000000000000e+00	1.070847280893494e+00
3.800000000000000e+00	1.099329740695833e+00
3.800000000000000e+00	1.154757709492341e+00
3.800000000000000e+00	1.103072894113492e+00
3.800000000000000e+00	1.073328000214777e+00
3.800000000000000e+00	1.075557998681704e+00
3.800000000000000e+00	1.115974167805664e+00
3.800000000000000e+00	1.143942246154321e+00
3.800000000000000e+00	1.128795520283047e+00
3.800000000000000e+00	1.094983254346762e+00
3.800000000000000e+00	1.040512747711800e+00
3.800000000000000e+00	1.067716416325245e+00
3.800000000000000e+00	1.118165834805386e+00
3.800000000000000e+00	1.076542691092428e+00
3.800000000000000e+00	1.140382804170976e+00
3.800000000000000e+00	1.027558447071388e+00
3.800000000000000e+00	1.049751510513290e+00
3.800000000000000e+00	1.233611425277190e+00
3.800000000000000e+00	1.161937627876384e+00
3.800000000000000e+00	1.156301427586012e+00
3.800000000000000e+00	1.208790442658888e+00
3.800000000000000e+00	1.160107033819212e+00
3.800000000000000e+00	1.145934546967601e+00
3.800000000000000e+00	1.068412458563162e+00
3.800000000000000e+00	1.167508522763289e+00
3.800000000000000e+00	1.107261348466452e+00
3.800000000000000e+00	1.018736742339026e+00
3.800000000000000e+00	1.149418571378237e+00
3.800000000000000e+00	1.093458937978817e+00
3.800000000000000e+00	1.122357544519949e+00
3.800000000000000e+00	1.106448169529693e+00
3.800000000000000e+00	1.097983900664777e+00
3.800000000000000e+00	1.142011419949725e+00
3.800000000000000e+00	1.159155596664004e+00
3.800000000000000e+00	1.152530032114901e+00
3.800000000000000e+00	1.032422015431994e+00
3.800000000000000e+00	1.068526395951570e+00
3.800000000000000e+00	1.047412594504867e+00
3.800000000000000e+00	1.201090488910638e+00
3.800000000000000e+00	1.131241171592565e+00
3.800000000000000e+00	1.002406786890480e+00
3.800000000000000e+00	1.114595662809559e+00
3.800000000000000e+00	1.157134459937949e+00
3.800000000000000e+00	1.095500111839179e+00
3.800000000000000e+00	1.129488229866330e+00
3.800000000000000e+00	1.113012218425179e+00
3.800000000000000e+00	1.047235753209357e+00
3.800000000000000e+00	1.053203034744507e+00
3.800000000000000e+00	1.088181566005591e+00
3.800000000000000e+00	1.114678448662531e+00
3.800000000000000e+00	1.096248139942772e+00
3.800000000000000e+00	1.037402679039405e+00
3.800000000000000e+00	1.166664361672481e+00
3.800000000000000e+00	1.216242377413317e+00
3.800000000000000e+00	1.180660361672072e+00
3.800000000000000e+00	1.128173906104721e+00
3.800000000000000e+00	1.117879600395828e+00
3.800000000000000e+00	1.122503781469889e+00
3.800000000000000e+00	1.097558316246493e+00
3.800000000000000e+00	1.087105228681800e+00
3.800000000000000e+00	1.161554932522220e+00
3.800000000000000e+00	1.177572367469393e+00
3.800000000000000e+00	1.082332999634041e+00
3.800000000000000e+00	1.139827455138626e+00
3.800000000000000e+00	9.929156635427354e-01
3.800000000000000e+00	1.133964164400926e+00
3.800000000000000e+00	1.050877657200015e+00
3.800000000000000e+00	1.023505143640633e+00
3.800000000000000e+00	1.078358835116684e+00
3.800000000000000e+00	1.149286758455148e+00
3.800000000000000e+00	1.162711778090700e+00
3.800000000000000e+00	1.142668752050775e+00
3.800000000000000e+00	1.116925033090250e+00
3.800000000000000e+00	1.110300220337292e+00
3.800000000000000e+00	1.185991271514401e+00
3.800000000000000e+00	1.102765789672513e+00
3.800000000000000e+00	1.099557447869985e+00
3.800000000000000e+00	1.147858420351936e+00
3.800000000000000e+00	1.102158210973911e+00
3.800000000000000e+00	1.065296518408881e+00
3.800000000000000e+00	1.051841185171648e+00
3.800000000000000e+00	1.107184287562375e+00
3.800000000000000e+00	1.072093000331744e+00
3.800000000000000e+00	1.077220102167376e+00
3.800000000000000e+00	1.114626430628416e+00
3.800000000000000e+00	1.108074012962694e+00
3.800000000000000e+00	1.128503088852054e+00
3.800000000000000e+00	1.180422787486011e+00
3.800000000000000e+00	1.082534428739915e+00
3.800000000000000e+00	1.196769852980670e+00
3.800000000000000e+00	1.078028695362443e+00
3.800000000000000e+00	1.119251807143274e+00
3.800000000000000e+00	1.116327810663414e+00
3.800000000000000e+00	1.093424638683232e+00
3.800000000000000e+00	1.050301837165932e+00
3.800000000000000e+00	1.155284525387404e+00
3.800000000000000e+00	1.090650850213309e+00
3.800000000000000e+00	1.088869310752976e+00
3.800000000000000e+00	1.091888505284206e+00
3.800000000000000e+00	1.140317774468351e+00
3.800000000000000e+00	1.113111958694798e+00
3.800000000000000e+00	1.064006748668730e+00
3.800000000000000e+00	1.087868630892615e+00
3.800000000000000e+00	1.035378792479349e+00
3.800000000000000e+00	1.076329489822495e+00
3.800000000000000e+00	1.117399244235819e+00
3.800000000000000e+00	1.124904019046879e+00
3.800000000000000e+00	1.147871243326985e+00
3.800000000000000e+00	1.080294268943195e+00
3.800000000000000e+00	1.066489209037701e+00
3.800000000000000e+00	1.126847690802461e+00
3.800000000000000e+00	1.103609628499066e+00
3.800000000000000e+00	1.025015905568585e+00
3.800000000000000e+00	1.029682075675488e+00
3.800000000000000e+00	1.089392480547318e+00
3.800000000000000e+00	1.083480409764542e+00
3.800000000000000e+00	1.165104567245864e+00
3.800000000000000e+00	1.111762237770827e+00
3.800000000000000e+00	1.039105667987577e+00
3.800000000000000e+00	1.102317051118116e+00
3.800000000000000e+00	1.222159965316572e+00
3.800000000000000e+00	1.111381063276877e+00
3.800000000000000e+00	1.107297013173679e+00
3.800000000000000e+00	1.133729567218754e+00
3.800000000000000e+00	1.099204080686942e+00
3.800000000000000e+00	1.030645316206803e+00
3.800000000000000e+00	1.110861286443938e+00
3.800000000000000e+00	1.123165599452658e+00
3.800000000000000e+00	1.119720077912727e+00
3.800000000000000e+00	1.078144543176228e+00
3.800000000000000e+00	1.102680369623193e+00
3.800000000000000e+00	1.163031893150988e+00
3.800000000000000e+00	9.720261425053991e-01
3.800000000000000e+00	1.039090275854174e+00
3.800000000000000e+00	1.049000348039619e+00
3.800000000000000e+00	1.088904623966036e+00
3.800000000000000e+00	1.028758440442434e+00
3.800000000000000e+00	1.067288644347133e+00
3.800000000000000e+00	1.086545694391314e+00
3.800000000000000e+00	1.104818294363639e+00
3.800000000000000e+00	1.100193354099619e+00
3.800000000000000e+00	1.086148880614434e+00
3.800000000000000e+00	1.204822674032956e+00
3.800000000000000e+00	1.113702070447137e+00
3.800000000000000e+00	1.062112043761188e+00
3.800000000000000e+00	1.207776332587925e+00
3.800000000000000e+00	1.097871128151411e+00
3.800000000000000e+00	1.199698487087790e+00
3.800000000000000e+00	1.149758311074464e+00
3.800000000000000e+00	1.099611948525465e+00
3.800000000000000e+00	1.043132324258943e+00
3.800000000000000e+00	1.081498659981114e+00
3.800000000000000e+00	1.148337190036393e+00
3.800000000000000e+00	1.015383402670533e+00
3.800000000000000e+00	1.141037851381244e+00
3.800000000000000e+00	1.095371338079544e+00
3.800000000000000e+00	9.871332707275340e-01
3.800000000000000e+00	1.104968543480629e+00
3.800000000000000e+00	1.128157395228089e+00
3.800000000000000e+00	1.134261534636048e+00
3.800000000000000e+00	1.145891202912412e+00
3.800000000000000e+00	1.123782639091530e+00
3.800000000000000e+00	1.153153569839591e+00
3.800000000000000e+00	1.080911358393763e+00
3.800000000000000e+00	1.101908385602408e+00
3.800000000000000e+00	1.146522622013085e+00
3.800000000000000e+00	1.166027397180540e+00
3.800000000000000e+00	1.161704316825068e+00
3.800000000000000e+00	1.012232810464765e+00
3.800000000000000e+00	1.060944273667070e+00
3.800000000000000e+00	1.118087916856458e+00
3.800000000000000e+00	1.229515595781023e+00
3.800000000000000e+00	1.185753477932610e+00
3.800000000000000e+00	1.157250947730289e+00
3.800000000000000e+00	1.149602355590271e+00
3.800000000000000e+00	1.179541722377880e+00
3.800000000000000e+00	1.080862299932986e+00
3.800000000000000e+00	1.158437161328199e+00
3.800000000000000e+00	1.125704083578666e+00
3.800000000000000e+00	1.075264554983728e+00
3.800000000000000e+00	1.108822907321568e+00
3.800000000000000e+00	1.087262157723306e+00
3.800000000000000e+00	1.062742247961818e+00
3.800000000000000e+00	1.012817025954834e+00
3.800000000000000e+00	1.123756786999661e+00
3.800000000000000e+00	1.038589472895231e+00
3.800000000000000e+00	1.100326669404567e+00
3.800000000000000e+00	1.099553225735510e+00
3.800000000000000e+00	1.095333304447062e+00
3.800000000000000e+00	1.077934340269710e+00
3.800000000000000e+00	1.158198486310691e+00
3.800000000000000e+00	1.195713119657053e+00
3.800000000000000e+00	1.067395437700352e+00
3.800000000000000e+00	1.170385428933046e+00
3.800000000000000e+00	1.014066154861095e+00
3.800000000000000e+00	1.095513550578051e+00
3.800000000000000e+00	1.037005014715839e+00
3.800000000000000e+00	1.079928154142333e+00
3.800000000000000e+00	1.127727117903419e+00
3.800000000000000e+00	1.071576099466546e+00
3.800000000000000e+00	1.069721535758059e+00
3.800000000000000e+00	1.192111706844435e+00
3.800000000000000e+00	9.979848514348372e-01
3.800000000000000e+00	1.138184565992737e+00
3.800000000000000e+00	1.205834630415395e+00
3.800000000000000e+00	1.060822967179377e+00
3.800000000000000e+00	1.173682059316038e+00
3.800000000000000e+00	1.177720922104394e+00
3.800000000000000e+00	1.089049504976159e+00
3.800000000000000e+00	1.038309290834724e+00
3.800000000000000e+00	1.134790812202217e+00
3.800000000000000e+00	1.135526791001378e+00
3.800000000000000e+00	1.106206463839978e+00
3.800000000000000e+00	1.157655183940361e+00
3.800000000000000e+00	1.095445651255692e+00
3.800000000000000e+00	1.150080285500663e+00
3.800000000000000e+00	1.063828094430381e+00
3.800000000000000e+00	1.126489942532905e+00
3.800000000000000e+00	1.155188991088404e+00
3.800000000000000e+00	1.172810653320038e+00
3.800000000000000e+00	1.134514697126825e+00
3.800000000000000e+00	1.144891524980547e+00
3.800000000000000e+00	1.025741713066042e+00
3.800000000000000e+00	1.124065962003701e+00
3.800000000000000e+00	1.111890687064669e+00
3.800000000000000e+00	1.099884931704189e+00
3.800000000000000e+00	1.040751333952247e+00
3.800000000000000e+00	1.082034036301856e+00
3.800000000000000e+00	1.151567528694328e+00
3.800000000000000e+00	1.103747701386391e+00
3.800000000000000e+00	1.038790745851441e+00
3.800000000000000e+00	1.198124125991100e+00
3.800000000000000e+00	1.139396823242265e+00
3.800000000000000e+00	1.114879995999142e+00
3.800000000000000e+00	1.154325510496614e+00
3.800000000000000e+00	1.095376355345951e+00
3.800000000000000e+00	1.223859566418090e+00
3.800000000000000e+00	1.208048866104120e+00
3.800000000000000e+00	1.075156723278087e+00
3.800000000000000e+00	1.135663595241317e+00
3.800000000000000e+00	1.129390750944191e+00
3.800000000000000e+00	1.042399140803715e+00
3.800000000000000e+00	1.146983646698466e+00
3.800000000000000e+00	1.155359985573849e+00
3.800000000000000e+00	1.131816929702717e+00
3.800000000000000e+00	1.044049912984341e+00
3.800000000000000e+00	1.143509651897485e+00
3.800000000000000e+00	1.128350668209953e+00
3.800000000000000e+00	1.149753081458278e+00
3.800000000000000e+00	1.104617686618579e+00
3.800000000000000e+00	1.069408035230157e+00
3.800000000000000e+00	1.118229484268692e+00
3.800000000000000e+00	1.064872192447924e+00
3.800000000000000e+00	1.180293442981158e+00
3.800000000000000e+00	1.188918038653985e+00
3.800000000000000e+00	1.198449348513061e+00
3.800000000000000e+00	1.168428050734490e+00
3.800000000000000e+00	1.012702200694284e+00
3.800000000000000e+00	1.089854769967881e+00
3.800000000000000e+00	1.088372363020103e+00
3.800000000000000e+00	1.099331136764331e+00
3.800000000000000e+00	1.145792043611493e+00
3.800000000000000e+00	1.093393359016098e+00
3.800000000000000e+00	1.152856118108083e+00
3.800000000000000e+00	9.731299659692323e-01
3.800000000000000e+00	1.076832213612182e+00
3.800000000000000e+00	1.129205879671906e+00
3.800000000000000e+00	1.033756841402777e+00
3.800000000000000e+00	1.135632965494651e+00
3.800000000000000e+00	1.108542266072115e+00
3.800000000000000e+00	1.135045619447042e+00
3.800000000000000e+00	1.166733873708633e+00
3.800000000000000e+00	1.078848383130318e+00
3.800000000000000e+00	1.035752076372789e+00
3.800000000000000e+00	1.171726477019841e+00
3.800000000000000e+00	1.069527573596418e+00
3.800000000000000e+00	9.531243956960362e-01
3.800000000000000e+00	1.039867389787803e+00
3.800000000000000e+00	1.051032557268242e+00
3.800000000000000e+00	1.149904051551459e+00
3.800000000000000e+00	1.090507024603817e+00
3.800000000000000e+00	1.171877754207403e+00
3.800000000000000e+00	1.115851422996943e+00
3.800000000000000e+00	1.164969105112423e+00
3.800000000000000e+00	1.060491323369813e+00
3.800000000000000e+00	1.100106012108042e+00
3.800000000000000e+00	1.066099499798355e+00
3.800000000000000e+00	1.083076048037806e+00
3.800000000000000e+00	1.125335086794221e+00
3.800000000000000e+00	1.130965056541540e+00
3.800000000000000e+00	1.199994535440901e+00
3.800000000000000e+00	1.250441002761955e+00
3.800000000000000e+00	1.259405416612431e+00
3.800000000000000e+00	1.118487793249697e+00
3.800000000000000e+00	1.023432311947972e+00
3.800000000000000e+00	1.086179594297468e+00
3.800000000000000e+00	1.164406005333561e+00
3.800000000000000e+00	1.181610632715970e+00
3.800000000000000e+00	1.082001519177907e+00
3.800000000000000e+00	1.157656134131328e+00
3.800000000000000e+00	1.100693507152865e+00
3.800000000000000e+00	1.131967208597878e+00
3.800000000000000e+00	1.115216375134714e+00
3.800000000000000e+00	1.134840981073333e+00
3.800000000000000e+00	1.120933187246162e+00
3.800000000000000e+00	1.133641792208918e+00
3.800000000000000e+00	1.067455291564711e+00
3.800000000000000e+00	1.062749611310195e+00
3.800000000000000e+00	1.057145311926534e+00
3.800000000000000e+00	1.075183811059067e+00
3.800000000000000e+00	1.146264364677432e+00
3.800000000000000e+00	1.017865980687202e+00
3.800000000000000e+00	1.141337496085891e+00
3.800000000000000e+00	1.068220259806521e+00
3.800000000000000e+00	1.035920260221258e+00
3.800000000000000e+00	1.115631734004531e+00
3.800000000000000e+00	1.224018175454082e+00
3.800000000000000e+00	1.026647219799687e+00
3.800000000000000e+00	1.101346936114079e+00
3.800000000000000e+00	1.106857085560765e+00
3.800000000000000e+00	1.111578984091853e+00
3.800000000000000e+00	1.070441740076024e+00
3.800000000000000e+00	1.085575615494616e+00
3.800000000000000e+00	1.050122513724419e+00
3.800000000000000e+00	1.049424395485355e+00
3.800000000000000e+00	1.130069003116051e+00
3.800000000000000e+00	1.077560396758046e+00
3.800000000000000e+00	1.100882551627909e+00
3.800000000000000e+00	1.120828911375265e+00
3.800000000000000e+00	9.633317235289783e-01
3.800000000000000e+00	1.097235512022672e+00
3.800000000000000e+00	1.035507311771879e+00
3.800000000000000e+00	1.097787534271362e+00
3.800000000000000e+00	1.006050451387730e+00
3.800000000000000e+00	1.022500700094182e+00
3.800000000000000e+00	1.085093766409340e+00
3.800000000000000e+00	1.075266017765919e+00
3.800000000000000e+00	1.142715260856946e+00
3.800000000000000e+00	1.042379406546209e+00
3.800000000000000e+00	1.117508473863952e+00
3.800000000000000e+00	1.137158871161100e+00
3.800000000000000e+00	1.076646847418697e+00
3.800000000000000e+00	9.797550531919051e-01
3.800000000000000e+00	1.116794672368207e+00
3.800000000000000e+00	1.117608440551809e+00
3.800000000000000e+00	1.070251083367114e+00
3.800000000000000e+00	1.037268503321843e+00
3.800000000000000e+00	1.142456242923136e+00
3.800000000000000e+00	1.086969198256575e+00
3.800000000000000e+00	1.081136473287391e+00
3.800000000000000e+00	1.167819724980114e+00
3.800000000000000e+00	1.078334621285858e+00
3.800000000000000e+00	1.073832791129134e+00
3.800000000000000e+00	1.065581115663663e+00
3.800000000000000e+00	1.123827103320002e+00
3.800000000000000e+00	1.093396672648351e+00
3.800000000000000e+00	1.173067442258635e+00
3.800000000000000e+00	1.099276647793679e+00
3.800000000000000e+00	1.197725871852852e+00
3.800000000000000e+00	1.117491705140764e+00
3.800000000000000e+00	1.072160784019021e+00
3.800000000000000e+00	1.203938174738779e+00
3.800000000000000e+00	1.094241883368337e+00
3.800000000000000e+00	1.160790950913484e+00
3.800000000000000e+00	1.077788471201510e+00
3.800000000000000e+00	1.128182640753513e+00
3.800000000000000e+00	1.133370149121317e+00
3.800000000000000e+00	1.234010386260673e+00
3.800000000000000e+00	1.043458756515747e+00
3.800000000000000e+00	1.080937044490906e+00
3.800000000000000e+00	1.086787628210520e+00
3.800000000000000e+00	1.073648358961565e+00
3.800000000000000e+00	1.161090169760371e+00
3.800000000000000e+00	1.031931286140504e+00
3.800000000000000e+00	1.202735640752509e+00
3.800000000000000e+00	1.061848978669727e+00
3.800000000000000e+00	1.113043964524173e+00
3.800000000000000e+00	1.156560608776602e+00
3.800000000000000e+00	1.051937335055545e+00
3.800000000000000e+00	1.047354394685886e+00
3.800000000000000e+00	1.091424133243192e+00
3.800000000000000e+00	1.110326544299368e+00
3.800000000000000e+00	1.077562459239909e+00
3.800000000000000e+00	1.123551377906448e+00
3.800000000000000e+00	1.082873123624265e+00
3.800000000000000e+00	1.049778596178198e+00
3.800000000000000e+00	1.008577809251977e+00
3.800000000000000e+00	1.142120362570899e+00
3.800000000000000e+00	1.202520438351319e+00
3.800000000000000e+00	1.128655389844394e+00
3.800000000000000e+00	1.175027334091507e+00
3.800000000000000e+00	1.104238920511041e+00
3.800000000000000e+00	1.192991638330267e+00
3.800000000000000e+00	1.107178909703509e+00
3.800000000000000e+00	1.096478164918287e+00
3.800000000000000e+00	1.135975141009788e+00
3.800000000000000e+00	1.039110483850501e+00
3.800000000000000e+00	1.068095658169354e+00
3.800000000000000e+00	1.062637583446737e+00
3.800000000000000e+00	1.130908175905684e+00
3.800000000000000e+00	1.087559154916204e+00
3.800000000000000e+00	1.179594376585064e+00
3.800000000000000e+00	1.177224498814093e+00
3.800000000000000e+00	1.014459691659732e+00
3.800000000000000e+00	1.105489992893492e+00
3.800000000000000e+00	1.064297786511291e+00
3.800000000000000e+00	1.021083538779254e+00
3.800000000000000e+00	1.031589446664954e+00
3.800000000000000e+00	1.128607725402334e+00
3.800000000000000e+00	1.094204981536496e+00
3.800000000000000e+00	1.097869891240406e+00
3.800000000000000e+00	1.092089676067693e+00
3.800000000000000e+00	1.140770287086176e+00
3.800000000000000e+00	1.159007721636021e+00
3.800000000000000e+00	1.072497808547743e+00
3.800000000000000e+00	1.148289389390398e+00
3.800000000000000e+00	1.138649704280238e+00
3.800000000000000e+00	1.119852086577345e+00
3.800000000000000e+00	1.082067400967867e+00
3.800000000000000e+00	1.174249852238167e+00
3.800000000000000e+00	1.172071906429008e+00
3.800000000000000e+00	1.080047820728932e+00
3.800000000000000e+00	1.085772560055557e+00
3.800000000000000e+00	1.251394557344150e+00
3.800000000000000e+00	1.138049098707700e+00
3.800000000000000e+00	1.074439371088123e+00
3.800000000000000e+00	1.044844846967421e+00
3.800000000000000e+00	1.112230457326358e+00
3.800000000000000e+00	1.146754815591334e+00
3.800000000000000e+00	1.077122113026074e+00
3.800000000000000e+00	1.043287459754373e+00
3.800000000000000e+00	1.042725628046437e+00
3.800000000000000e+00	1.190583696095429e+00
3.800000000000000e+00	1.041697788153315e+00
3.800000000000000e+00	1.043918511138905e+00
3.800000000000000e+00	1.142721914302911e+00
3.800000000000000e+00	1.051032734363395e+00
3.800000000000000e+00	1.060527376003237e+00
3.800000000000000e+00	1.151404585999856e+00
3.800000000000000e+00	1.016808617623005e+00
3.800000000000000e+00	1.068609585174522e+00
3.800000000000000e+00	1.160349665265598e+00
3.800000000000000e+00	1.123982153529925e+00
3.800000000000000e+00	1.043483736306812e+00
3.800000000000000e+00	1.105447227579376e+00
3.800000000000000e+00	9.847565925174301e-01
3.800000000000000e+00	1.098482080197160e+00
3.800000000000000e+00	1.090795932093585e+00
3.800000000000000e+00	1.068241785858081e+00
3.800000000000000e+00	1.103322817898295e+00
3.800000000000000e+00	1.162974353197286e+00
3.800000000000000e+00	1.193551968571779e+00
3.800000000000000e+00	1.185875881486245e+00
3.800000000000000e+00	1.188885183365570e+00
3.800000000000000e+00	1.091279085281346e+00
3.800000000000000e+00	1.067001708931388e+00
3.800000000000000e+00	1.099040445612867e+00
3.800000000000000e+00	1.099534449192926e+00
3.800000000000000e+00	1.036980337992101e+00
3.800000000000000e+00	1.059184464999787e+00
3.800000000000000e+00	9.765443421489765e-01
3.800000000000000e+00	1.106830778643487e+00
3.800000000000000e+00	1.106493287261758e+00
3.800000000000000e+00	1.117571036060419e+00
3.800000000000000e+00	1.068390746842589e+00
3.800000000000000e+00	1.095044131002259e+00
3.800000000000000e+00	1.132274424185318e+00
3.800000000000000e+00	1.143296555209961e+00
3.800000000000000e+00	1.077226567326955e+00
3.800000000000000e+00	9.994242465853873e-01
3.800000000000000e+00	1.087015104708600e+00
3.800000000000000e+00	1.051931326182678e+00
