3.800000000000000e+00	4.764264391834036e+00
3.800000000000000e+00	4.659395685304487e+00
3.800000000000000e+00	4.841432830708299e+00
3.800000000000000e+00	4.833788599630820e+00
3.800000000000000e+00	4.837347034462804e+00
3.800000000000000e+00	4.874999518111048e+00
3.800000000000000e+00	4.821552733026664e+00
3.800000000000000e+00	4.608731095383375e+00
3.800000000000000e+00	4.867893423596387e+00
3.800000000000000e+00	4.696896034099020e+00
3.800000000000000e+00	4.867536066332899e+00
3.800000000000000e+00	4.678158105154479e+00
3.800000000000000e+00	4.790672300653764e+00
3.800000000000000e+00	4.793637480214102e+00
3.800000000000000e+00	4.776126665332900e+00
3.800000000000000e+00	4.812409124695872e+00
3.800000000000000e+00	4.826924900502013e+00
3.800000000000000e+00	4.696798242718086e+00
3.800000000000000e+00	4.797595377917407e+00
3.800000000000000e+00	4.824735882804131e+00
3.800000000000000e+00	4.758309732501728e+00
3.800000000000000e+00	4.835527955161975e+00
3.800000000000000e+00	4.782595927379003e+00
3.800000000000000e+00	4.760464077913808e+00
3.800000000000000e+00	4.724782916036269e+00
3.800000000000000e+00	4.725218753770591e+00
3.800000000000000e+00	4.696683771525796e+00
3.800000000000000e+00	4.706528237934251e+00
3.800000000000000e+00	4.704157656714091e+00
3.800000000000000e+00	4.867379623185229e+00
3.800000000000000e+00	4.851662088545628e+00
3.800000000000000e+00	4.862505436559107e+00
3.800000000000000e+00	4.721035963419641e+00
3.800000000000000e+00	4.845022146269069e+00
3.800000000000000e+00	4.781311294163286e+00
3.800000000000000e+00	4.749565626417193e+00
3.800000000000000e+00	4.663201561497551e+00
3.800000000000000e+00	4.677789358731648e+00
3.800000000000000e+00	4.763644648593965e+00
3.800000000000000e+00	4.780397467155603e+00
3.800000000000000e+00	4.647989871464062e+00
3.800000000000000e+00	4.781070529313303e+00
3.800000000000000e+00	4.698049531815596e+00
3.800000000000000e+00	4.721505566936608e+00
3.800000000000000e+00	4.788975423286430e+00
3.800000000000000e+00	4.731446953570558e+00
3.800000000000000e+00	4.707959976826470e+00
3.800000000000000e+00	4.849981774135514e+00
3.800000000000000e+00	4.917669883252941e+00
3.800000000000000e+00	4.710527112431769e+00
3.800000000000000e+00	4.666115128663979e+00
3.800000000000000e+00	4.827118273656740e+00
3.800000000000000e+00	4.708386148359098e+00
3.800000000000000e+00	4.784747785517603e+00
3.800000000000000e+00	4.720015303877172e+00
3.800000000000000e+00	4.712731145792334e+00
3.800000000000000e+00	4.670089815607979e+00
3.800000000000000e+00	4.703297676758849e+00
3.800000000000000e+00	4.739443985696349e+00
3.800000000000000e+00	4.784951271221860e+00
3.800000000000000e+00	4.814621786967218e+00
3.800000000000000e+00	4.762196366678531e+00
3.800000000000000e+00	4.671352678199859e+00
3.800000000000000e+00	4.888970283922452e+00
3.800000000000000e+00	4.742983171812326e+00
3.800000000000000e+00	4.738058103139478e+00
3.800000000000000e+00	4.688536899334244e+00
3.800000000000000e+00	4.746380890079241e+00
3.800000000000000e+00	4.734609882214778e+00
3.800000000000000e+00	4.810622854196194e+00
3.800000000000000e+00	4.863652256144232e+00
3.800000000000000e+00	4.813806761603453e+00
3.800000000000000e+00	4.800907580266518e+00
3.800000000000000e+00	4.747855357990701e+00
3.800000000000000e+00	4.738989302700165e+00
3.800000000000000e+00	4.713927076952046e+00
3.800000000000000e+00	4.673563258021110e+00
3.800000000000000e+00	4.864673575351693e+00
3.800000000000000e+00	4.832167908789101e+00
3.800000000000000e+00	4.769179886602322e+00
3.800000000000000e+00	4.725510219386644e+00
3.800000000000000e+00	4.838436370515343e+00
3.800000000000000e+00	4.845189602936618e+00
3.800000000000000e+00	4.852322789367994e+00
3.800000000000000e+00	4.796030150480066e+00
3.800000000000000e+00	4.831637751926844e+00
3.800000000000000e+00	4.824562457004900e+00
3.800000000000000e+00	4.753752757608658e+00
3.800000000000000e+00	4.663628772814993e+00
3.800000000000000e+00	4.785646054044387e+00
3.800000000000000e+00	4.702735536381986e+00
3.800000000000000e+00	4.689792933338757e+00
3.800000000000000e+00	4.840357976135965e+00
3.800000000000000e+00	4.816406595684599e+00
3.800000000000000e+00	4.764197586035870e+00
3.800000000000000e+00	4.929468814895092e+00
3.800000000000000e+00	4.780213571350730e+00
3.800000000000000e+00	4.754719068030335e+00
3.800000000000000e+00	4.796872027866167e+00
3.800000000000000e+00	4.711680325970953e+00
3.800000000000000e+00	4.662548743219903e+00
3.800000000000000e+00	4.647883217625798e+00
3.800000000000000e+00	4.777050319457100e+00
3.800000000000000e+00	4.781489585727673e+00
3.800000000000000e+00	4.805248510257892e+00
3.800000000000000e+00	4.792739723733671e+00
3.800000000000000e+00	4.835323203000454e+00
3.800000000000000e+00	4.619769732681159e+00
3.800000000000000e+00	4.922639024255224e+00
3.800000000000000e+00	4.776122310239932e+00
3.800000000000000e+00	4.872433227306855e+00
3.800000000000000e+00	4.768210016385505e+00
3.800000000000000e+00	4.729554878972325e+00
3.800000000000000e+00	4.780375544326711e+00
3.800000000000000e+00	4.681367454448410e+00
3.800000000000000e+00	4.734127042525107e+00
3.800000000000000e+00	4.750431289894198e+00
3.800000000000000e+00	4.741589394135554e+00
3.800000000000000e+00	4.725684464500574e+00
3.800000000000000e+00	4.772209203943205e+00
3.800000000000000e+00	4.652346768616196e+00
3.800000000000000e+00	4.664962801002753e+00
3.800000000000000e+00	4.930324366939768e+00
3.800000000000000e+00	4.686538008173426e+00
3.800000000000000e+00	4.784693796839088e+00
3.800000000000000e+00	4.734015401835662e+00
3.800000000000000e+00	4.900261217415798e+00
3.800000000000000e+00	4.824645368393059e+00
3.800000000000000e+00	4.792021872929020e+00
3.800000000000000e+00	4.776821925402259e+00
3.800000000000000e+00	4.599817445728507e+00
3.800000000000000e+00	4.772645056383128e+00
3.800000000000000e+00	4.849123290422358e+00
3.800000000000000e+00	4.848059238901962e+00
3.800000000000000e+00	4.715068708168994e+00
3.800000000000000e+00	4.855226625030244e+00
3.800000000000000e+00	4.634738489568810e+00
3.800000000000000e+00	4.709207797941559e+00
3.800000000000000e+00	4.826739592724265e+00
3.800000000000000e+00	4.645394991775177e+00
3.800000000000000e+00	4.763221224813746e+00
3.800000000000000e+00	4.806092026365076e+00
3.800000000000000e+00	4.626226636443300e+00
3.800000000000000e+00	4.776641814440519e+00
3.800000000000000e+00	4.796773683385343e+00
3.800000000000000e+00	4.686257223878408e+00
3.800000000000000e+00	4.710568422696912e+00
3.800000000000000e+00	4.793088063268646e+00
3.800000000000000e+00	4.713114868739754e+00
3.800000000000000e+00	4.782053793017427e+00
3.800000000000000e+00	4.853189327990357e+00
3.800000000000000e+00	4.733030879371622e+00
3.800000000000000e+00	4.752719873859936e+00
3.800000000000000e+00	4.611147308021478e+00
3.800000000000000e+00	4.789435817207708e+00
3.800000000000000e+00	4.866216991982357e+00
3.800000000000000e+00	4.771556876817247e+00
3.800000000000000e+00	4.854266881428254e+00
3.800000000000000e+00	4.934145124657728e+00
3.800000000000000e+00	4.810177717863164e+00
3.800000000000000e+00	4.798080106325823e+00
3.800000000000000e+00	4.797433920207509e+00
3.800000000000000e+00	4.643100086843186e+00
3.800000000000000e+00	4.800422045336888e+00
3.800000000000000e+00	4.867360761347580e+00
3.800000000000000e+00	4.751933944022768e+00
3.800000000000000e+00	4.739058995855644e+00
3.800000000000000e+00	4.724649926479398e+00
3.800000000000000e+00	4.742650438955538e+00
3.800000000000000e+00	4.718645320543238e+00
3.800000000000000e+00	4.629863603014727e+00
3.800000000000000e+00	4.764316971047514e+00
3.800000000000000e+00	4.851003136161324e+00
3.800000000000000e+00	4.786456792096700e+00
3.800000000000000e+00	4.821561453418150e+00
3.800000000000000e+00	4.685956407859095e+00
3.800000000000000e+00	4.688759365527881e+00
3.800000000000000e+00	4.680807012184725e+00
3.800000000000000e+00	4.782256202305099e+00
3.800000000000000e+00	4.735142469964897e+00
3.800000000000000e+00	4.762569367338779e+00
3.800000000000000e+00	4.739645825648934e+00
3.800000000000000e+00	4.651948269534428e+00
3.800000000000000e+00	4.848796002729284e+00
3.800000000000000e+00	4.831580236409540e+00
3.800000000000000e+00	4.742679469488830e+00
3.800000000000000e+00	4.792290420325472e+00
3.800000000000000e+00	4.708947802117763e+00
3.800000000000000e+00	4.785753668743294e+00
3.800000000000000e+00	4.715526864973080e+00
3.800000000000000e+00	4.737772743276020e+00
3.800000000000000e+00	4.700119163611191e+00
3.800000000000000e+00	4.782014474338524e+00
3.800000000000000e+00	4.763078376985480e+00
3.800000000000000e+00	4.911251307796975e+00
3.800000000000000e+00	4.753053819695073e+00
3.800000000000000e+00	4.692428714355444e+00
3.800000000000000e+00	4.854650415983567e+00
3.800000000000000e+00	4.849387476179272e+00
3.800000000000000e+00	4.752038852262035e+00
3.800000000000000e+00	4.615218942026530e+00
3.800000000000000e+00	4.923383890347006e+00
3.800000000000000e+00	4.697146551097331e+00
3.800000000000000e+00	4.832541490607110e+00
3.800000000000000e+00	4.671608700159251e+00
3.800000000000000e+00	4.778035213841777e+00
3.800000000000000e+00	4.664405043013768e+00
3.800000000000000e+00	4.839690708243621e+00
3.800000000000000e+00	4.756604372810585e+00
3.800000000000000e+00	4.734462747459578e+00
3.800000000000000e+00	4.707588246691220e+00
3.800000000000000e+00	4.773961482270884e+00
3.800000000000000e+00	4.737708137497158e+00
3.800000000000000e+00	4.795684299091902e+00
3.800000000000000e+00	4.822841350701907e+00
3.800000000000000e+00	4.838049592810748e+00
3.800000000000000e+00	4.708566228945424e+00
3.800000000000000e+00	4.749934194274521e+00
3.800000000000000e+00	4.762828924249852e+00
3.800000000000000e+00	4.674531438790995e+00
3.800000000000000e+00	4.814384409803043e+00
3.800000000000000e+00	4.804594098118032e+00
3.800000000000000e+00	4.765101195048043e+00
3.800000000000000e+00	4.828810268988346e+00
3.800000000000000e+00	4.742584769029915e+00
3.800000000000000e+00	4.775913903982511e+00
3.800000000000000e+00	4.725501807931114e+00
3.800000000000000e+00	4.797351671130444e+00
3.800000000000000e+00	4.796469336374622e+00
3.800000000000000e+00	4.900497197017160e+00
3.800000000000000e+00	4.769492896221001e+00
3.800000000000000e+00	4.845998299747764e+00
3.800000000000000e+00	4.633519914462045e+00
3.800000000000000e+00	4.632022711678124e+00
3.800000000000000e+00	4.828639517275093e+00
3.800000000000000e+00	4.748265779664718e+00
3.800000000000000e+00	4.858532593400831e+00
3.800000000000000e+00	4.793226868114109e+00
3.800000000000000e+00	4.789144185017172e+00
3.800000000000000e+00	4.800877879119058e+00
3.800000000000000e+00	4.778213285441161e+00
3.800000000000000e+00	4.841213119012926e+00
3.800000000000000e+00	4.838755560729078e+00
3.800000000000000e+00	4.778144242290496e+00
3.800000000000000e+00	4.647059766906710e+00
3.800000000000000e+00	4.809549880894429e+00
3.800000000000000e+00	4.796982617793031e+00
3.800000000000000e+00	4.801192564003855e+00
3.800000000000000e+00	4.697666779756087e+00
3.800000000000000e+00	4.773736419693385e+00
3.800000000000000e+00	4.825727296129767e+00
3.800000000000000e+00	4.711780486694247e+00
3.800000000000000e+00	4.721594456345260e+00
3.800000000000000e+00	4.748935188896857e+00
3.800000000000000e+00	4.759062358182646e+00
3.800000000000000e+00	4.778571485315809e+00
3.800000000000000e+00	4.670839883715020e+00
3.800000000000000e+00	4.793883503866138e+00
3.800000000000000e+00	4.813469359860721e+00
3.800000000000000e+00	4.806765381818135e+00
3.800000000000000e+00	4.713219819488971e+00
3.800000000000000e+00	4.764513456289756e+00
3.800000000000000e+00	4.747193535149169e+00
3.800000000000000e+00	4.792172109512645e+00
3.800000000000000e+00	4.839969815062941e+00
3.800000000000000e+00	4.753202794440667e+00
3.800000000000000e+00	4.659355835480956e+00
3.800000000000000e+00	4.770986344106986e+00
3.800000000000000e+00	4.714681777212766e+00
3.800000000000000e+00	4.808268418146211e+00
3.800000000000000e+00	4.659480347311012e+00
3.800000000000000e+00	4.737852852755829e+00
3.800000000000000e+00	4.786131230268810e+00
3.800000000000000e+00	4.670481003601316e+00
3.800000000000000e+00	4.738916466293952e+00
3.800000000000000e+00	4.621814407100503e+00
3.800000000000000e+00	4.654137080223369e+00
3.800000000000000e+00	4.718867056778171e+00
3.800000000000000e+00	4.769072063365247e+00
3.800000000000000e+00	4.760686136699054e+00
3.800000000000000e+00	4.777242665242692e+00
3.800000000000000e+00	4.825138756464181e+00
3.800000000000000e+00	4.660440854555940e+00
3.800000000000000e+00	4.604953094768883e+00
3.800000000000000e+00	4.849075472077510e+00
3.800000000000000e+00	4.897701587798784e+00
3.800000000000000e+00	4.791259686188667e+00
3.800000000000000e+00	4.816096631796492e+00
3.800000000000000e+00	4.779272458863273e+00
3.800000000000000e+00	4.827923995412347e+00
3.800000000000000e+00	4.801091030862340e+00
3.800000000000000e+00	4.749930190815319e+00
3.800000000000000e+00	4.791615602932041e+00
3.800000000000000e+00	4.750473533880596e+00
3.800000000000000e+00	4.817479509917742e+00
3.800000000000000e+00	4.873838838254954e+00
3.800000000000000e+00	4.725514498421958e+00
3.800000000000000e+00	4.813797969657763e+00
3.800000000000000e+00	4.669586034709440e+00
3.800000000000000e+00	4.794055996093459e+00
3.800000000000000e+00	4.790170505011744e+00
3.800000000000000e+00	4.674263016900262e+00
3.800000000000000e+00	4.744728190828923e+00
3.800000000000000e+00	4.799408988853139e+00
3.800000000000000e+00	4.877155817997405e+00
3.800000000000000e+00	4.776250381631570e+00
3.800000000000000e+00	4.746708943922995e+00
3.800000000000000e+00	4.718916347819132e+00
3.800000000000000e+00	4.872881763005230e+00
3.800000000000000e+00	4.750763297557365e+00
3.800000000000000e+00	4.778226134639573e+00
3.800000000000000e+00	4.770725632848419e+00
3.800000000000000e+00	4.876141408439471e+00
3.800000000000000e+00	4.768993815144775e+00
3.800000000000000e+00	4.820617068393482e+00
3.800000000000000e+00	4.791861159694665e+00
3.800000000000000e+00	4.681908658930988e+00
3.800000000000000e+00	4.752797896068097e+00
3.800000000000000e+00	4.769796409075422e+00
3.800000000000000e+00	4.628260876914538e+00
3.800000000000000e+00	4.872849116854287e+00
3.800000000000000e+00	4.743336287141624e+00
3.800000000000000e+00	4.681091480892535e+00
3.800000000000000e+00	4.836901685137646e+00
3.800000000000000e+00	4.676033465496609e+00
3.800000000000000e+00	4.722423265105842e+00
3.800000000000000e+00	4.675262728041192e+00
3.800000000000000e+00	4.708442154230656e+00
3.800000000000000e+00	4.847405488165270e+00
3.800000000000000e+00	4.733114104434622e+00
3.800000000000000e+00	4.733258917373139e+00
3.800000000000000e+00	4.659607061736331e+00
3.800000000000000e+00	4.765367080002134e+00
3.800000000000000e+00	4.859207655060295e+00
3.800000000000000e+00	4.688355250230083e+00
3.800000000000000e+00	4.832590329657210e+00
3.800000000000000e+00	4.776749212736161e+00
3.800000000000000e+00	4.581940453876097e+00
3.800000000000000e+00	4.677284953799263e+00
3.800000000000000e+00	4.879026863926176e+00
3.800000000000000e+00	4.762840292945147e+00
3.800000000000000e+00	4.836909988176266e+00
3.800000000000000e+00	4.821968785547432e+00
3.800000000000000e+00	4.854536961637157e+00
3.800000000000000e+00	4.739548839610246e+00
3.800000000000000e+00	4.749472049190165e+00
3.800000000000000e+00	4.774072220095732e+00
3.800000000000000e+00	4.797785018974519e+00
3.800000000000000e+00	4.701480669513535e+00
3.800000000000000e+00	4.741176087454534e+00
3.800000000000000e+00	4.722435013015464e+00
3.800000000000000e+00	4.763148236094824e+00
3.800000000000000e+00	4.711775692266641e+00
3.800000000000000e+00	4.711821618699664e+00
3.800000000000000e+00	4.785350770136189e+00
3.800000000000000e+00	4.753320937641767e+00
3.800000000000000e+00	4.708795016395673e+00
3.800000000000000e+00	4.730563681007558e+00
3.800000000000000e+00	4.759569104135848e+00
3.800000000000000e+00	4.816755625518238e+00
3.800000000000000e+00	4.758892537333750e+00
3.800000000000000e+00	4.678533468664765e+00
3.800000000000000e+00	4.676074791929993e+00
3.800000000000000e+00	4.600477992446754e+00
3.800000000000000e+00	4.697970978844946e+00
3.800000000000000e+00	4.787373443441470e+00
3.800000000000000e+00	4.890513768480339e+00
3.800000000000000e+00	4.807886315417452e+00
3.800000000000000e+00	4.660304320437127e+00
3.800000000000000e+00	4.726417803787971e+00
3.800000000000000e+00	4.730009730953262e+00
3.800000000000000e+00	4.692542152366378e+00
3.800000000000000e+00	4.710834999703978e+00
3.800000000000000e+00	4.734129188099260e+00
3.800000000000000e+00	4.770654691655817e+00
3.800000000000000e+00	4.697719749754707e+00
3.800000000000000e+00	4.759453848767301e+00
3.800000000000000e+00	4.779452651051014e+00
3.800000000000000e+00	4.743119885331945e+00
3.800000000000000e+00	4.845875901967847e+00
3.800000000000000e+00	4.907273113443845e+00
3.800000000000000e+00	4.757427151549936e+00
3.800000000000000e+00	4.841276936177540e+00
3.800000000000000e+00	4.872730574460665e+00
3.800000000000000e+00	4.740534012443378e+00
3.800000000000000e+00	4.888008598756903e+00
3.800000000000000e+00	4.708624397133093e+00
3.800000000000000e+00	4.704794878943103e+00
3.800000000000000e+00	4.803584790373101e+00
3.800000000000000e+00	4.723075087197890e+00
3.800000000000000e+00	4.695310393220149e+00
3.800000000000000e+00	4.698996526749781e+00
3.800000000000000e+00	4.883706814794190e+00
3.800000000000000e+00	4.690209809118528e+00
3.800000000000000e+00	4.740888979185621e+00
3.800000000000000e+00	4.750010973283652e+00
3.800000000000000e+00	4.681854000593368e+00
3.800000000000000e+00	4.679261594229468e+00
3.800000000000000e+00	4.786899459912008e+00
3.800000000000000e+00	4.754432214323726e+00
3.800000000000000e+00	4.733357769486782e+00
3.800000000000000e+00	4.787516371814384e+00
3.800000000000000e+00	4.736736308945651e+00
3.800000000000000e+00	4.720120902692384e+00
3.800000000000000e+00	4.807725697725901e+00
3.800000000000000e+00	4.762800666779560e+00
3.800000000000000e+00	4.769310963935396e+00
3.800000000000000e+00	4.758750550394124e+00
3.800000000000000e+00	4.846176709601799e+00
3.800000000000000e+00	4.843747543662499e+00
3.800000000000000e+00	4.847963907108324e+00
3.800000000000000e+00	4.647307647228124e+00
3.800000000000000e+00	4.671222200185683e+00
3.800000000000000e+00	4.734902907430945e+00
3.800000000000000e+00	4.691331879617177e+00
3.800000000000000e+00	4.689321448035852e+00
3.800000000000000e+00	4.726857980314193e+00
3.800000000000000e+00	4.722741969885909e+00
3.800000000000000e+00	4.613676200827861e+00
3.800000000000000e+00	4.807440413112115e+00
3.800000000000000e+00	4.764102637415507e+00
3.800000000000000e+00	4.679792158925185e+00
3.800000000000000e+00	4.752144132974774e+00
3.800000000000000e+00	4.842605404806231e+00
3.800000000000000e+00	4.642491565311171e+00
3.800000000000000e+00	4.835885911212213e+00
3.800000000000000e+00	4.789078391716686e+00
3.800000000000000e+00	4.755147849951929e+00
3.800000000000000e+00	4.721095160377747e+00
3.800000000000000e+00	4.797056502793072e+00
3.800000000000000e+00	4.775796818579797e+00
3.800000000000000e+00	4.937225692503199e+00
3.800000000000000e+00	4.768712698935195e+00
3.800000000000000e+00	4.710861099927046e+00
3.800000000000000e+00	4.734102023106963e+00
3.800000000000000e+00	4.652404016575456e+00
3.800000000000000e+00	4.738065379752406e+00
3.800000000000000e+00	4.851508411737370e+00
3.800000000000000e+00	4.840175800648285e+00
3.800000000000000e+00	4.727839156246771e+00
3.800000000000000e+00	4.709876955728599e+00
3.800000000000000e+00	4.731244457091226e+00
3.800000000000000e+00	4.774780087274318e+00
3.800000000000000e+00	4.708385311157995e+00
3.800000000000000e+00	4.743995283078803e+00
3.800000000000000e+00	4.837341489901888e+00
3.800000000000000e+00	4.682868755875928e+00
3.800000000000000e+00	4.740948196344762e+00
3.800000000000000e+00	4.763101716753133e+00
3.800000000000000e+00	4.776462803216793e+00
3.800000000000000e+00	4.633599349718063e+00
3.800000000000000e+00	4.709623513578149e+00
3.800000000000000e+00	4.717768431675128e+00
3.800000000000000e+00	4.727799569858687e+00
3.800000000000000e+00	4.885856172320138e+00
3.800000000000000e+00	4.663776545519899e+00
3.800000000000000e+00	4.884515683751976e+00
3.800000000000000e+00	4.823768922926834e+00
3.800000000000000e+00	4.683781585981122e+00
3.800000000000000e+00	4.737523246230332e+00
3.800000000000000e+00	4.768366781588909e+00
3.800000000000000e+00	4.729762548930303e+00
3.800000000000000e+00	4.819910393716535e+00
3.800000000000000e+00	4.834893371587835e+00
3.800000000000000e+00	4.776715896754528e+00
3.800000000000000e+00	4.682782446229119e+00
3.800000000000000e+00	4.705191351965348e+00
3.800000000000000e+00	4.616637923663289e+00
3.800000000000000e+00	4.800992555542425e+00
3.800000000000000e+00	4.741153696630848e+00
3.800000000000000e+00	4.685353394723320e+00
3.800000000000000e+00	4.860528118341973e+00
3.800000000000000e+00	4.837384830449999e+00
3.800000000000000e+00	4.846563759615732e+00
3.800000000000000e+00	4.873332021485224e+00
3.800000000000000e+00	4.702204943907713e+00
3.800000000000000e+00	4.869728819868238e+00
3.800000000000000e+00	4.936162758179709e+00
3.800000000000000e+00	4.663648731859761e+00
3.800000000000000e+00	4.744145567520657e+00
3.800000000000000e+00	4.781300206787491e+00
3.800000000000000e+00	4.658926621235731e+00
3.800000000000000e+00	4.799994217293918e+00
3.800000000000000e+00	4.857128103896274e+00
3.800000000000000e+00	4.722963165945473e+00
3.800000000000000e+00	4.619444541194282e+00
3.800000000000000e+00	4.725602021139927e+00
3.800000000000000e+00	4.782623320182694e+00
3.800000000000000e+00	4.874208571985193e+00
3.800000000000000e+00	4.776939568774715e+00
3.800000000000000e+00	4.876705557674093e+00
3.800000000000000e+00	4.746022752096760e+00
3.800000000000000e+00	4.628340769917640e+00
3.800000000000000e+00	4.747972378151001e+00
3.800000000000000e+00	4.809028849633179e+00
3.800000000000000e+00	4.835666897199141e+00
3.800000000000000e+00	4.744719878912710e+00
3.800000000000000e+00	4.725244728918998e+00
3.800000000000000e+00	4.712121370767477e+00
3.800000000000000e+00	4.713088255894526e+00
3.800000000000000e+00	4.798999420707081e+00
3.800000000000000e+00	4.613564327895051e+00
3.800000000000000e+00	4.775439978626722e+00
3.800000000000000e+00	4.672965572959383e+00
3.800000000000000e+00	4.711456272561636e+00
3.800000000000000e+00	4.723672323729301e+00
3.800000000000000e+00	4.843530849835785e+00
3.800000000000000e+00	4.839043407753007e+00
3.800000000000000e+00	4.719251057586000e+00
3.800000000000000e+00	4.732859426669748e+00
3.800000000000000e+00	4.623234050510811e+00
3.800000000000000e+00	4.697669507552763e+00
3.800000000000000e+00	4.645642209251147e+00
3.800000000000000e+00	4.674929234827206e+00
3.800000000000000e+00	4.699645922904163e+00
3.800000000000000e+00	4.722733864276128e+00
3.800000000000000e+00	4.655589477885407e+00
3.800000000000000e+00	4.669104711786001e+00
3.800000000000000e+00	4.828925694358439e+00
3.800000000000000e+00	4.777731919698825e+00
3.800000000000000e+00	4.764614383602499e+00
3.800000000000000e+00	4.650410542620692e+00
3.800000000000000e+00	4.698199112715432e+00
3.800000000000000e+00	4.737335152812781e+00
3.800000000000000e+00	4.786299812663350e+00
3.800000000000000e+00	4.663605595038801e+00
3.800000000000000e+00	4.787023709511861e+00
3.800000000000000e+00	4.806095411472574e+00
3.800000000000000e+00	4.752651357065908e+00
3.800000000000000e+00	4.833540553659669e+00
3.800000000000000e+00	4.756617253598655e+00
3.800000000000000e+00	4.755465533562504e+00
3.800000000000000e+00	4.761663518016401e+00
3.800000000000000e+00	4.736544350608609e+00
3.800000000000000e+00	4.740378425854871e+00
3.800000000000000e+00	4.761965167857705e+00
3.800000000000000e+00	4.717998950983580e+00
3.800000000000000e+00	4.873365246692288e+00
3.800000000000000e+00	4.770046653903031e+00
3.800000000000000e+00	4.860974726467479e+00
3.800000000000000e+00	4.712466371992198e+00
3.800000000000000e+00	4.682394548456143e+00
3.800000000000000e+00	4.731238502110568e+00
3.800000000000000e+00	4.731841863572883e+00
3.800000000000000e+00	4.754560189947747e+00
3.800000000000000e+00	4.681545109984892e+00
3.800000000000000e+00	4.779474545845511e+00
3.800000000000000e+00	4.690911590659760e+00
3.800000000000000e+00	4.819958702665031e+00
3.800000000000000e+00	4.765789382327622e+00
3.800000000000000e+00	4.852337006472194e+00
3.800000000000000e+00	4.779049678791631e+00
3.800000000000000e+00	4.650885264394986e+00
3.800000000000000e+00	4.665143218000727e+00
3.800000000000000e+00	4.911298616090202e+00
3.800000000000000e+00	4.761951016442801e+00
3.800000000000000e+00	4.761191470706406e+00
3.800000000000000e+00	4.712176176412836e+00
3.800000000000000e+00	4.805952400039255e+00
3.800000000000000e+00	4.711682009264747e+00
3.800000000000000e+00	4.825102875680590e+00
3.800000000000000e+00	4.738944421474262e+00
3.800000000000000e+00	4.694746314690491e+00
3.800000000000000e+00	4.719135462006284e+00
3.800000000000000e+00	4.698640382232243e+00
3.800000000000000e+00	4.763116402538609e+00
3.800000000000000e+00	4.822071131289423e+00
3.800000000000000e+00	4.656897978925912e+00
3.800000000000000e+00	4.829278915415972e+00
3.800000000000000e+00	4.724285709665787e+00
3.800000000000000e+00	4.707326530317464e+00
3.800000000000000e+00	4.737797395490006e+00
3.800000000000000e+00	4.736788470172419e+00
3.800000000000000e+00	4.728478000946700e+00
3.800000000000000e+00	4.742144764434304e+00
3.800000000000000e+00	4.749293235426101e+00
3.800000000000000e+00	4.807104703838942e+00
3.800000000000000e+00	4.674616161658639e+00
3.800000000000000e+00	4.714510010537704e+00
3.800000000000000e+00	4.777256787863525e+00
3.800000000000000e+00	4.710808088890444e+00
3.800000000000000e+00	4.776435589245606e+00
3.800000000000000e+00	4.773670570219279e+00
3.800000000000000e+00	4.858965933479452e+00
3.800000000000000e+00	4.713538418598494e+00
3.800000000000000e+00	4.786350782190259e+00
3.800000000000000e+00	4.851098604000697e+00
3.800000000000000e+00	4.718837079143260e+00
3.800000000000000e+00	4.795087685463878e+00
3.800000000000000e+00	4.768628690519867e+00
3.800000000000000e+00	4.688377863374393e+00
3.800000000000000e+00	4.737117307237986e+00
3.800000000000000e+00	4.742821650275045e+00
3.800000000000000e+00	4.807812005807815e+00
3.800000000000000e+00	4.880821557994954e+00
3.800000000000000e+00	4.624115358954242e+00
3.800000000000000e+00	4.735576371264376e+00
3.800000000000000e+00	4.736638081723385e+00
3.800000000000000e+00	4.715424778126033e+00
3.800000000000000e+00	4.780713174021171e+00
3.800000000000000e+00	4.837649717832826e+00
3.800000000000000e+00	4.779194516378612e+00
3.800000000000000e+00	4.681297356906374e+00
3.800000000000000e+00	4.745520202174097e+00
3.800000000000000e+00	4.800448798755804e+00
3.800000000000000e+00	4.732347281897685e+00
3.800000000000000e+00	4.809791975806002e+00
3.800000000000000e+00	4.803333914770398e+00
3.800000000000000e+00	4.781523797297129e+00
3.800000000000000e+00	4.738781947416241e+00
3.800000000000000e+00	4.871099747266973e+00
3.800000000000000e+00	4.752766223007951e+00
3.800000000000000e+00	4.598195970651025e+00
3.800000000000000e+00	4.827256791438137e+00
3.800000000000000e+00	4.775653278987714e+00
3.800000000000000e+00	4.736890126966510e+00
3.800000000000000e+00	4.707642924186109e+00
3.800000000000000e+00	4.795591933118667e+00
3.800000000000000e+00	4.833387601650274e+00
3.800000000000000e+00	4.816762295900046e+00
3.800000000000000e+00	4.676675584217849e+00
3.800000000000000e+00	4.687605925243914e+00
3.800000000000000e+00	4.806694061485245e+00
3.800000000000000e+00	4.670490600198939e+00
3.800000000000000e+00	4.715535301134258e+00
3.800000000000000e+00	4.768038798936663e+00
3.800000000000000e+00	4.804495172782097e+00
3.800000000000000e+00	4.795634308244441e+00
3.800000000000000e+00	4.693468893457514e+00
3.800000000000000e+00	4.670680180034245e+00
3.800000000000000e+00	4.717163132436371e+00
3.800000000000000e+00	4.796055187300512e+00
3.800000000000000e+00	4.761062401055767e+00
3.800000000000000e+00	4.624679315816105e+00
3.800000000000000e+00	4.681592686849005e+00
3.800000000000000e+00	4.813057242355303e+00
3.800000000000000e+00	4.741867190552259e+00
3.800000000000000e+00	4.788377241782757e+00
3.800000000000000e+00	4.751058412199685e+00
3.800000000000000e+00	4.745190976822901e+00
3.800000000000000e+00	4.796840729666121e+00
3.800000000000000e+00	4.756406820380997e+00
3.800000000000000e+00	4.682024041696902e+00
3.800000000000000e+00	4.709136043083447e+00
3.800000000000000e+00	4.819860712759008e+00
3.800000000000000e+00	4.761648046419014e+00
3.800000000000000e+00	4.803795245162270e+00
3.800000000000000e+00	4.740604490013389e+00
3.800000000000000e+00	4.768800150380992e+00
3.800000000000000e+00	4.678179815304788e+00
3.800000000000000e+00	4.822518029295337e+00
3.800000000000000e+00	4.749141767912437e+00
3.800000000000000e+00	4.610353714703692e+00
3.800000000000000e+00	4.813665098503872e+00
3.800000000000000e+00	4.727169847754389e+00
3.800000000000000e+00	4.673206069118314e+00
3.800000000000000e+00	4.833965369165337e+00
3.800000000000000e+00	4.712694586976955e+00
3.800000000000000e+00	4.917474827411585e+00
3.800000000000000e+00	4.631234864342426e+00
3.800000000000000e+00	4.874594604621126e+00
3.800000000000000e+00	4.721332365021249e+00
3.800000000000000e+00	4.988629582171785e+00
3.800000000000000e+00	4.804791590889389e+00
3.800000000000000e+00	4.762293772335600e+00
3.800000000000000e+00	4.748468913249702e+00
3.800000000000000e+00	4.807417093001640e+00
3.800000000000000e+00	4.663631862030742e+00
3.800000000000000e+00	4.647229154862283e+00
3.800000000000000e+00	4.681004391270570e+00
3.800000000000000e+00	4.790074253672353e+00
3.800000000000000e+00	4.806959219457728e+00
3.800000000000000e+00	4.814045310011751e+00
3.800000000000000e+00	4.646921901032621e+00
3.800000000000000e+00	4.718514623587334e+00
3.800000000000000e+00	4.863070436289047e+00
3.800000000000000e+00	4.820876843922210e+00
3.800000000000000e+00	4.749535460210511e+00
3.800000000000000e+00	4.778870510101257e+00
3.800000000000000e+00	4.775260074782314e+00
3.800000000000000e+00	4.720440669533672e+00
3.800000000000000e+00	4.837556697484259e+00
3.800000000000000e+00	4.668526811942132e+00
3.800000000000000e+00	4.749281202647365e+00
3.800000000000000e+00	4.704018750246963e+00
3.800000000000000e+00	4.655993156956539e+00
3.800000000000000e+00	4.746657272755582e+00
3.800000000000000e+00	4.773135024423099e+00
3.800000000000000e+00	4.764302814084854e+00
3.800000000000000e+00	4.836042969719301e+00
3.800000000000000e+00	4.801478425751575e+00
3.800000000000000e+00	4.795425277827508e+00
3.800000000000000e+00	4.746914013973514e+00
3.800000000000000e+00	4.816610529988067e+00
3.800000000000000e+00	4.726338231407816e+00
3.800000000000000e+00	4.613363519941469e+00
3.800000000000000e+00	4.768575737469641e+00
3.800000000000000e+00	4.733804420729228e+00
3.800000000000000e+00	4.607056772607155e+00
3.800000000000000e+00	4.697835851926571e+00
3.800000000000000e+00	4.740942963215167e+00
3.800000000000000e+00	4.844252597504746e+00
3.800000000000000e+00	4.748833294043061e+00
3.800000000000000e+00	4.690429165840669e+00
3.800000000000000e+00	4.925646841617922e+00
3.800000000000000e+00	4.729827041598483e+00
3.800000000000000e+00	4.791617578706176e+00
3.800000000000000e+00	4.839599818973222e+00
3.800000000000000e+00	4.855937268089051e+00
3.800000000000000e+00	4.798121253474861e+00
3.800000000000000e+00	4.648789181259671e+00
3.800000000000000e+00	4.748001925467517e+00
3.800000000000000e+00	4.756911574240767e+00
3.800000000000000e+00	4.758435157758361e+00
3.800000000000000e+00	4.810460137318088e+00
3.800000000000000e+00	4.786274256988663e+00
3.800000000000000e+00	4.847402092071833e+00
3.800000000000000e+00	4.850859350387855e+00
3.800000000000000e+00	4.697569804616583e+00
3.800000000000000e+00	4.705182958147957e+00
3.800000000000000e+00	4.881551377890887e+00
3.800000000000000e+00	4.739751472882481e+00
3.800000000000000e+00	4.823569806242537e+00
3.800000000000000e+00	4.873583088771001e+00
3.800000000000000e+00	4.783123489561056e+00
3.800000000000000e+00	4.777366662596046e+00
3.800000000000000e+00	4.699861996556579e+00
3.800000000000000e+00	4.796672386824197e+00
3.800000000000000e+00	4.842452544849203e+00
3.800000000000000e+00	4.733844421512220e+00
3.800000000000000e+00	4.730335010251970e+00
3.800000000000000e+00	4.699574739809961e+00
3.800000000000000e+00	4.801049277559432e+00
3.800000000000000e+00	4.743944191917822e+00
3.800000000000000e+00	4.685240255770498e+00
3.800000000000000e+00	4.749833765692703e+00
3.800000000000000e+00	4.783664579596382e+00
3.800000000000000e+00	4.689506150108123e+00
3.800000000000000e+00	4.754697821269969e+00
3.800000000000000e+00	4.721769017277096e+00
3.800000000000000e+00	4.734452086188412e+00
3.800000000000000e+00	4.863073364659089e+00
3.800000000000000e+00	4.713046053363485e+00
3.800000000000000e+00	4.695999461097279e+00
3.800000000000000e+00	4.768015629100582e+00
3.800000000000000e+00	4.785485998327727e+00
3.800000000000000e+00	4.762985665818438e+00
3.800000000000000e+00	4.736659058651186e+00
3.800000000000000e+00	4.625142101277437e+00
3.800000000000000e+00	4.796688001950349e+00
3.800000000000000e+00	4.733755693633682e+00
3.800000000000000e+00	4.768430566194914e+00
3.800000000000000e+00	4.632905498041073e+00
3.800000000000000e+00	4.789604780908961e+00
3.800000000000000e+00	4.737607268823314e+00
3.800000000000000e+00	4.723662131055256e+00
3.800000000000000e+00	4.777781013963535e+00
3.800000000000000e+00	4.676321087105961e+00
3.800000000000000e+00	4.682946924120693e+00
3.800000000000000e+00	4.764789579383129e+00
3.800000000000000e+00	4.802611990183363e+00
3.800000000000000e+00	4.813588905998810e+00
3.800000000000000e+00	4.771317861255429e+00
3.800000000000000e+00	4.692295936224709e+00
3.800000000000000e+00	4.753545406664990e+00
3.800000000000000e+00	4.726534764964111e+00
3.800000000000000e+00	4.717233164203047e+00
3.800000000000000e+00	4.731669486696580e+00
3.800000000000000e+00	4.692449231367307e+00
3.800000000000000e+00	4.678800416952567e+00
3.800000000000000e+00	4.692839740361139e+00
3.800000000000000e+00	4.805238132111405e+00
3.800000000000000e+00	4.805618794097415e+00
3.800000000000000e+00	4.729112931123438e+00
3.800000000000000e+00	4.810178637745558e+00
3.800000000000000e+00	4.773934855970531e+00
3.800000000000000e+00	4.658653910474435e+00
3.800000000000000e+00	4.785134589581979e+00
3.800000000000000e+00	4.821082072166971e+00
3.800000000000000e+00	4.690620497949823e+00
3.800000000000000e+00	4.747178818909308e+00
3.800000000000000e+00	4.684758915585856e+00
3.800000000000000e+00	4.718505612606688e+00
3.800000000000000e+00	4.744957463211740e+00
3.800000000000000e+00	4.793618271665053e+00
3.800000000000000e+00	4.926435767408616e+00
3.800000000000000e+00	4.814369830105003e+00
3.800000000000000e+00	4.695005839685518e+00
3.800000000000000e+00	4.731072568162912e+00
3.800000000000000e+00	4.672057067595949e+00
3.800000000000000e+00	4.743798135762814e+00
3.800000000000000e+00	4.696027225233608e+00
3.800000000000000e+00	4.786209758149161e+00
3.800000000000000e+00	4.828948199945874e+00
3.800000000000000e+00	4.657070602752182e+00
3.800000000000000e+00	4.715909485921379e+00
3.800000000000000e+00	4.768188849866217e+00
3.800000000000000e+00	4.678605725099073e+00
3.800000000000000e+00	4.715171974389379e+00
3.800000000000000e+00	4.772153689291979e+00
3.800000000000000e+00	4.685941742889110e+00
3.800000000000000e+00	4.721219047850351e+00
3.800000000000000e+00	4.772872049074739e+00
3.800000000000000e+00	4.855099444883376e+00
3.800000000000000e+00	4.618118707042797e+00
3.800000000000000e+00	4.767693422950870e+00
3.800000000000000e+00	4.773541089467832e+00
3.800000000000000e+00	4.823640157288218e+00
3.800000000000000e+00	4.738139926487443e+00
3.800000000000000e+00	4.699443696628357e+00
3.800000000000000e+00	4.721495321716679e+00
3.800000000000000e+00	4.703011891684643e+00
3.800000000000000e+00	4.714468792392224e+00
3.800000000000000e+00	4.642127924379884e+00
3.800000000000000e+00	4.818381461443122e+00
3.800000000000000e+00	4.809903553905586e+00
3.800000000000000e+00	4.697860612805460e+00
3.800000000000000e+00	4.728417625239381e+00
3.800000000000000e+00	4.736795732975788e+00
3.800000000000000e+00	4.670334454298644e+00
3.800000000000000e+00	4.723146920889665e+00
3.800000000000000e+00	4.815492278280132e+00
3.800000000000000e+00	4.673180320926884e+00
3.800000000000000e+00	4.712858608402181e+00
3.800000000000000e+00	4.773855250297311e+00
3.800000000000000e+00	4.841697890595112e+00
3.800000000000000e+00	4.831650424505480e+00
3.800000000000000e+00	4.759016749106688e+00
3.800000000000000e+00	4.861233038033565e+00
3.800000000000000e+00	4.692049042557032e+00
3.800000000000000e+00	4.940055232341521e+00
3.800000000000000e+00	4.793696008529745e+00
3.800000000000000e+00	4.873589282004477e+00
3.800000000000000e+00	4.752469046690825e+00
3.800000000000000e+00	4.641284630445064e+00
3.800000000000000e+00	4.819794406637916e+00
3.800000000000000e+00	4.767518427915965e+00
3.800000000000000e+00	4.603224411884217e+00
3.800000000000000e+00	4.635316711499465e+00
3.800000000000000e+00	4.807675644075459e+00
3.800000000000000e+00	4.818504660453027e+00
3.800000000000000e+00	4.842779486217325e+00
3.800000000000000e+00	4.709881886958186e+00
3.800000000000000e+00	4.815508489311071e+00
3.800000000000000e+00	4.816313075888465e+00
3.800000000000000e+00	4.757597522030611e+00
3.800000000000000e+00	4.718421748791556e+00
3.800000000000000e+00	4.744255494913742e+00
3.800000000000000e+00	4.720130782674503e+00
3.800000000000000e+00	4.835833954722170e+00
3.800000000000000e+00	4.714647179664372e+00
3.800000000000000e+00	4.844172511042582e+00
3.800000000000000e+00	4.699572641338230e+00
3.800000000000000e+00	4.913097614250089e+00
3.800000000000000e+00	4.857499769304107e+00
3.800000000000000e+00	4.720667379797129e+00
3.800000000000000e+00	4.644461382488076e+00
3.800000000000000e+00	4.755901248055541e+00
3.800000000000000e+00	4.866683776628491e+00
3.800000000000000e+00	4.682631475396152e+00
3.800000000000000e+00	4.697862585797871e+00
3.800000000000000e+00	4.813202081479934e+00
3.800000000000000e+00	4.767646006543111e+00
3.800000000000000e+00	4.774425932438470e+00
3.800000000000000e+00	4.630763895509069e+00
3.800000000000000e+00	4.902575892859860e+00
3.800000000000000e+00	4.780806007677365e+00
3.800000000000000e+00	4.899812534689726e+00
3.800000000000000e+00	4.799032162940216e+00
3.800000000000000e+00	4.806894578534973e+00
3.800000000000000e+00	4.824429915865368e+00
3.800000000000000e+00	4.571764816930636e+00
3.800000000000000e+00	4.785559949216132e+00
3.800000000000000e+00	4.755064941047965e+00
3.800000000000000e+00	4.723382194950300e+00
3.800000000000000e+00	4.757692059925319e+00
3.800000000000000e+00	4.661364466162103e+00
3.800000000000000e+00	4.783185959363461e+00
3.800000000000000e+00	4.892232420500196e+00
3.800000000000000e+00	4.841239971310596e+00
3.800000000000000e+00	4.703959827515997e+00
3.800000000000000e+00	4.798182976018147e+00
3.800000000000000e+00	4.732703180848874e+00
3.800000000000000e+00	4.693449929436426e+00
3.800000000000000e+00	4.733674338518134e+00
3.800000000000000e+00	4.683287314197590e+00
3.800000000000000e+00	4.764747767795539e+00
3.800000000000000e+00	4.827001278935331e+00
3.800000000000000e+00	4.841535417263793e+00
3.800000000000000e+00	4.745156309753238e+00
3.800000000000000e+00	4.771786251888290e+00
3.800000000000000e+00	4.804021705011428e+00
3.800000000000000e+00	4.629907176486913e+00
3.800000000000000e+00	4.744343418073584e+00
3.800000000000000e+00	4.739048681964322e+00
3.800000000000000e+00	4.821325106104471e+00
3.800000000000000e+00	4.694703446850538e+00
3.800000000000000e+00	4.837109250639910e+00
3.800000000000000e+00	4.837107687901996e+00
3.800000000000000e+00	4.694463669737213e+00
3.800000000000000e+00	4.800841988565201e+00
3.800000000000000e+00	4.790814098366695e+00
3.800000000000000e+00	4.864009915998859e+00
3.800000000000000e+00	4.735692208421495e+00
3.800000000000000e+00	4.774028867915238e+00
3.800000000000000e+00	4.731131007424324e+00
3.800000000000000e+00	4.613910411045691e+00
3.800000000000000e+00	4.832433790547128e+00
3.800000000000000e+00	4.890108347017041e+00
3.800000000000000e+00	4.683174581163597e+00
3.800000000000000e+00	4.657381984408250e+00
3.800000000000000e+00	4.675521718838699e+00
3.800000000000000e+00	4.783675015254796e+00
3.800000000000000e+00	4.816902921473154e+00
3.800000000000000e+00	4.840176069552816e+00
3.800000000000000e+00	4.639324415615302e+00
3.800000000000000e+00	4.622913068850959e+00
3.800000000000000e+00	4.715988120356077e+00
3.800000000000000e+00	4.773595744260259e+00
3.800000000000000e+00	4.841257902640127e+00
3.800000000000000e+00	4.728036914557364e+00
3.800000000000000e+00	4.709344682576486e+00
3.800000000000000e+00	4.772067890193422e+00
3.800000000000000e+00	4.829717616238009e+00
3.800000000000000e+00	4.844663836971659e+00
3.800000000000000e+00	4.655718551196111e+00
3.800000000000000e+00	4.846703657616515e+00
3.800000000000000e+00	4.784863974442100e+00
3.800000000000000e+00	4.598042749380180e+00
3.800000000000000e+00	4.675746885322814e+00
3.800000000000000e+00	4.625686507477647e+00
3.800000000000000e+00	4.708459977199934e+00
3.800000000000000e+00	4.832686709458291e+00
3.800000000000000e+00	4.761992669228219e+00
3.800000000000000e+00	4.746682359243063e+00
3.800000000000000e+00	4.750783633551920e+00
3.800000000000000e+00	4.687826910460981e+00
3.800000000000000e+00	4.845628323364561e+00
3.800000000000000e+00	4.662878850890342e+00
3.800000000000000e+00	4.786893856602645e+00
3.800000000000000e+00	4.725084480497525e+00
3.800000000000000e+00	4.742246329477441e+00
3.800000000000000e+00	4.712501660492806e+00
3.800000000000000e+00	4.709288774164506e+00
3.800000000000000e+00	4.804097638268589e+00
3.800000000000000e+00	4.728478059892661e+00
3.800000000000000e+00	4.780688690266118e+00
3.800000000000000e+00	4.743834890298125e+00
3.800000000000000e+00	4.768474605370923e+00
3.800000000000000e+00	4.795868448090697e+00
3.800000000000000e+00	4.696419687380995e+00
3.800000000000000e+00	4.660545076038803e+00
3.800000000000000e+00	4.733446651721757e+00
3.800000000000000e+00	4.702623876968060e+00
3.800000000000000e+00	4.641481926165005e+00
3.800000000000000e+00	4.813013282192450e+00
3.800000000000000e+00	4.924674607202171e+00
3.800000000000000e+00	4.727087718037708e+00
3.800000000000000e+00	4.785578248299845e+00
3.800000000000000e+00	4.767361200373559e+00
3.800000000000000e+00	4.639852522665589e+00
3.800000000000000e+00	4.667648442448639e+00
3.800000000000000e+00	4.763481882189295e+00
3.800000000000000e+00	4.678934833078280e+00
3.800000000000000e+00	4.824953866993296e+00
3.800000000000000e+00	4.826434766557916e+00
3.800000000000000e+00	4.822075596159031e+00
3.800000000000000e+00	4.760232352944753e+00
3.800000000000000e+00	4.715615280940233e+00
3.800000000000000e+00	4.864720844652898e+00
3.800000000000000e+00	4.829536051616253e+00
3.800000000000000e+00	4.772476612142235e+00
3.800000000000000e+00	4.785604522625921e+00
3.800000000000000e+00	4.852312428791620e+00
3.800000000000000e+00	4.910195020556175e+00
3.800000000000000e+00	4.763616025563016e+00
3.800000000000000e+00	4.851485934341286e+00
3.800000000000000e+00	4.780879522412254e+00
3.800000000000000e+00	4.780342629286429e+00
3.800000000000000e+00	4.791137778166071e+00
3.800000000000000e+00	4.820303632006405e+00
3.800000000000000e+00	4.743607413748041e+00
3.800000000000000e+00	4.752150371408581e+00
3.800000000000000e+00	4.659455781274274e+00
3.800000000000000e+00	4.833900445239255e+00
3.800000000000000e+00	4.789033164229743e+00
3.800000000000000e+00	4.611130555514503e+00
3.800000000000000e+00	4.710337145936281e+00
3.800000000000000e+00	4.896928124347969e+00
3.800000000000000e+00	4.813703403127239e+00
3.800000000000000e+00	4.831054063939282e+00
3.800000000000000e+00	4.793675442749860e+00
3.800000000000000e+00	4.770476957283828e+00
3.800000000000000e+00	4.762058548345282e+00
3.800000000000000e+00	4.794938828073741e+00
3.800000000000000e+00	4.874528721527581e+00
3.800000000000000e+00	4.759898435949314e+00
3.800000000000000e+00	4.605655343907207e+00
3.800000000000000e+00	4.742029561597118e+00
3.800000000000000e+00	4.795279434545563e+00
