3.000000000000000e+00	6.515471499288729e-01
3.000000000000000e+00	6.747797937993378e-01
3.000000000000000e+00	6.425906012863050e-01
3.000000000000000e+00	5.519827161425986e-01
3.000000000000000e+00	5.866942802822147e-01
3.000000000000000e+00	6.098327188256112e-01
3.000000000000000e+00	5.820989280356503e-01
3.000000000000000e+00	5.698909601848325e-01
3.000000000000000e+00	6.022167648559313e-01
3.000000000000000e+00	6.394396589315995e-01
3.000000000000000e+00	6.235876928651853e-01
3.000000000000000e+00	5.986704508716690e-01
3.000000000000000e+00	5.967329800922013e-01
3.000000000000000e+00	5.736652239853155e-01
3.000000000000000e+00	6.099851589329713e-01
3.000000000000000e+00	6.589121260055163e-01
3.000000000000000e+00	6.502650173611807e-01
3.000000000000000e+00	5.995507899659737e-01
3.000000000000000e+00	6.142875807864923e-01
3.000000000000000e+00	5.830081412672821e-01
3.000000000000000e+00	6.125202432559820e-01
3.000000000000000e+00	6.328433845608064e-01
3.000000000000000e+00	6.161807726989268e-01
3.000000000000000e+00	6.228234979491071e-01
3.000000000000000e+00	5.565896974472084e-01
3.000000000000000e+00	6.490262980031932e-01
3.000000000000000e+00	6.464783135962227e-01
3.000000000000000e+00	6.141350595278937e-01
3.000000000000000e+00	6.151249437497717e-01
3.000000000000000e+00	6.129157272955074e-01
3.000000000000000e+00	6.018834783217285e-01
3.000000000000000e+00	5.886678495005708e-01
3.000000000000000e+00	6.127385438771742e-01
3.000000000000000e+00	5.837723965451853e-01
3.000000000000000e+00	5.909311511824106e-01
3.000000000000000e+00	6.087542319968899e-01
3.000000000000000e+00	6.400400970184228e-01
3.000000000000000e+00	5.916338257214255e-01
3.000000000000000e+00	5.904870844947036e-01
3.000000000000000e+00	5.999412585067722e-01
3.000000000000000e+00	6.270186121995613e-01
3.000000000000000e+00	6.232847480435091e-01
3.000000000000000e+00	5.923907578882892e-01
3.000000000000000e+00	6.447475920362592e-01
3.000000000000000e+00	6.194050053462773e-01
3.000000000000000e+00	6.195104484054437e-01
3.000000000000000e+00	5.964208716589893e-01
3.000000000000000e+00	6.030494900487303e-01
3.000000000000000e+00	6.085342769453030e-01
3.000000000000000e+00	6.189536890102285e-01
3.000000000000000e+00	6.459257956237474e-01
3.000000000000000e+00	6.514808886801841e-01
3.000000000000000e+00	6.261061256539643e-01
3.000000000000000e+00	5.987965578462509e-01
3.000000000000000e+00	6.075054046966891e-01
3.000000000000000e+00	6.541969608711604e-01
3.000000000000000e+00	5.733440955048839e-01
3.000000000000000e+00	5.932656567167173e-01
3.000000000000000e+00	6.139088077476761e-01
3.000000000000000e+00	6.377533286082921e-01
3.000000000000000e+00	6.511646929861800e-01
3.000000000000000e+00	6.094586424599753e-01
3.000000000000000e+00	6.407581334508253e-01
3.000000000000000e+00	5.967246694875742e-01
3.000000000000000e+00	6.283865781028610e-01
3.000000000000000e+00	6.225462675525232e-01
3.000000000000000e+00	6.451747640134839e-01
3.000000000000000e+00	5.783755896557613e-01
3.000000000000000e+00	6.148160029495158e-01
3.000000000000000e+00	6.188471383081302e-01
3.000000000000000e+00	5.982578788496048e-01
3.000000000000000e+00	6.203539052453441e-01
3.000000000000000e+00	6.395771145706187e-01
3.000000000000000e+00	6.075668192742748e-01
3.000000000000000e+00	6.225495328502076e-01
3.000000000000000e+00	6.048957126212769e-01
3.000000000000000e+00	5.895185814348970e-01
3.000000000000000e+00	6.211746999165940e-01
3.000000000000000e+00	6.242720097255043e-01
3.000000000000000e+00	5.467163841027963e-01
3.000000000000000e+00	6.013515440675954e-01
3.000000000000000e+00	6.069924727664149e-01
3.000000000000000e+00	6.297212857556733e-01
3.000000000000000e+00	5.986562496689524e-01
3.000000000000000e+00	5.623071982873338e-01
3.000000000000000e+00	6.005856227323486e-01
3.000000000000000e+00	6.449200150657806e-01
3.000000000000000e+00	5.951142143173203e-01
3.000000000000000e+00	6.344934978298100e-01
3.000000000000000e+00	5.889464820737068e-01
3.000000000000000e+00	6.120118405179209e-01
3.000000000000000e+00	5.988818912857611e-01
3.000000000000000e+00	5.746557165693158e-01
3.000000000000000e+00	6.837399457890206e-01
3.000000000000000e+00	6.206450220587468e-01
3.000000000000000e+00	6.329235213998647e-01
3.000000000000000e+00	5.751394814962462e-01
3.000000000000000e+00	6.455646548986477e-01
3.000000000000000e+00	5.953644866833722e-01
3.000000000000000e+00	5.846182206404325e-01
3.000000000000000e+00	5.797756865628795e-01
3.000000000000000e+00	5.790497829787447e-01
3.000000000000000e+00	5.966834217880037e-01
3.000000000000000e+00	6.422678506751850e-01
3.000000000000000e+00	5.746350121084156e-01
3.000000000000000e+00	5.562393761653409e-01
3.000000000000000e+00	5.473562403250831e-01
3.000000000000000e+00	5.749381031495810e-01
3.000000000000000e+00	6.164130050661785e-01
3.000000000000000e+00	6.190473478320864e-01
3.000000000000000e+00	6.066261830850108e-01
3.000000000000000e+00	6.233392784972450e-01
3.000000000000000e+00	6.496905938473836e-01
3.000000000000000e+00	6.235852103041769e-01
3.000000000000000e+00	5.955596150997292e-01
3.000000000000000e+00	5.676443528564673e-01
3.000000000000000e+00	6.166213455508056e-01
3.000000000000000e+00	6.034609407188454e-01
3.000000000000000e+00	5.824565172182390e-01
3.000000000000000e+00	6.150442687201578e-01
3.000000000000000e+00	6.173345677605983e-01
3.000000000000000e+00	5.643382941171401e-01
3.000000000000000e+00	6.033593775375993e-01
3.000000000000000e+00	5.722855544301342e-01
3.000000000000000e+00	5.782280142386222e-01
3.000000000000000e+00	5.867462475121068e-01
3.000000000000000e+00	5.870988848042480e-01
3.000000000000000e+00	6.370033062873895e-01
3.000000000000000e+00	6.418459450647348e-01
3.000000000000000e+00	6.166247272985662e-01
3.000000000000000e+00	6.427156395744923e-01
3.000000000000000e+00	5.940509476314655e-01
3.000000000000000e+00	6.596728847237943e-01
3.000000000000000e+00	6.095862929738700e-01
3.000000000000000e+00	6.425843944234281e-01
3.000000000000000e+00	5.901016043397820e-01
3.000000000000000e+00	6.076727938619745e-01
3.000000000000000e+00	6.094004059358693e-01
3.000000000000000e+00	6.221256553049402e-01
3.000000000000000e+00	5.912129720271034e-01
3.000000000000000e+00	5.738397125854058e-01
3.000000000000000e+00	6.141957409862777e-01
3.000000000000000e+00	5.744782330377205e-01
3.000000000000000e+00	5.930932344363034e-01
3.000000000000000e+00	5.670441462498941e-01
3.000000000000000e+00	5.522145749128645e-01
3.000000000000000e+00	6.198563193072477e-01
3.000000000000000e+00	6.356766344079628e-01
3.000000000000000e+00	6.145119491393730e-01
3.000000000000000e+00	6.266336006736125e-01
3.000000000000000e+00	6.035910621645790e-01
3.000000000000000e+00	5.952404173748861e-01
3.000000000000000e+00	5.465368790793064e-01
3.000000000000000e+00	6.215961017017123e-01
3.000000000000000e+00	5.848526749632214e-01
3.000000000000000e+00	5.988412953609510e-01
3.000000000000000e+00	6.387678474466344e-01
3.000000000000000e+00	6.376638394529248e-01
3.000000000000000e+00	6.462662321815205e-01
3.000000000000000e+00	6.342576306221793e-01
3.000000000000000e+00	5.972578485509270e-01
3.000000000000000e+00	6.046571831143795e-01
3.000000000000000e+00	5.977661653694141e-01
3.000000000000000e+00	5.760997021826724e-01
3.000000000000000e+00	6.028314143251341e-01
3.000000000000000e+00	6.534753984061533e-01
3.000000000000000e+00	5.775873670704007e-01
3.000000000000000e+00	5.769618314062747e-01
3.000000000000000e+00	5.579976204979791e-01
3.000000000000000e+00	5.870595028030896e-01
3.000000000000000e+00	6.392499543212913e-01
3.000000000000000e+00	6.251427572197523e-01
3.000000000000000e+00	5.707399106401756e-01
3.000000000000000e+00	5.919903637240577e-01
3.000000000000000e+00	6.224720881753352e-01
3.000000000000000e+00	6.007882156475612e-01
3.000000000000000e+00	6.024056966135765e-01
3.000000000000000e+00	6.105800912968311e-01
3.000000000000000e+00	6.343660232044892e-01
3.000000000000000e+00	6.289618044533739e-01
3.000000000000000e+00	5.868430226144418e-01
3.000000000000000e+00	6.160813565244875e-01
3.000000000000000e+00	5.601060685697050e-01
3.000000000000000e+00	6.236498478315899e-01
3.000000000000000e+00	6.338663836146112e-01
3.000000000000000e+00	5.912302967028318e-01
3.000000000000000e+00	6.013969088122328e-01
3.000000000000000e+00	6.529823351606543e-01
3.000000000000000e+00	5.776308701940482e-01
3.000000000000000e+00	6.067052135391897e-01
3.000000000000000e+00	5.745847636358070e-01
3.000000000000000e+00	6.200796548148102e-01
3.000000000000000e+00	6.366166582417780e-01
3.000000000000000e+00	5.769292458990367e-01
3.000000000000000e+00	6.409682912797481e-01
3.000000000000000e+00	6.133737144057683e-01
3.000000000000000e+00	6.014771122556382e-01
3.000000000000000e+00	6.250214152619228e-01
3.000000000000000e+00	5.949622591841952e-01
3.000000000000000e+00	5.790579627427503e-01
3.000000000000000e+00	5.962217120604174e-01
3.000000000000000e+00	6.473026916715616e-01
3.000000000000000e+00	5.876496225689872e-01
3.000000000000000e+00	6.036289321674980e-01
3.000000000000000e+00	6.385021584556907e-01
3.000000000000000e+00	6.495796374098305e-01
3.000000000000000e+00	6.382657086928382e-01
3.000000000000000e+00	6.545733690632620e-01
3.000000000000000e+00	6.249605556049909e-01
3.000000000000000e+00	6.567615148203256e-01
3.000000000000000e+00	6.146976385642369e-01
3.000000000000000e+00	6.042541440959435e-01
3.000000000000000e+00	6.285576653188172e-01
3.000000000000000e+00	6.094055887252983e-01
3.000000000000000e+00	5.325146438717032e-01
3.000000000000000e+00	6.044461573112450e-01
3.000000000000000e+00	6.017434660960858e-01
3.000000000000000e+00	5.624784790277267e-01
3.000000000000000e+00	6.049383193356159e-01
3.000000000000000e+00	6.022163305371588e-01
3.000000000000000e+00	5.995453154395011e-01
3.000000000000000e+00	5.899652825573422e-01
3.000000000000000e+00	6.128366899959304e-01
3.000000000000000e+00	6.041209236736260e-01
3.000000000000000e+00	6.536065488025460e-01
3.000000000000000e+00	6.266342536691655e-01
3.000000000000000e+00	6.223096838265574e-01
3.000000000000000e+00	6.107538782106710e-01
3.000000000000000e+00	6.439524512564923e-01
3.000000000000000e+00	5.757086406843780e-01
3.000000000000000e+00	6.335138090520210e-01
3.000000000000000e+00	6.106260990396516e-01
3.000000000000000e+00	6.133331164403912e-01
3.000000000000000e+00	5.639137709742503e-01
3.000000000000000e+00	6.025280792414095e-01
3.000000000000000e+00	6.064196466577635e-01
3.000000000000000e+00	6.275438652865640e-01
3.000000000000000e+00	6.501335744065603e-01
3.000000000000000e+00	6.480872814347473e-01
3.000000000000000e+00	5.913573155587593e-01
3.000000000000000e+00	6.185142934543426e-01
3.000000000000000e+00	6.269041746569630e-01
3.000000000000000e+00	5.987997150449303e-01
3.000000000000000e+00	6.429534511585341e-01
3.000000000000000e+00	6.199710208541770e-01
3.000000000000000e+00	5.696441230722802e-01
3.000000000000000e+00	5.532478838417441e-01
3.000000000000000e+00	5.908312120122718e-01
3.000000000000000e+00	6.293941646186693e-01
3.000000000000000e+00	6.460307489432595e-01
3.000000000000000e+00	6.350736033862833e-01
3.000000000000000e+00	6.228670098995335e-01
3.000000000000000e+00	6.407747506162451e-01
3.000000000000000e+00	6.422264284160996e-01
3.000000000000000e+00	6.001723209015186e-01
3.000000000000000e+00	5.962706327241488e-01
3.000000000000000e+00	6.053998596237069e-01
3.000000000000000e+00	5.522572124033754e-01
3.000000000000000e+00	5.966218838638582e-01
3.000000000000000e+00	6.011983390124094e-01
3.000000000000000e+00	5.988561506863394e-01
3.000000000000000e+00	6.211474770139127e-01
3.000000000000000e+00	6.568275816191570e-01
3.000000000000000e+00	5.923959445465987e-01
3.000000000000000e+00	5.769669314251908e-01
3.000000000000000e+00	6.069038648172814e-01
3.000000000000000e+00	5.740402000296417e-01
3.000000000000000e+00	5.926656031709858e-01
3.000000000000000e+00	5.949899436481699e-01
3.000000000000000e+00	6.517442954775762e-01
3.000000000000000e+00	6.411274222564742e-01
3.000000000000000e+00	6.131693084497957e-01
3.000000000000000e+00	6.092109253282538e-01
3.000000000000000e+00	6.275226089246054e-01
3.000000000000000e+00	5.978693542671267e-01
3.000000000000000e+00	6.222753879923290e-01
3.000000000000000e+00	5.961935758976143e-01
3.000000000000000e+00	6.024780846333069e-01
3.000000000000000e+00	6.576930231673088e-01
3.000000000000000e+00	6.252663440702786e-01
3.000000000000000e+00	6.066501207715382e-01
3.000000000000000e+00	6.055316081670720e-01
3.000000000000000e+00	6.408934385587434e-01
3.000000000000000e+00	6.042583449528756e-01
3.000000000000000e+00	6.436583684017145e-01
3.000000000000000e+00	6.062486450839373e-01
3.000000000000000e+00	6.466427624098090e-01
3.000000000000000e+00	6.357340322582972e-01
3.000000000000000e+00	5.789149437291796e-01
3.000000000000000e+00	6.093878316323925e-01
3.000000000000000e+00	6.221897985197052e-01
3.000000000000000e+00	6.141785030995763e-01
3.000000000000000e+00	6.108922257963759e-01
3.000000000000000e+00	6.169024606818251e-01
3.000000000000000e+00	6.566686570544288e-01
3.000000000000000e+00	6.003557594794867e-01
3.000000000000000e+00	6.112594865423338e-01
3.000000000000000e+00	6.143580611391001e-01
3.000000000000000e+00	6.391762633605729e-01
3.000000000000000e+00	6.284673991633174e-01
3.000000000000000e+00	5.945680801780314e-01
3.000000000000000e+00	5.462228967569015e-01
3.000000000000000e+00	5.918544189612485e-01
3.000000000000000e+00	5.975035276380638e-01
3.000000000000000e+00	5.879189995350094e-01
3.000000000000000e+00	5.954937429745034e-01
3.000000000000000e+00	6.241076525335619e-01
3.000000000000000e+00	6.001735378290771e-01
3.000000000000000e+00	5.426678912364762e-01
3.000000000000000e+00	6.010970836884056e-01
3.000000000000000e+00	5.805672682604505e-01
3.000000000000000e+00	6.311009128581526e-01
3.000000000000000e+00	6.031922005047823e-01
3.000000000000000e+00	5.699351626205983e-01
3.000000000000000e+00	5.771385175157577e-01
3.000000000000000e+00	5.983687763448204e-01
3.000000000000000e+00	6.226617928723867e-01
3.000000000000000e+00	6.092898520178240e-01
3.000000000000000e+00	6.285590716904511e-01
3.000000000000000e+00	6.247472434454786e-01
3.000000000000000e+00	6.048410610222856e-01
3.000000000000000e+00	5.904155470478045e-01
3.000000000000000e+00	5.701133069536907e-01
3.000000000000000e+00	6.135329044147139e-01
3.000000000000000e+00	6.076431177272905e-01
3.000000000000000e+00	6.208654389975035e-01
3.000000000000000e+00	6.607331175136227e-01
3.000000000000000e+00	5.940811463512734e-01
3.000000000000000e+00	6.111406181436755e-01
3.000000000000000e+00	6.198148077766393e-01
3.000000000000000e+00	5.767673221919116e-01
3.000000000000000e+00	6.134574292942603e-01
3.000000000000000e+00	5.939205512086562e-01
3.000000000000000e+00	6.285570994478359e-01
3.000000000000000e+00	5.880637173277469e-01
3.000000000000000e+00	5.878336352905548e-01
3.000000000000000e+00	6.434185217255101e-01
3.000000000000000e+00	6.101037087447404e-01
3.000000000000000e+00	5.950584469601529e-01
3.000000000000000e+00	6.266651467214243e-01
3.000000000000000e+00	5.986232953243413e-01
3.000000000000000e+00	6.296062490084861e-01
3.000000000000000e+00	6.193150386576569e-01
3.000000000000000e+00	6.366339633769470e-01
3.000000000000000e+00	6.051512707905330e-01
3.000000000000000e+00	6.050565686721217e-01
3.000000000000000e+00	6.357646174862704e-01
3.000000000000000e+00	5.884702044365202e-01
3.000000000000000e+00	6.116347401334193e-01
3.000000000000000e+00	6.108066439134535e-01
3.000000000000000e+00	6.092143866907554e-01
3.000000000000000e+00	5.817656400724023e-01
3.000000000000000e+00	6.230229139350847e-01
3.000000000000000e+00	6.008094436572186e-01
3.000000000000000e+00	5.920013700742081e-01
3.000000000000000e+00	6.162240661974070e-01
3.000000000000000e+00	6.311172095074802e-01
3.000000000000000e+00	5.972229720954756e-01
3.000000000000000e+00	6.313369652432679e-01
3.000000000000000e+00	6.160233081823137e-01
3.000000000000000e+00	6.301767614301674e-01
3.000000000000000e+00	6.336137837308465e-01
3.000000000000000e+00	6.089265381151695e-01
3.000000000000000e+00	6.427745358352969e-01
3.000000000000000e+00	6.015897134403744e-01
3.000000000000000e+00	6.351550500364845e-01
3.000000000000000e+00	6.493673225718006e-01
3.000000000000000e+00	6.086633854174769e-01
3.000000000000000e+00	6.429976696627654e-01
3.000000000000000e+00	5.911159496557834e-01
3.000000000000000e+00	6.112164273458102e-01
3.000000000000000e+00	5.725856904341432e-01
3.000000000000000e+00	6.174479901685179e-01
3.000000000000000e+00	6.397251588600039e-01
3.000000000000000e+00	6.409744675051601e-01
3.000000000000000e+00	5.883698485630742e-01
3.000000000000000e+00	5.911723980818554e-01
3.000000000000000e+00	5.906630816651667e-01
3.000000000000000e+00	6.066421348838783e-01
3.000000000000000e+00	5.736583942783571e-01
3.000000000000000e+00	6.427784005674063e-01
3.000000000000000e+00	6.158599534729635e-01
3.000000000000000e+00	6.006228711770708e-01
3.000000000000000e+00	5.761886633161055e-01
3.000000000000000e+00	5.991955897704174e-01
3.000000000000000e+00	6.483525046001696e-01
3.000000000000000e+00	6.211521842061373e-01
3.000000000000000e+00	6.101245760763327e-01
3.000000000000000e+00	6.526227954795052e-01
3.000000000000000e+00	6.030413425013058e-01
3.000000000000000e+00	5.891204592527058e-01
3.000000000000000e+00	5.976578712879681e-01
3.000000000000000e+00	5.610136348610996e-01
3.000000000000000e+00	6.287848904987073e-01
3.000000000000000e+00	6.186291775345085e-01
3.000000000000000e+00	6.109624892734405e-01
3.000000000000000e+00	6.042637529924130e-01
3.000000000000000e+00	6.229336008786620e-01
3.000000000000000e+00	6.316884282603844e-01
3.000000000000000e+00	6.020335680940806e-01
3.000000000000000e+00	6.352455041804694e-01
3.000000000000000e+00	6.239987743470947e-01
3.000000000000000e+00	6.452760635940885e-01
3.000000000000000e+00	6.099821566928002e-01
3.000000000000000e+00	6.381042462281153e-01
3.000000000000000e+00	6.108880638930936e-01
3.000000000000000e+00	5.767229267956264e-01
3.000000000000000e+00	6.123377898944524e-01
3.000000000000000e+00	6.023626547872870e-01
3.000000000000000e+00	6.037004219384200e-01
3.000000000000000e+00	5.893092533324172e-01
3.000000000000000e+00	5.859543057212414e-01
3.000000000000000e+00	5.889388900394829e-01
3.000000000000000e+00	6.067352521122131e-01
3.000000000000000e+00	5.836027491513014e-01
3.000000000000000e+00	6.071582311673234e-01
3.000000000000000e+00	6.254157000524111e-01
3.000000000000000e+00	5.916097269338144e-01
3.000000000000000e+00	5.693211548142865e-01
3.000000000000000e+00	6.083203419802971e-01
3.000000000000000e+00	6.028785179503630e-01
3.000000000000000e+00	6.331148899700755e-01
3.000000000000000e+00	6.194394071933016e-01
3.000000000000000e+00	6.076508150179205e-01
3.000000000000000e+00	6.122333420654992e-01
3.000000000000000e+00	6.207141953984343e-01
3.000000000000000e+00	6.114522585613087e-01
3.000000000000000e+00	5.865352315688677e-01
3.000000000000000e+00	5.479095325583038e-01
3.000000000000000e+00	5.918747524012580e-01
3.000000000000000e+00	6.386772368835655e-01
3.000000000000000e+00	6.318258049837523e-01
3.000000000000000e+00	6.717572595361532e-01
3.000000000000000e+00	5.929695366655348e-01
3.000000000000000e+00	6.358187001503719e-01
3.000000000000000e+00	6.276581533942879e-01
3.000000000000000e+00	5.824784466861991e-01
3.000000000000000e+00	6.003714503366477e-01
3.000000000000000e+00	5.888058863953797e-01
3.000000000000000e+00	5.453262294273115e-01
3.000000000000000e+00	6.394700442522118e-01
3.000000000000000e+00	6.317408964813719e-01
3.000000000000000e+00	6.056680950768238e-01
3.000000000000000e+00	6.485679033841197e-01
3.000000000000000e+00	6.030791304948392e-01
3.000000000000000e+00	5.972673021131287e-01
3.000000000000000e+00	5.929005523920410e-01
3.000000000000000e+00	5.903552131665756e-01
3.000000000000000e+00	5.972726693307057e-01
3.000000000000000e+00	6.070419625599346e-01
3.000000000000000e+00	6.158093823725559e-01
3.000000000000000e+00	5.774346801552553e-01
3.000000000000000e+00	5.776472467485001e-01
3.000000000000000e+00	5.983188089729904e-01
3.000000000000000e+00	5.704069287420678e-01
3.000000000000000e+00	6.299874361496064e-01
3.000000000000000e+00	6.151684819921769e-01
3.000000000000000e+00	5.607927254993345e-01
3.000000000000000e+00	6.019383973394734e-01
3.000000000000000e+00	5.985198471132275e-01
3.000000000000000e+00	5.756212885860380e-01
3.000000000000000e+00	6.267572228022796e-01
3.000000000000000e+00	5.748995820534730e-01
3.000000000000000e+00	6.007946509703992e-01
3.000000000000000e+00	6.255353223640280e-01
3.000000000000000e+00	6.079754904916101e-01
3.000000000000000e+00	5.784140884586429e-01
3.000000000000000e+00	6.532016121015933e-01
3.000000000000000e+00	6.075455083281154e-01
3.000000000000000e+00	6.083899157992895e-01
3.000000000000000e+00	6.251112668922878e-01
3.000000000000000e+00	6.175679170842270e-01
3.000000000000000e+00	6.032197191458267e-01
3.000000000000000e+00	6.385897485907700e-01
3.000000000000000e+00	5.786101904600705e-01
3.000000000000000e+00	6.185956549350494e-01
3.000000000000000e+00	5.842110735712537e-01
3.000000000000000e+00	5.742857023794010e-01
3.000000000000000e+00	6.499655262499642e-01
3.000000000000000e+00	6.505652679874482e-01
3.000000000000000e+00	6.281389912579433e-01
3.000000000000000e+00	6.547404667091042e-01
3.000000000000000e+00	6.036279063417296e-01
3.000000000000000e+00	6.284665442760130e-01
3.000000000000000e+00	5.952879369727291e-01
3.000000000000000e+00	5.882806120757208e-01
3.000000000000000e+00	6.248685897012991e-01
3.000000000000000e+00	5.946448715920889e-01
3.000000000000000e+00	6.181838344661096e-01
3.000000000000000e+00	6.044513158284330e-01
3.000000000000000e+00	6.466546575897246e-01
3.000000000000000e+00	6.059927595931988e-01
3.000000000000000e+00	5.816449523463973e-01
3.000000000000000e+00	5.991639951433662e-01
3.000000000000000e+00	6.015227109935506e-01
3.000000000000000e+00	6.175326698616889e-01
3.000000000000000e+00	5.953724743768750e-01
3.000000000000000e+00	6.626589512938689e-01
3.000000000000000e+00	6.195048731049432e-01
3.000000000000000e+00	6.154330855710001e-01
3.000000000000000e+00	6.383443801090477e-01
3.000000000000000e+00	6.166037444397023e-01
3.000000000000000e+00	6.041180963820840e-01
3.000000000000000e+00	6.160383992348210e-01
3.000000000000000e+00	6.117318919111139e-01
3.000000000000000e+00	6.193058097209547e-01
3.000000000000000e+00	6.039713081424875e-01
3.000000000000000e+00	6.267573938547587e-01
3.000000000000000e+00	6.157787433928558e-01
3.000000000000000e+00	6.299405514320553e-01
3.000000000000000e+00	5.938328709496461e-01
3.000000000000000e+00	5.826891174782262e-01
3.000000000000000e+00	6.578598220711077e-01
3.000000000000000e+00	6.522226499162628e-01
3.000000000000000e+00	6.453195861404794e-01
3.000000000000000e+00	6.134693406385504e-01
3.000000000000000e+00	6.119172870995703e-01
3.000000000000000e+00	6.212705748602372e-01
3.000000000000000e+00	5.976839462039267e-01
3.000000000000000e+00	5.838472610560754e-01
3.000000000000000e+00	5.984640091080586e-01
3.000000000000000e+00	5.596929005777260e-01
3.000000000000000e+00	6.423705063929955e-01
3.000000000000000e+00	6.277420444503675e-01
3.000000000000000e+00	6.169024026284872e-01
3.000000000000000e+00	6.166129908562649e-01
3.000000000000000e+00	6.064192578886320e-01
3.000000000000000e+00	6.169295219821925e-01
3.000000000000000e+00	6.123252219823113e-01
3.000000000000000e+00	6.114823186400251e-01
3.000000000000000e+00	6.242508624284198e-01
3.000000000000000e+00	6.045693773076639e-01
3.000000000000000e+00	5.873086972797222e-01
3.000000000000000e+00	6.175382006285490e-01
3.000000000000000e+00	6.053470776781084e-01
3.000000000000000e+00	6.073403982316675e-01
3.000000000000000e+00	6.031122741292632e-01
3.000000000000000e+00	6.318534946207087e-01
3.000000000000000e+00	6.093423267133120e-01
3.000000000000000e+00	6.015318683008615e-01
3.000000000000000e+00	5.978350243363901e-01
3.000000000000000e+00	6.110720473218758e-01
3.000000000000000e+00	6.190296858247879e-01
3.000000000000000e+00	6.146756754761932e-01
3.000000000000000e+00	5.781266362549264e-01
3.000000000000000e+00	6.291773346264249e-01
3.000000000000000e+00	5.654720307085557e-01
3.000000000000000e+00	6.218653164223233e-01
3.000000000000000e+00	6.070470341579940e-01
3.000000000000000e+00	5.764805788851517e-01
3.000000000000000e+00	6.219774959086782e-01
3.000000000000000e+00	6.271703855993829e-01
3.000000000000000e+00	6.193754101728814e-01
3.000000000000000e+00	5.803920054066533e-01
3.000000000000000e+00	6.172279510876120e-01
3.000000000000000e+00	6.342807019363198e-01
3.000000000000000e+00	5.910823086579865e-01
3.000000000000000e+00	6.476776823090925e-01
3.000000000000000e+00	5.958918796682751e-01
3.000000000000000e+00	5.906638845752438e-01
3.000000000000000e+00	5.847499696671586e-01
3.000000000000000e+00	6.194783277115751e-01
3.000000000000000e+00	5.922837805825875e-01
3.000000000000000e+00	6.121077264867489e-01
3.000000000000000e+00	5.822139360937714e-01
3.000000000000000e+00	5.991475200993128e-01
3.000000000000000e+00	6.269534914811532e-01
3.000000000000000e+00	6.194449372519480e-01
3.000000000000000e+00	5.851831406552732e-01
3.000000000000000e+00	6.558775666950376e-01
3.000000000000000e+00	5.488971373197906e-01
3.000000000000000e+00	5.685000998331883e-01
3.000000000000000e+00	6.403523491691788e-01
3.000000000000000e+00	6.187769143217231e-01
3.000000000000000e+00	5.855652253084994e-01
3.000000000000000e+00	5.672869700531461e-01
3.000000000000000e+00	6.324197442080713e-01
3.000000000000000e+00	5.802358824370991e-01
3.000000000000000e+00	5.941243135374978e-01
3.000000000000000e+00	6.637210339421721e-01
3.000000000000000e+00	6.078047838170564e-01
3.000000000000000e+00	6.449648960995031e-01
3.000000000000000e+00	6.241185566258532e-01
3.000000000000000e+00	6.210920468331140e-01
3.000000000000000e+00	6.705730172808952e-01
3.000000000000000e+00	6.165513596852906e-01
3.000000000000000e+00	6.588531278015093e-01
3.000000000000000e+00	6.662700140464386e-01
3.000000000000000e+00	6.201518967473963e-01
3.000000000000000e+00	6.355770031435929e-01
3.000000000000000e+00	5.946854327271125e-01
3.000000000000000e+00	6.096433197344353e-01
3.000000000000000e+00	6.065078251997872e-01
3.000000000000000e+00	5.855855985203795e-01
3.000000000000000e+00	5.878114041670269e-01
3.000000000000000e+00	5.811522085060493e-01
3.000000000000000e+00	5.783933953743104e-01
3.000000000000000e+00	6.089750814898502e-01
3.000000000000000e+00	5.541284054762569e-01
3.000000000000000e+00	6.044397067477683e-01
3.000000000000000e+00	6.335716375626691e-01
3.000000000000000e+00	5.963557539891684e-01
3.000000000000000e+00	6.146835381265016e-01
3.000000000000000e+00	6.088742023971875e-01
3.000000000000000e+00	6.424061100599443e-01
3.000000000000000e+00	6.527749350381001e-01
3.000000000000000e+00	6.210836852557241e-01
3.000000000000000e+00	6.326322565030544e-01
3.000000000000000e+00	5.929008765505775e-01
3.000000000000000e+00	5.894714484560842e-01
3.000000000000000e+00	6.210195405127571e-01
3.000000000000000e+00	6.353649142182801e-01
3.000000000000000e+00	6.129609088671939e-01
3.000000000000000e+00	6.255200087313447e-01
3.000000000000000e+00	5.989710080745447e-01
3.000000000000000e+00	6.071985412211613e-01
3.000000000000000e+00	5.920104839440379e-01
3.000000000000000e+00	5.790542139408806e-01
3.000000000000000e+00	5.361105715998464e-01
3.000000000000000e+00	6.381978037692898e-01
3.000000000000000e+00	5.857067947152516e-01
3.000000000000000e+00	6.604232127446494e-01
3.000000000000000e+00	6.648444740421839e-01
3.000000000000000e+00	6.446850949627057e-01
3.000000000000000e+00	6.250905374453873e-01
3.000000000000000e+00	6.214724261976282e-01
3.000000000000000e+00	5.898490635357211e-01
3.000000000000000e+00	5.901058797123416e-01
3.000000000000000e+00	6.190530772274565e-01
3.000000000000000e+00	6.472729863571562e-01
3.000000000000000e+00	5.358374877445604e-01
3.000000000000000e+00	6.221069019487359e-01
3.000000000000000e+00	6.226192443487960e-01
3.000000000000000e+00	6.099489847191460e-01
3.000000000000000e+00	6.099699488313304e-01
3.000000000000000e+00	5.845778147654024e-01
3.000000000000000e+00	6.040176812627808e-01
3.000000000000000e+00	5.755330118219495e-01
3.000000000000000e+00	6.177823628021754e-01
3.000000000000000e+00	5.895525594654308e-01
3.000000000000000e+00	5.710559181538332e-01
3.000000000000000e+00	5.977466312625781e-01
3.000000000000000e+00	6.229204500759639e-01
3.000000000000000e+00	5.807514401963773e-01
3.000000000000000e+00	6.342505439521188e-01
3.000000000000000e+00	6.061999931501861e-01
3.000000000000000e+00	6.049455757908924e-01
3.000000000000000e+00	6.242786810385316e-01
3.000000000000000e+00	6.503204679549868e-01
3.000000000000000e+00	6.206648894339873e-01
3.000000000000000e+00	6.140941067504110e-01
3.000000000000000e+00	5.654312804244839e-01
3.000000000000000e+00	6.124402199928718e-01
3.000000000000000e+00	6.125078952845369e-01
3.000000000000000e+00	6.030034384687358e-01
3.000000000000000e+00	6.176103547170113e-01
3.000000000000000e+00	6.227693386955426e-01
3.000000000000000e+00	6.186253900132590e-01
3.000000000000000e+00	6.155547096738441e-01
3.000000000000000e+00	6.223914293925669e-01
3.000000000000000e+00	6.112765473120620e-01
3.000000000000000e+00	5.872655813071415e-01
3.000000000000000e+00	6.055688343682352e-01
3.000000000000000e+00	6.129618978501574e-01
3.000000000000000e+00	6.111855773060926e-01
3.000000000000000e+00	6.069956185177978e-01
3.000000000000000e+00	5.853219614051350e-01
3.000000000000000e+00	6.157632505480481e-01
3.000000000000000e+00	5.745662072298025e-01
3.000000000000000e+00	5.838778589020924e-01
3.000000000000000e+00	5.848595314686214e-01
3.000000000000000e+00	6.064909576679947e-01
3.000000000000000e+00	6.034658215211801e-01
3.000000000000000e+00	6.238068205186299e-01
3.000000000000000e+00	6.269479713200926e-01
3.000000000000000e+00	6.168151137537502e-01
3.000000000000000e+00	6.380031242381393e-01
3.000000000000000e+00	6.202064637811513e-01
3.000000000000000e+00	5.953997799542419e-01
3.000000000000000e+00	5.739810418329031e-01
3.000000000000000e+00	5.548254391701767e-01
3.000000000000000e+00	6.238311723641592e-01
3.000000000000000e+00	6.100481706980103e-01
3.000000000000000e+00	5.981068838384994e-01
3.000000000000000e+00	6.198397882539713e-01
3.000000000000000e+00	5.691591561818135e-01
3.000000000000000e+00	6.103147245421194e-01
3.000000000000000e+00	5.779732270041085e-01
3.000000000000000e+00	6.207739126930510e-01
3.000000000000000e+00	5.827588767742089e-01
3.000000000000000e+00	6.469183695603758e-01
3.000000000000000e+00	6.292578198832145e-01
3.000000000000000e+00	6.410015702257561e-01
3.000000000000000e+00	6.190824887184546e-01
3.000000000000000e+00	6.312713879962387e-01
3.000000000000000e+00	6.333131840200146e-01
3.000000000000000e+00	5.821610561798586e-01
3.000000000000000e+00	6.078105047170997e-01
3.000000000000000e+00	5.605203366896908e-01
3.000000000000000e+00	6.070486627219052e-01
3.000000000000000e+00	5.975101958839852e-01
3.000000000000000e+00	6.007751934032597e-01
3.000000000000000e+00	6.479723807017589e-01
3.000000000000000e+00	5.655288118330309e-01
3.000000000000000e+00	6.193734998143393e-01
3.000000000000000e+00	6.559036868976614e-01
3.000000000000000e+00	6.212257385849180e-01
3.000000000000000e+00	6.259736964824358e-01
3.000000000000000e+00	5.896350733473734e-01
3.000000000000000e+00	6.114717378154899e-01
3.000000000000000e+00	6.572466119469136e-01
3.000000000000000e+00	5.693765099351685e-01
3.000000000000000e+00	6.398840229705197e-01
3.000000000000000e+00	6.049235232425196e-01
3.000000000000000e+00	5.267506381742137e-01
3.000000000000000e+00	6.049202838081688e-01
3.000000000000000e+00	6.109052800976047e-01
3.000000000000000e+00	6.102594491272867e-01
3.000000000000000e+00	6.265445670094475e-01
3.000000000000000e+00	6.191865233015433e-01
3.000000000000000e+00	6.047834533204951e-01
3.000000000000000e+00	6.171019024726986e-01
3.000000000000000e+00	5.803905406262209e-01
3.000000000000000e+00	5.427467028249623e-01
3.000000000000000e+00	6.162928097724486e-01
3.000000000000000e+00	6.596351053186564e-01
3.000000000000000e+00	6.290325822972650e-01
3.000000000000000e+00	6.242177063788746e-01
3.000000000000000e+00	6.138074048201460e-01
3.000000000000000e+00	6.689990204465859e-01
3.000000000000000e+00	6.424780136362992e-01
3.000000000000000e+00	6.049419443264696e-01
3.000000000000000e+00	6.181625933299111e-01
3.000000000000000e+00	5.973722375165035e-01
3.000000000000000e+00	6.522304838301273e-01
3.000000000000000e+00	6.292635165282585e-01
3.000000000000000e+00	6.187689181608963e-01
3.000000000000000e+00	5.896060346207155e-01
3.000000000000000e+00	6.248932783070499e-01
3.000000000000000e+00	5.842695175000415e-01
3.000000000000000e+00	6.398108618970083e-01
3.000000000000000e+00	5.637742886097241e-01
3.000000000000000e+00	5.953118369795882e-01
3.000000000000000e+00	6.032019207206378e-01
3.000000000000000e+00	5.839235142482970e-01
3.000000000000000e+00	6.146655661539483e-01
3.000000000000000e+00	6.259248750906549e-01
3.000000000000000e+00	6.131170372552451e-01
3.000000000000000e+00	6.218429348585494e-01
3.000000000000000e+00	6.706844833597309e-01
3.000000000000000e+00	5.816748969809631e-01
3.000000000000000e+00	5.771658347499439e-01
3.000000000000000e+00	6.490551701389875e-01
3.000000000000000e+00	6.454209989160367e-01
3.000000000000000e+00	6.527624534164840e-01
3.000000000000000e+00	5.689721054388134e-01
3.000000000000000e+00	5.602629603877525e-01
3.000000000000000e+00	6.012159958123566e-01
3.000000000000000e+00	5.802755771939609e-01
3.000000000000000e+00	6.148140472098101e-01
3.000000000000000e+00	6.128922660768257e-01
3.000000000000000e+00	6.225080255792309e-01
3.000000000000000e+00	6.135875295059247e-01
3.000000000000000e+00	6.163849944459725e-01
3.000000000000000e+00	6.039188478768280e-01
3.000000000000000e+00	6.356722068906654e-01
3.000000000000000e+00	6.505349820028486e-01
3.000000000000000e+00	6.349226359377499e-01
3.000000000000000e+00	6.025610575377577e-01
3.000000000000000e+00	5.774620617779328e-01
3.000000000000000e+00	6.389562016726776e-01
3.000000000000000e+00	6.184075738430425e-01
3.000000000000000e+00	6.174294733465364e-01
3.000000000000000e+00	6.029991019881131e-01
3.000000000000000e+00	6.080575646470148e-01
3.000000000000000e+00	5.652841309671444e-01
3.000000000000000e+00	6.111817127715996e-01
3.000000000000000e+00	5.897072819470425e-01
3.000000000000000e+00	6.086284374409330e-01
3.000000000000000e+00	6.542405040988570e-01
3.000000000000000e+00	6.329534636072239e-01
3.000000000000000e+00	6.230475933406725e-01
3.000000000000000e+00	6.190455327254905e-01
3.000000000000000e+00	6.103928348391712e-01
3.000000000000000e+00	6.360809748629093e-01
3.000000000000000e+00	6.130879789225454e-01
3.000000000000000e+00	5.996463798277550e-01
3.000000000000000e+00	5.811172699105182e-01
3.000000000000000e+00	5.974688010183298e-01
3.000000000000000e+00	6.178581617562086e-01
3.000000000000000e+00	6.104794222787003e-01
3.000000000000000e+00	6.069398047313449e-01
3.000000000000000e+00	5.545878885478839e-01
3.000000000000000e+00	5.800602226006887e-01
3.000000000000000e+00	5.774928799568181e-01
3.000000000000000e+00	5.756732609566990e-01
3.000000000000000e+00	5.865536278879890e-01
3.000000000000000e+00	6.103122719178123e-01
3.000000000000000e+00	5.729625504960463e-01
3.000000000000000e+00	5.557780660535321e-01
3.000000000000000e+00	5.797994093825514e-01
3.000000000000000e+00	5.977988802931280e-01
3.000000000000000e+00	6.171002156206196e-01
3.000000000000000e+00	5.932401501981618e-01
3.000000000000000e+00	5.862072843743100e-01
3.000000000000000e+00	5.909920795040325e-01
3.000000000000000e+00	5.611383090666038e-01
3.000000000000000e+00	6.293961673387038e-01
3.000000000000000e+00	6.073585002496638e-01
3.000000000000000e+00	5.925254270638832e-01
3.000000000000000e+00	6.397247801888051e-01
3.000000000000000e+00	5.953771038997027e-01
3.000000000000000e+00	5.928050759823692e-01
3.000000000000000e+00	6.083977153136202e-01
3.000000000000000e+00	6.028578878234174e-01
3.000000000000000e+00	5.735326996824718e-01
3.000000000000000e+00	6.294281172269521e-01
3.000000000000000e+00	5.754807353957149e-01
3.000000000000000e+00	6.045733645474355e-01
3.000000000000000e+00	5.705424325009969e-01
3.000000000000000e+00	6.045399825442835e-01
3.000000000000000e+00	5.842785937451258e-01
3.000000000000000e+00	5.936452732029803e-01
3.000000000000000e+00	6.360493781763973e-01
3.000000000000000e+00	6.499840747181619e-01
3.000000000000000e+00	6.190584448410020e-01
3.000000000000000e+00	6.400235715140933e-01
3.000000000000000e+00	5.969527465383425e-01
3.000000000000000e+00	5.953652959410158e-01
3.000000000000000e+00	6.064518637671452e-01
3.000000000000000e+00	6.359184125213249e-01
3.000000000000000e+00	6.532388978221731e-01
3.000000000000000e+00	6.500612221497247e-01
3.000000000000000e+00	6.129063416884462e-01
3.000000000000000e+00	6.274392867144526e-01
3.000000000000000e+00	5.920109890730952e-01
3.000000000000000e+00	6.137128112685533e-01
3.000000000000000e+00	6.066332849370720e-01
3.000000000000000e+00	5.636323816781320e-01
3.000000000000000e+00	6.499506909674139e-01
3.000000000000000e+00	5.582202579782926e-01
3.000000000000000e+00	5.901970059434388e-01
3.000000000000000e+00	6.125797605475742e-01
3.000000000000000e+00	6.415020805253877e-01
3.000000000000000e+00	6.332655658224181e-01
3.000000000000000e+00	6.367115011062540e-01
3.000000000000000e+00	6.095131643993240e-01
3.000000000000000e+00	6.023111503034826e-01
3.000000000000000e+00	5.757911491603414e-01
3.000000000000000e+00	6.127444593214559e-01
3.000000000000000e+00	5.926960147189037e-01
3.000000000000000e+00	6.040944258353476e-01
3.000000000000000e+00	5.734847013539222e-01
3.000000000000000e+00	5.843919845674710e-01
3.000000000000000e+00	5.836688262301933e-01
3.000000000000000e+00	6.405953873308944e-01
3.000000000000000e+00	6.338853203092295e-01
3.000000000000000e+00	6.362276423076210e-01
3.000000000000000e+00	6.394738705546772e-01
3.000000000000000e+00	6.139946131575934e-01
3.000000000000000e+00	5.869500677626521e-01
3.000000000000000e+00	6.062859384083538e-01
3.000000000000000e+00	6.126596436980725e-01
3.000000000000000e+00	5.734640401257844e-01
3.000000000000000e+00	6.057379050490016e-01
3.000000000000000e+00	6.567582302587197e-01
3.000000000000000e+00	6.067354085812990e-01
3.000000000000000e+00	5.533136312957971e-01
3.000000000000000e+00	5.564911595501432e-01
3.000000000000000e+00	6.076320719646638e-01
3.000000000000000e+00	6.215495254407434e-01
3.000000000000000e+00	5.823073347883615e-01
3.000000000000000e+00	6.069124533219209e-01
3.000000000000000e+00	5.609881867354436e-01
3.000000000000000e+00	6.272741819625424e-01
3.000000000000000e+00	6.417931495435900e-01
3.000000000000000e+00	6.471372366905174e-01
3.000000000000000e+00	6.114040528484095e-01
3.000000000000000e+00	6.122402521004653e-01
3.000000000000000e+00	5.675567119099917e-01
3.000000000000000e+00	5.941374384154591e-01
3.000000000000000e+00	6.294781822945796e-01
3.000000000000000e+00	6.190078664968176e-01
3.000000000000000e+00	6.043363160394950e-01
3.000000000000000e+00	5.902931966429787e-01
3.000000000000000e+00	6.137095136697117e-01
3.000000000000000e+00	6.529991673067678e-01
3.000000000000000e+00	6.508113451627171e-01
3.000000000000000e+00	6.339011937593826e-01
3.000000000000000e+00	6.068103977287728e-01
3.000000000000000e+00	5.799400030196520e-01
3.000000000000000e+00	6.266031672106008e-01
3.000000000000000e+00	5.886817014327211e-01
3.000000000000000e+00	5.916522333387433e-01
3.000000000000000e+00	6.364934944573566e-01
3.000000000000000e+00	5.720540147160902e-01
3.000000000000000e+00	6.452075653655074e-01
3.000000000000000e+00	5.928145159508021e-01
3.000000000000000e+00	6.105910285270416e-01
3.000000000000000e+00	6.311324896747986e-01
3.000000000000000e+00	6.245084518985007e-01
3.000000000000000e+00	6.411901060482091e-01
3.000000000000000e+00	5.557750527786410e-01
3.000000000000000e+00	6.233416108773009e-01
3.000000000000000e+00	6.037285083306775e-01
3.000000000000000e+00	6.078842725966883e-01
3.000000000000000e+00	6.129165299813520e-01
3.000000000000000e+00	5.881626864036296e-01
3.000000000000000e+00	5.948570275148172e-01
3.000000000000000e+00	5.980610250857950e-01
3.000000000000000e+00	5.973904754310262e-01
3.000000000000000e+00	6.236634411836889e-01
3.000000000000000e+00	5.707445505701095e-01
3.000000000000000e+00	6.207268560021537e-01
3.000000000000000e+00	6.047310605060147e-01
3.000000000000000e+00	6.089580961555860e-01
3.000000000000000e+00	6.496256141859711e-01
3.000000000000000e+00	6.559235692706611e-01
3.000000000000000e+00	6.231977154671147e-01
3.000000000000000e+00	6.087835156474068e-01
3.000000000000000e+00	5.794492538046191e-01
3.000000000000000e+00	6.286324200982106e-01
3.000000000000000e+00	5.921823769300121e-01
3.000000000000000e+00	5.882598580186500e-01
3.000000000000000e+00	5.856243628978527e-01
3.000000000000000e+00	6.514603810866830e-01
3.000000000000000e+00	6.490171136384023e-01
3.000000000000000e+00	5.960217491267465e-01
3.000000000000000e+00	5.866443535202491e-01
3.000000000000000e+00	6.004517384509422e-01
3.000000000000000e+00	6.018010163227264e-01
3.000000000000000e+00	6.456125864822843e-01
3.000000000000000e+00	5.963195149941966e-01
3.000000000000000e+00	6.171724831477061e-01
3.000000000000000e+00	6.064927421439255e-01
3.000000000000000e+00	5.950718685018140e-01
3.000000000000000e+00	6.020319475114272e-01
3.000000000000000e+00	6.161519526061702e-01
3.000000000000000e+00	6.009563554154302e-01
3.000000000000000e+00	6.193975487945104e-01
3.000000000000000e+00	6.902070592109615e-01
3.000000000000000e+00	6.162015461694252e-01
3.000000000000000e+00	6.234529103513078e-01
3.000000000000000e+00	6.044174523020248e-01
3.000000000000000e+00	6.346982477524103e-01
3.000000000000000e+00	6.458626726611899e-01
3.000000000000000e+00	6.130153433784077e-01
3.000000000000000e+00	6.106622956225088e-01
3.000000000000000e+00	6.486854338510974e-01
3.000000000000000e+00	6.534118642343584e-01
3.000000000000000e+00	6.342434805248690e-01
3.000000000000000e+00	6.115554984941514e-01
3.000000000000000e+00	6.196895080622723e-01
3.000000000000000e+00	6.209894250320822e-01
3.000000000000000e+00	6.599497751546953e-01
3.000000000000000e+00	5.794641202713543e-01
3.000000000000000e+00	5.751712277356212e-01
3.000000000000000e+00	5.758355649215893e-01
3.000000000000000e+00	5.881473255319722e-01
3.000000000000000e+00	6.500673997327229e-01
3.000000000000000e+00	5.681283833123484e-01
3.000000000000000e+00	6.189806458260277e-01
3.000000000000000e+00	6.475569005694282e-01
3.000000000000000e+00	5.623930128436223e-01
3.000000000000000e+00	6.081846065545521e-01
3.000000000000000e+00	6.130255524324131e-01
3.000000000000000e+00	6.317831701926535e-01
3.000000000000000e+00	6.132589277573436e-01
3.000000000000000e+00	5.670947209452956e-01
3.000000000000000e+00	5.820937105049917e-01
3.000000000000000e+00	6.282708993001823e-01
3.000000000000000e+00	5.717852159678933e-01
3.000000000000000e+00	5.580573339667408e-01
3.000000000000000e+00	6.596176203634198e-01
3.000000000000000e+00	5.670130820855520e-01
3.000000000000000e+00	6.221930467868459e-01
3.000000000000000e+00	6.460911131327574e-01
3.000000000000000e+00	5.899645400105281e-01
3.000000000000000e+00	6.451722925211475e-01
3.000000000000000e+00	6.076243820598156e-01
3.000000000000000e+00	6.023251343804448e-01
3.000000000000000e+00	6.108378547656192e-01
3.000000000000000e+00	5.990686023648413e-01
3.000000000000000e+00	5.891225978333274e-01
3.000000000000000e+00	5.758608377626316e-01
3.000000000000000e+00	5.989011421458592e-01
3.000000000000000e+00	6.183346190930293e-01
3.000000000000000e+00	6.048248403139442e-01
3.000000000000000e+00	6.018261320534748e-01
3.000000000000000e+00	5.865930958323713e-01
3.000000000000000e+00	6.165934699263725e-01
3.000000000000000e+00	6.291598055192803e-01
3.000000000000000e+00	5.871665264780052e-01
3.000000000000000e+00	5.942958662923455e-01
3.000000000000000e+00	6.021573329261528e-01
3.000000000000000e+00	6.525274030703553e-01
3.000000000000000e+00	5.945594728798820e-01
3.000000000000000e+00	6.571265462970831e-01
3.000000000000000e+00	6.137715901720331e-01
3.000000000000000e+00	6.028000538352830e-01
