3.450000000000000e+00	7.559411083614018e-01
3.450000000000000e+00	7.201248367966370e-01
3.450000000000000e+00	7.500443239946274e-01
3.450000000000000e+00	7.368223382739792e-01
3.450000000000000e+00	7.169354914564424e-01
3.450000000000000e+00	6.745995470829290e-01
3.450000000000000e+00	6.874326349038471e-01
3.450000000000000e+00	7.685659761773183e-01
3.450000000000000e+00	6.844778698334383e-01
3.450000000000000e+00	6.847908161688113e-01
3.450000000000000e+00	6.919354633410064e-01
3.450000000000000e+00	6.700633011968302e-01
3.450000000000000e+00	7.272118420506851e-01
3.450000000000000e+00	6.904255123970982e-01
3.450000000000000e+00	6.994579655249173e-01
3.450000000000000e+00	6.995075005261235e-01
3.450000000000000e+00	6.883485125300541e-01
3.450000000000000e+00	7.302813959119294e-01
3.450000000000000e+00	7.003274758665556e-01
3.450000000000000e+00	7.242246266075664e-01
3.450000000000000e+00	7.210609731436238e-01
3.450000000000000e+00	7.399780416503838e-01
3.450000000000000e+00	6.962997659543440e-01
3.450000000000000e+00	7.089045669363520e-01
3.450000000000000e+00	6.959772789441186e-01
3.450000000000000e+00	7.270545994279677e-01
3.450000000000000e+00	6.873206079114502e-01
3.450000000000000e+00	7.200407605705412e-01
3.450000000000000e+00	6.879938047435309e-01
3.450000000000000e+00	7.788854408910412e-01
3.450000000000000e+00	7.253478842058945e-01
3.450000000000000e+00	7.332028124180786e-01
3.450000000000000e+00	7.270385206018057e-01
3.450000000000000e+00	7.018257508352722e-01
3.450000000000000e+00	6.860446612537955e-01
3.450000000000000e+00	6.523401791290873e-01
3.450000000000000e+00	7.290551492882789e-01
3.450000000000000e+00	7.099417990712915e-01
3.450000000000000e+00	7.081570778562888e-01
3.450000000000000e+00	7.076411537331126e-01
3.450000000000000e+00	6.957898748138288e-01
3.450000000000000e+00	7.009140037647125e-01
3.450000000000000e+00	6.819606152033679e-01
3.450000000000000e+00	6.959642797927299e-01
3.450000000000000e+00	7.429750785795820e-01
3.450000000000000e+00	7.298028546799282e-01
3.450000000000000e+00	7.080179268244153e-01
3.450000000000000e+00	6.877182295752828e-01
3.450000000000000e+00	6.929257692107116e-01
3.450000000000000e+00	7.118382951263588e-01
3.450000000000000e+00	7.117633147634168e-01
3.450000000000000e+00	7.337156027094534e-01
3.450000000000000e+00	7.378980617674655e-01
3.450000000000000e+00	7.092583515453023e-01
3.450000000000000e+00	6.684231546442694e-01
3.450000000000000e+00	6.956856207980108e-01
3.450000000000000e+00	6.594692974193819e-01
3.450000000000000e+00	6.960081208366297e-01
3.450000000000000e+00	7.297057353038899e-01
3.450000000000000e+00	7.114777349344186e-01
3.450000000000000e+00	6.979899131110627e-01
3.450000000000000e+00	6.952190838733071e-01
3.450000000000000e+00	7.448376802039232e-01
3.450000000000000e+00	6.974325139781037e-01
3.450000000000000e+00	7.187813740613109e-01
3.450000000000000e+00	6.904027853331551e-01
3.450000000000000e+00	7.265280623879219e-01
3.450000000000000e+00	7.020839451692372e-01
3.450000000000000e+00	7.571887819203468e-01
3.450000000000000e+00	7.112986745507019e-01
3.450000000000000e+00	7.149285865753205e-01
3.450000000000000e+00	7.304203514214270e-01
3.450000000000000e+00	7.004043332462134e-01
3.450000000000000e+00	6.784814104453611e-01
3.450000000000000e+00	6.883294971233965e-01
3.450000000000000e+00	7.808486065719473e-01
3.450000000000000e+00	6.996328763711981e-01
3.450000000000000e+00	6.886041052142214e-01
3.450000000000000e+00	7.227176468752302e-01
3.450000000000000e+00	7.316326056437451e-01
3.450000000000000e+00	6.561009995119554e-01
3.450000000000000e+00	7.180076370029432e-01
3.450000000000000e+00	7.338290401766732e-01
3.450000000000000e+00	7.180389789706445e-01
3.450000000000000e+00	6.963814501405585e-01
3.450000000000000e+00	7.306620707010876e-01
3.450000000000000e+00	7.191876945667842e-01
3.450000000000000e+00	7.264635999430435e-01
3.450000000000000e+00	7.133043506888743e-01
3.450000000000000e+00	6.988301134337317e-01
3.450000000000000e+00	7.559966142074345e-01
3.450000000000000e+00	7.683935343922995e-01
3.450000000000000e+00	7.197484786303925e-01
3.450000000000000e+00	7.455148705529503e-01
3.450000000000000e+00	7.322126455446919e-01
3.450000000000000e+00	7.308403629123317e-01
3.450000000000000e+00	7.196570046142360e-01
3.450000000000000e+00	7.406315559169876e-01
3.450000000000000e+00	7.441669481479780e-01
3.450000000000000e+00	7.207377637618470e-01
3.450000000000000e+00	7.342422087976017e-01
3.450000000000000e+00	7.143563709249904e-01
3.450000000000000e+00	7.285498466720902e-01
3.450000000000000e+00	7.269125519999416e-01
3.450000000000000e+00	7.532369079877697e-01
3.450000000000000e+00	6.944031192853700e-01
3.450000000000000e+00	7.302017437573507e-01
3.450000000000000e+00	6.712479778351768e-01
3.450000000000000e+00	7.269658723933679e-01
3.450000000000000e+00	6.944862202147156e-01
3.450000000000000e+00	7.349533552375649e-01
3.450000000000000e+00	7.462613325201474e-01
3.450000000000000e+00	7.097848347387432e-01
3.450000000000000e+00	6.788492222442026e-01
3.450000000000000e+00	7.388943561363197e-01
3.450000000000000e+00	7.270524333818202e-01
3.450000000000000e+00	7.137046258063591e-01
3.450000000000000e+00	6.996125606762267e-01
3.450000000000000e+00	7.288731909040612e-01
3.450000000000000e+00	7.179237799738162e-01
3.450000000000000e+00	7.277827829055286e-01
3.450000000000000e+00	6.868175734639463e-01
3.450000000000000e+00	6.936709532167166e-01
3.450000000000000e+00	6.982003852011002e-01
3.450000000000000e+00	7.274313880250814e-01
3.450000000000000e+00	7.473468035566598e-01
3.450000000000000e+00	6.893163306647649e-01
3.450000000000000e+00	7.183735624095026e-01
3.450000000000000e+00	7.380676167165187e-01
3.450000000000000e+00	7.127645796159855e-01
3.450000000000000e+00	6.877077567062666e-01
3.450000000000000e+00	6.900158158633451e-01
3.450000000000000e+00	6.655945184014659e-01
3.450000000000000e+00	7.065434762166677e-01
3.450000000000000e+00	6.751597835215336e-01
3.450000000000000e+00	7.168395988859599e-01
3.450000000000000e+00	7.318916996750238e-01
3.450000000000000e+00	6.969415106115445e-01
3.450000000000000e+00	6.944100462109359e-01
3.450000000000000e+00	7.044998021743775e-01
3.450000000000000e+00	7.251184257982343e-01
3.450000000000000e+00	7.028522493917543e-01
3.450000000000000e+00	7.140992845734635e-01
3.450000000000000e+00	7.597577284959923e-01
3.450000000000000e+00	7.472011500384264e-01
3.450000000000000e+00	7.066143605323559e-01
3.450000000000000e+00	7.621227658574335e-01
3.450000000000000e+00	7.166857028411558e-01
3.450000000000000e+00	6.743372857360778e-01
3.450000000000000e+00	7.468568132664133e-01
3.450000000000000e+00	7.328757542374594e-01
3.450000000000000e+00	7.286028915559348e-01
3.450000000000000e+00	6.942131844029501e-01
3.450000000000000e+00	6.884075068170039e-01
3.450000000000000e+00	6.713222524236233e-01
3.450000000000000e+00	6.807996584015521e-01
3.450000000000000e+00	7.101895357224305e-01
3.450000000000000e+00	6.806200610109154e-01
3.450000000000000e+00	6.488429756936615e-01
3.450000000000000e+00	6.816933185327615e-01
3.450000000000000e+00	7.256445461948919e-01
3.450000000000000e+00	6.821422610757923e-01
3.450000000000000e+00	6.921802476507085e-01
3.450000000000000e+00	7.230974736308644e-01
3.450000000000000e+00	6.871801629484546e-01
3.450000000000000e+00	7.352612707609230e-01
3.450000000000000e+00	7.078331798558591e-01
3.450000000000000e+00	7.087039482068479e-01
3.450000000000000e+00	7.098007471514953e-01
3.450000000000000e+00	7.135152682234125e-01
3.450000000000000e+00	6.753193817990183e-01
3.450000000000000e+00	6.843774101246234e-01
3.450000000000000e+00	7.292944108063466e-01
3.450000000000000e+00	7.239829640901302e-01
3.450000000000000e+00	7.165710906676507e-01
3.450000000000000e+00	7.122654848326624e-01
3.450000000000000e+00	7.009409888089037e-01
3.450000000000000e+00	7.232601708337726e-01
3.450000000000000e+00	7.300239785644413e-01
3.450000000000000e+00	7.382091511388338e-01
3.450000000000000e+00	7.747114908766656e-01
3.450000000000000e+00	7.672794208617815e-01
3.450000000000000e+00	7.470066402306024e-01
3.450000000000000e+00	6.961699758360520e-01
3.450000000000000e+00	6.791194084482921e-01
3.450000000000000e+00	7.138788139640323e-01
3.450000000000000e+00	6.968634998565798e-01
3.450000000000000e+00	7.142062376930075e-01
3.450000000000000e+00	7.087490947421317e-01
3.450000000000000e+00	7.139043463929742e-01
3.450000000000000e+00	7.241636953443328e-01
3.450000000000000e+00	6.845782510625652e-01
3.450000000000000e+00	7.173051894100213e-01
3.450000000000000e+00	6.801517661411252e-01
3.450000000000000e+00	7.272769189947293e-01
3.450000000000000e+00	7.025089292241306e-01
3.450000000000000e+00	7.664055981011536e-01
3.450000000000000e+00	7.505827963667373e-01
3.450000000000000e+00	7.689715225327888e-01
3.450000000000000e+00	7.282358548348858e-01
3.450000000000000e+00	6.943987310218902e-01
3.450000000000000e+00	6.903715475728061e-01
3.450000000000000e+00	6.732191740114254e-01
3.450000000000000e+00	7.033793788121921e-01
3.450000000000000e+00	7.164344749292960e-01
3.450000000000000e+00	6.638517136790785e-01
3.450000000000000e+00	7.457857920597765e-01
3.450000000000000e+00	6.958116654711965e-01
3.450000000000000e+00	7.419742960643813e-01
3.450000000000000e+00	7.006411167020281e-01
3.450000000000000e+00	7.236572207749521e-01
3.450000000000000e+00	7.072127187872564e-01
3.450000000000000e+00	7.096801474770665e-01
3.450000000000000e+00	7.557283890008889e-01
3.450000000000000e+00	7.498346567887714e-01
3.450000000000000e+00	7.838205822756769e-01
3.450000000000000e+00	6.898342139048548e-01
3.450000000000000e+00	7.226912784741902e-01
3.450000000000000e+00	7.138819649958411e-01
3.450000000000000e+00	7.265610156652103e-01
3.450000000000000e+00	7.230042146206034e-01
3.450000000000000e+00	7.160885186628115e-01
3.450000000000000e+00	7.086002652885043e-01
3.450000000000000e+00	6.896668256188196e-01
3.450000000000000e+00	6.759918938952845e-01
3.450000000000000e+00	7.267826995546659e-01
3.450000000000000e+00	7.475400258751176e-01
3.450000000000000e+00	7.234456287916373e-01
3.450000000000000e+00	7.258080524110394e-01
3.450000000000000e+00	7.034351250122283e-01
3.450000000000000e+00	6.947496813812043e-01
3.450000000000000e+00	7.574329545605031e-01
3.450000000000000e+00	7.189900652097702e-01
3.450000000000000e+00	7.387047240097557e-01
3.450000000000000e+00	7.145305877689904e-01
3.450000000000000e+00	7.171325091620256e-01
3.450000000000000e+00	7.351804256025151e-01
3.450000000000000e+00	7.097221135503093e-01
3.450000000000000e+00	7.082630751087974e-01
3.450000000000000e+00	7.152977754115869e-01
3.450000000000000e+00	7.018668607517585e-01
3.450000000000000e+00	6.963436039804541e-01
3.450000000000000e+00	7.158808160670520e-01
3.450000000000000e+00	6.857070345253636e-01
3.450000000000000e+00	7.202242364939919e-01
3.450000000000000e+00	7.253198210607084e-01
3.450000000000000e+00	7.374625562453913e-01
3.450000000000000e+00	7.637611812752897e-01
3.450000000000000e+00	7.024889436385826e-01
3.450000000000000e+00	6.969129911984389e-01
3.450000000000000e+00	7.680099741048677e-01
3.450000000000000e+00	6.650840510320596e-01
3.450000000000000e+00	7.137240023232361e-01
3.450000000000000e+00	7.328671402689400e-01
3.450000000000000e+00	7.150696193965167e-01
3.450000000000000e+00	7.072317899351553e-01
3.450000000000000e+00	7.055683670218689e-01
3.450000000000000e+00	7.312908687989275e-01
3.450000000000000e+00	7.184347257137831e-01
3.450000000000000e+00	6.964828080930556e-01
3.450000000000000e+00	7.287211339782690e-01
3.450000000000000e+00	7.341925428904855e-01
3.450000000000000e+00	6.883594373026539e-01
3.450000000000000e+00	7.201216772201471e-01
3.450000000000000e+00	7.019543116323921e-01
3.450000000000000e+00	7.029301611958856e-01
3.450000000000000e+00	7.296029085509983e-01
3.450000000000000e+00	6.713468424297311e-01
3.450000000000000e+00	7.278800109514797e-01
3.450000000000000e+00	6.672009763171808e-01
3.450000000000000e+00	7.267336734225116e-01
3.450000000000000e+00	6.942612256294924e-01
3.450000000000000e+00	6.972003089428457e-01
3.450000000000000e+00	6.981365227598716e-01
3.450000000000000e+00	7.506514166671696e-01
3.450000000000000e+00	7.093133968313264e-01
3.450000000000000e+00	7.143902224357900e-01
3.450000000000000e+00	7.028476676074300e-01
3.450000000000000e+00	7.221594136316454e-01
3.450000000000000e+00	7.165619032328766e-01
3.450000000000000e+00	7.389199113784573e-01
3.450000000000000e+00	7.220446079980007e-01
3.450000000000000e+00	7.131165211902467e-01
3.450000000000000e+00	7.378517217975162e-01
3.450000000000000e+00	7.000583582006566e-01
3.450000000000000e+00	7.000717195180703e-01
3.450000000000000e+00	7.408452551877521e-01
3.450000000000000e+00	6.747520893232486e-01
3.450000000000000e+00	7.250164186471206e-01
3.450000000000000e+00	7.416566226198910e-01
3.450000000000000e+00	7.390167255548152e-01
3.450000000000000e+00	7.146997587525361e-01
3.450000000000000e+00	7.120967466408749e-01
3.450000000000000e+00	7.105154978846465e-01
3.450000000000000e+00	7.063721039267358e-01
3.450000000000000e+00	7.004698881147298e-01
3.450000000000000e+00	7.312106247584226e-01
3.450000000000000e+00	7.591093068842081e-01
3.450000000000000e+00	7.176470221795427e-01
3.450000000000000e+00	7.511450241309076e-01
3.450000000000000e+00	7.059653838145742e-01
3.450000000000000e+00	7.064618698809473e-01
3.450000000000000e+00	7.079506499748056e-01
3.450000000000000e+00	7.254580072548366e-01
3.450000000000000e+00	7.224283112473386e-01
3.450000000000000e+00	7.428012807720276e-01
3.450000000000000e+00	7.462754209505420e-01
3.450000000000000e+00	6.935722892033377e-01
3.450000000000000e+00	7.290211259136669e-01
3.450000000000000e+00	7.239216917373433e-01
3.450000000000000e+00	7.304151471216238e-01
3.450000000000000e+00	7.044050418676574e-01
3.450000000000000e+00	7.442688427139054e-01
3.450000000000000e+00	7.357035751477856e-01
3.450000000000000e+00	6.895221324131882e-01
3.450000000000000e+00	7.023824880443486e-01
3.450000000000000e+00	6.787888555555630e-01
3.450000000000000e+00	7.075897218996413e-01
3.450000000000000e+00	6.929245768218950e-01
3.450000000000000e+00	6.859749554587123e-01
3.450000000000000e+00	6.960207871714916e-01
3.450000000000000e+00	7.152697058569030e-01
3.450000000000000e+00	7.261355858366412e-01
3.450000000000000e+00	7.392247049260940e-01
3.450000000000000e+00	7.070792153883815e-01
3.450000000000000e+00	7.586777629649971e-01
3.450000000000000e+00	6.795837159321126e-01
3.450000000000000e+00	7.127224726115595e-01
3.450000000000000e+00	7.105932230382637e-01
3.450000000000000e+00	7.094999027888138e-01
3.450000000000000e+00	7.474699863892392e-01
3.450000000000000e+00	6.929462131297983e-01
3.450000000000000e+00	7.209426280913355e-01
3.450000000000000e+00	7.453963270136523e-01
3.450000000000000e+00	6.883488325557319e-01
3.450000000000000e+00	7.223688648652471e-01
3.450000000000000e+00	6.890395400715426e-01
3.450000000000000e+00	7.436066432777217e-01
3.450000000000000e+00	7.599101081250759e-01
3.450000000000000e+00	7.034785018634140e-01
3.450000000000000e+00	6.878288286622000e-01
3.450000000000000e+00	6.873810665593212e-01
3.450000000000000e+00	7.558510488336443e-01
3.450000000000000e+00	6.944761366338416e-01
3.450000000000000e+00	7.298925970538301e-01
3.450000000000000e+00	7.051165965142884e-01
3.450000000000000e+00	6.568684149117244e-01
3.450000000000000e+00	6.907297516274920e-01
3.450000000000000e+00	7.103752855967670e-01
3.450000000000000e+00	7.260227618708590e-01
3.450000000000000e+00	7.434748820953063e-01
3.450000000000000e+00	7.807302335381368e-01
3.450000000000000e+00	7.207710830238806e-01
3.450000000000000e+00	7.490092389508253e-01
3.450000000000000e+00	6.961283773860486e-01
3.450000000000000e+00	6.466777089631209e-01
3.450000000000000e+00	6.634196370545130e-01
3.450000000000000e+00	6.883692732069953e-01
3.450000000000000e+00	7.293127133227368e-01
3.450000000000000e+00	7.462648077061361e-01
3.450000000000000e+00	7.563920538279447e-01
3.450000000000000e+00	7.057287551179021e-01
3.450000000000000e+00	7.015882803577490e-01
3.450000000000000e+00	6.594489671855038e-01
3.450000000000000e+00	6.842762509578294e-01
3.450000000000000e+00	7.147725000715418e-01
3.450000000000000e+00	6.966940482769987e-01
3.450000000000000e+00	6.778520988800729e-01
3.450000000000000e+00	6.753368649084734e-01
3.450000000000000e+00	6.976809337327715e-01
3.450000000000000e+00	7.023651221927628e-01
3.450000000000000e+00	7.324111280548591e-01
3.450000000000000e+00	7.091561607371148e-01
3.450000000000000e+00	7.210889611150534e-01
3.450000000000000e+00	7.574991233008089e-01
3.450000000000000e+00	7.466909150132427e-01
3.450000000000000e+00	7.343381030455290e-01
3.450000000000000e+00	7.368397032466611e-01
3.450000000000000e+00	7.252302905139448e-01
3.450000000000000e+00	7.501222320768175e-01
3.450000000000000e+00	7.453831507040135e-01
3.450000000000000e+00	7.503409823755772e-01
3.450000000000000e+00	7.242559086596426e-01
3.450000000000000e+00	6.728686661229203e-01
3.450000000000000e+00	6.937012269389388e-01
3.450000000000000e+00	7.084303861322229e-01
3.450000000000000e+00	6.738006851680156e-01
3.450000000000000e+00	6.336832093962720e-01
3.450000000000000e+00	7.135026203924457e-01
3.450000000000000e+00	7.167857086114338e-01
3.450000000000000e+00	7.192398582133099e-01
3.450000000000000e+00	6.936897566176733e-01
3.450000000000000e+00	7.301877221380041e-01
3.450000000000000e+00	7.317653861410589e-01
3.450000000000000e+00	7.160893885787136e-01
3.450000000000000e+00	7.193055908491808e-01
3.450000000000000e+00	7.298825453793150e-01
3.450000000000000e+00	7.340096118033920e-01
3.450000000000000e+00	6.910086777093458e-01
3.450000000000000e+00	7.092854527376155e-01
3.450000000000000e+00	6.721583521388227e-01
3.450000000000000e+00	7.058172654791918e-01
3.450000000000000e+00	7.321278441617901e-01
3.450000000000000e+00	7.264080692011697e-01
3.450000000000000e+00	7.061603841570911e-01
3.450000000000000e+00	6.793583549534246e-01
3.450000000000000e+00	6.883725497319682e-01
3.450000000000000e+00	6.948116487846755e-01
3.450000000000000e+00	7.112738725595252e-01
3.450000000000000e+00	7.239409242327645e-01
3.450000000000000e+00	7.219344054329935e-01
3.450000000000000e+00	7.203331965196107e-01
3.450000000000000e+00	6.969428184381325e-01
3.450000000000000e+00	7.218322583257122e-01
3.450000000000000e+00	7.230782413169515e-01
3.450000000000000e+00	7.134689957736964e-01
3.450000000000000e+00	6.998777531465192e-01
3.450000000000000e+00	7.366163265245244e-01
3.450000000000000e+00	7.380117635381478e-01
3.450000000000000e+00	7.274491281574700e-01
3.450000000000000e+00	7.166133731717368e-01
3.450000000000000e+00	7.435327008641899e-01
3.450000000000000e+00	6.759388920354961e-01
3.450000000000000e+00	7.044481655853257e-01
3.450000000000000e+00	7.301484908866257e-01
3.450000000000000e+00	7.614532983354049e-01
3.450000000000000e+00	7.318728346676187e-01
3.450000000000000e+00	7.235053177074298e-01
3.450000000000000e+00	6.917383272872232e-01
3.450000000000000e+00	6.813823119430678e-01
3.450000000000000e+00	6.817405756856724e-01
3.450000000000000e+00	7.123099352455380e-01
3.450000000000000e+00	7.459319446913526e-01
3.450000000000000e+00	7.191976230957311e-01
3.450000000000000e+00	6.877718842754534e-01
3.450000000000000e+00	7.394994185552952e-01
3.450000000000000e+00	6.913172900271473e-01
3.450000000000000e+00	6.647715662754695e-01
3.450000000000000e+00	7.148448154465612e-01
3.450000000000000e+00	7.283160428314536e-01
3.450000000000000e+00	7.019463221528114e-01
3.450000000000000e+00	7.321966192864433e-01
3.450000000000000e+00	7.359667241750125e-01
3.450000000000000e+00	7.249089861551385e-01
3.450000000000000e+00	7.249370460050221e-01
3.450000000000000e+00	7.078687953391080e-01
3.450000000000000e+00	7.800499337250907e-01
3.450000000000000e+00	6.897926562520100e-01
3.450000000000000e+00	7.152779455476937e-01
3.450000000000000e+00	7.278111349090248e-01
3.450000000000000e+00	6.776302232329703e-01
3.450000000000000e+00	7.233735176572007e-01
3.450000000000000e+00	6.699467726157478e-01
3.450000000000000e+00	7.013431260301598e-01
3.450000000000000e+00	7.303410534649216e-01
3.450000000000000e+00	6.936354768883382e-01
3.450000000000000e+00	7.032542235975042e-01
3.450000000000000e+00	7.167267622002905e-01
3.450000000000000e+00	7.414195543502657e-01
3.450000000000000e+00	7.285991366787243e-01
3.450000000000000e+00	7.176462137590862e-01
3.450000000000000e+00	7.006706030636238e-01
3.450000000000000e+00	7.180075263652183e-01
3.450000000000000e+00	7.241163247733984e-01
3.450000000000000e+00	7.298383731274383e-01
3.450000000000000e+00	6.964762160408932e-01
3.450000000000000e+00	7.124708327715560e-01
3.450000000000000e+00	7.339580237494694e-01
3.450000000000000e+00	7.001269040525326e-01
3.450000000000000e+00	7.471118103104402e-01
3.450000000000000e+00	7.154889911597843e-01
3.450000000000000e+00	7.138047436137689e-01
3.450000000000000e+00	6.884411196842554e-01
3.450000000000000e+00	6.672300560926312e-01
3.450000000000000e+00	7.101238823294801e-01
3.450000000000000e+00	7.588956133925783e-01
3.450000000000000e+00	7.082230992769931e-01
3.450000000000000e+00	7.440769074615512e-01
3.450000000000000e+00	7.042520855965236e-01
3.450000000000000e+00	7.014451637933279e-01
3.450000000000000e+00	6.643764459041257e-01
3.450000000000000e+00	7.040715661224165e-01
3.450000000000000e+00	7.429862279699094e-01
3.450000000000000e+00	6.919796127274833e-01
3.450000000000000e+00	7.477564701556779e-01
3.450000000000000e+00	7.327819856570115e-01
3.450000000000000e+00	6.948934897032576e-01
3.450000000000000e+00	7.019881799186738e-01
3.450000000000000e+00	7.221009340626611e-01
3.450000000000000e+00	7.811615300549688e-01
3.450000000000000e+00	7.588851452758774e-01
3.450000000000000e+00	7.139119494075453e-01
3.450000000000000e+00	7.025017825388936e-01
3.450000000000000e+00	6.686811863694928e-01
3.450000000000000e+00	7.239061910381877e-01
3.450000000000000e+00	7.458671640458227e-01
3.450000000000000e+00	7.263149064664411e-01
3.450000000000000e+00	7.197348100379121e-01
3.450000000000000e+00	7.046892688636398e-01
3.450000000000000e+00	7.155935766845223e-01
3.450000000000000e+00	6.898802373534932e-01
3.450000000000000e+00	7.141115056656060e-01
3.450000000000000e+00	6.955321771451609e-01
3.450000000000000e+00	7.607359277512721e-01
3.450000000000000e+00	7.172536699373677e-01
3.450000000000000e+00	7.340428933504280e-01
3.450000000000000e+00	7.606818779253738e-01
3.450000000000000e+00	7.169971610934338e-01
3.450000000000000e+00	7.004990253062736e-01
3.450000000000000e+00	7.005781345793517e-01
3.450000000000000e+00	6.586011299191533e-01
3.450000000000000e+00	7.429109563761358e-01
3.450000000000000e+00	7.131245983315758e-01
3.450000000000000e+00	7.142158958458800e-01
3.450000000000000e+00	7.415305277424159e-01
3.450000000000000e+00	6.759032123683094e-01
3.450000000000000e+00	6.887042166353607e-01
3.450000000000000e+00	6.748899676229824e-01
3.450000000000000e+00	7.062868308673710e-01
3.450000000000000e+00	7.050993714243311e-01
3.450000000000000e+00	7.036801034002307e-01
3.450000000000000e+00	6.977144132857368e-01
3.450000000000000e+00	7.169652927228867e-01
3.450000000000000e+00	7.269391062487441e-01
3.450000000000000e+00	7.103819836234484e-01
3.450000000000000e+00	7.118687792882376e-01
3.450000000000000e+00	7.168345847747295e-01
3.450000000000000e+00	7.591297196874860e-01
3.450000000000000e+00	6.904468334394239e-01
3.450000000000000e+00	7.141410514974206e-01
3.450000000000000e+00	7.111039090704812e-01
3.450000000000000e+00	7.178298316993001e-01
3.450000000000000e+00	6.928707273689176e-01
3.450000000000000e+00	7.325375241374724e-01
3.450000000000000e+00	6.838008908814882e-01
3.450000000000000e+00	7.278840219416000e-01
3.450000000000000e+00	6.947830512307692e-01
3.450000000000000e+00	7.178810151625881e-01
3.450000000000000e+00	6.993774618710235e-01
3.450000000000000e+00	7.113544409701368e-01
3.450000000000000e+00	7.121775337230539e-01
3.450000000000000e+00	7.056076081816900e-01
3.450000000000000e+00	6.979894920937106e-01
3.450000000000000e+00	6.852271528809915e-01
3.450000000000000e+00	7.119686863920176e-01
3.450000000000000e+00	7.232487901582639e-01
3.450000000000000e+00	7.234760866185798e-01
3.450000000000000e+00	7.352557748001541e-01
3.450000000000000e+00	7.401496829162780e-01
3.450000000000000e+00	7.283839776637517e-01
3.450000000000000e+00	7.554312916339714e-01
3.450000000000000e+00	7.330510336065599e-01
3.450000000000000e+00	6.994451820016840e-01
3.450000000000000e+00	6.919629817379874e-01
3.450000000000000e+00	6.894972863833283e-01
3.450000000000000e+00	6.551106025229765e-01
3.450000000000000e+00	7.409526124442550e-01
3.450000000000000e+00	6.689596674965267e-01
3.450000000000000e+00	6.884432737219754e-01
3.450000000000000e+00	7.610484464118370e-01
3.450000000000000e+00	7.175636937937394e-01
3.450000000000000e+00	7.025006736352524e-01
3.450000000000000e+00	7.178331322426061e-01
3.450000000000000e+00	7.101517510041148e-01
3.450000000000000e+00	7.138731366378881e-01
3.450000000000000e+00	6.899022136575257e-01
3.450000000000000e+00	6.642630973878335e-01
3.450000000000000e+00	7.242033956598707e-01
3.450000000000000e+00	7.508442842241103e-01
3.450000000000000e+00	6.787727965382084e-01
3.450000000000000e+00	7.093988882211189e-01
3.450000000000000e+00	7.678675460601259e-01
3.450000000000000e+00	7.169837805454703e-01
3.450000000000000e+00	7.000359897990703e-01
3.450000000000000e+00	7.320512412627309e-01
3.450000000000000e+00	7.092264522191117e-01
3.450000000000000e+00	7.354622752072663e-01
3.450000000000000e+00	7.042659462675149e-01
3.450000000000000e+00	7.040856192528597e-01
3.450000000000000e+00	7.072006172698149e-01
3.450000000000000e+00	7.186283057637816e-01
3.450000000000000e+00	7.213239313917380e-01
3.450000000000000e+00	6.972689036593865e-01
3.450000000000000e+00	7.125931200140874e-01
3.450000000000000e+00	6.793781044656217e-01
3.450000000000000e+00	6.895247737933734e-01
3.450000000000000e+00	7.189989739131715e-01
3.450000000000000e+00	7.727062027596732e-01
3.450000000000000e+00	7.202958437091866e-01
3.450000000000000e+00	7.131412776067484e-01
3.450000000000000e+00	7.129284332842377e-01
3.450000000000000e+00	6.990427176498103e-01
3.450000000000000e+00	6.837400616156576e-01
3.450000000000000e+00	7.116215035937500e-01
3.450000000000000e+00	7.009941135766894e-01
3.450000000000000e+00	6.772682078748904e-01
3.450000000000000e+00	7.059192864297295e-01
3.450000000000000e+00	7.136775854262400e-01
3.450000000000000e+00	7.277039820093922e-01
3.450000000000000e+00	7.250638606486920e-01
3.450000000000000e+00	6.946313210347681e-01
3.450000000000000e+00	7.090226299782583e-01
3.450000000000000e+00	6.818433567106279e-01
3.450000000000000e+00	6.774793419439655e-01
3.450000000000000e+00	7.097205657776391e-01
3.450000000000000e+00	6.970804330805522e-01
3.450000000000000e+00	7.426910927654032e-01
3.450000000000000e+00	7.554261625744906e-01
3.450000000000000e+00	7.098802316154038e-01
3.450000000000000e+00	7.575985945623940e-01
3.450000000000000e+00	7.425285460459345e-01
3.450000000000000e+00	7.446147336404909e-01
3.450000000000000e+00	7.119860469565802e-01
3.450000000000000e+00	7.059655061358162e-01
3.450000000000000e+00	7.435096318023769e-01
3.450000000000000e+00	6.826091455431956e-01
3.450000000000000e+00	6.971885919232182e-01
3.450000000000000e+00	7.114930265166336e-01
3.450000000000000e+00	6.817257387178377e-01
3.450000000000000e+00	6.999378248072784e-01
3.450000000000000e+00	6.806746812963070e-01
3.450000000000000e+00	6.963967276403680e-01
3.450000000000000e+00	7.260562867053652e-01
3.450000000000000e+00	7.038479041987366e-01
3.450000000000000e+00	7.175047801558307e-01
3.450000000000000e+00	7.426111105132868e-01
3.450000000000000e+00	7.267564565008613e-01
3.450000000000000e+00	7.132444198106890e-01
3.450000000000000e+00	6.964603524414649e-01
3.450000000000000e+00	7.097500658124047e-01
3.450000000000000e+00	6.995416169269638e-01
3.450000000000000e+00	7.471691950265760e-01
3.450000000000000e+00	6.997557933150734e-01
3.450000000000000e+00	7.028186639257038e-01
3.450000000000000e+00	6.683809005895044e-01
3.450000000000000e+00	6.997381298006992e-01
3.450000000000000e+00	7.065945984072651e-01
3.450000000000000e+00	6.890194034972388e-01
3.450000000000000e+00	7.358618123377847e-01
3.450000000000000e+00	6.974375795593328e-01
3.450000000000000e+00	7.179789546338241e-01
3.450000000000000e+00	6.660265577598271e-01
3.450000000000000e+00	7.098170198131800e-01
3.450000000000000e+00	6.959898212662462e-01
3.450000000000000e+00	7.039911711675787e-01
3.450000000000000e+00	6.996930572503832e-01
3.450000000000000e+00	7.005470780198750e-01
3.450000000000000e+00	7.217735209655806e-01
3.450000000000000e+00	7.476747376987565e-01
3.450000000000000e+00	7.003247315637083e-01
3.450000000000000e+00	6.849883892774519e-01
3.450000000000000e+00	6.938860020907810e-01
3.450000000000000e+00	7.074783601076190e-01
3.450000000000000e+00	7.113004669391506e-01
3.450000000000000e+00	7.091083992649825e-01
3.450000000000000e+00	7.822950274554842e-01
3.450000000000000e+00	7.292406771976511e-01
3.450000000000000e+00	7.091361851801647e-01
3.450000000000000e+00	7.133071584933361e-01
3.450000000000000e+00	7.413822543482455e-01
3.450000000000000e+00	7.437502574415455e-01
3.450000000000000e+00	7.385208771389895e-01
3.450000000000000e+00	7.054771219476700e-01
3.450000000000000e+00	7.057359004170211e-01
3.450000000000000e+00	6.939950010218071e-01
3.450000000000000e+00	6.406324043441785e-01
3.450000000000000e+00	6.899125509236959e-01
3.450000000000000e+00	7.080579202808113e-01
3.450000000000000e+00	7.358299704207066e-01
3.450000000000000e+00	7.153649647703367e-01
3.450000000000000e+00	6.841455848127911e-01
3.450000000000000e+00	7.083459012600456e-01
3.450000000000000e+00	6.996931126157124e-01
3.450000000000000e+00	6.851535924584908e-01
3.450000000000000e+00	7.002754130306091e-01
3.450000000000000e+00	7.426188475715512e-01
3.450000000000000e+00	7.043963745312573e-01
3.450000000000000e+00	6.449519351906789e-01
3.450000000000000e+00	7.015190564657985e-01
3.450000000000000e+00	6.870208272437806e-01
3.450000000000000e+00	6.996280280736230e-01
3.450000000000000e+00	7.037232393501778e-01
3.450000000000000e+00	7.142828654260640e-01
3.450000000000000e+00	6.857146344806317e-01
3.450000000000000e+00	7.093838260967915e-01
3.450000000000000e+00	7.375585027234431e-01
3.450000000000000e+00	7.120671505938999e-01
3.450000000000000e+00	7.184953652244596e-01
3.450000000000000e+00	7.069300103079168e-01
3.450000000000000e+00	6.683815850143353e-01
3.450000000000000e+00	6.934735571674068e-01
3.450000000000000e+00	7.563981669908217e-01
3.450000000000000e+00	7.137715003352243e-01
3.450000000000000e+00	7.192368887382276e-01
3.450000000000000e+00	7.134018237379109e-01
3.450000000000000e+00	7.166939510186382e-01
3.450000000000000e+00	7.225612823772876e-01
3.450000000000000e+00	7.349542026363599e-01
3.450000000000000e+00	7.304997749201702e-01
3.450000000000000e+00	7.210338419011277e-01
3.450000000000000e+00	6.767668018473632e-01
3.450000000000000e+00	7.299772344605153e-01
3.450000000000000e+00	6.825970654873155e-01
3.450000000000000e+00	6.780032188930398e-01
3.450000000000000e+00	6.716338376567097e-01
3.450000000000000e+00	6.873583701619024e-01
3.450000000000000e+00	7.219757813935604e-01
3.450000000000000e+00	7.370198078641104e-01
3.450000000000000e+00	7.011649036537753e-01
3.450000000000000e+00	7.111590478600521e-01
3.450000000000000e+00	7.603999404581826e-01
3.450000000000000e+00	7.535198880567598e-01
3.450000000000000e+00	7.500727819520889e-01
3.450000000000000e+00	6.946740113388414e-01
3.450000000000000e+00	7.006030381959578e-01
3.450000000000000e+00	7.199310578214571e-01
3.450000000000000e+00	7.169294350811588e-01
3.450000000000000e+00	7.210928640319597e-01
3.450000000000000e+00	6.898244023536889e-01
3.450000000000000e+00	6.657648679962792e-01
3.450000000000000e+00	7.537761762092710e-01
3.450000000000000e+00	6.897218787091282e-01
3.450000000000000e+00	6.959153702744239e-01
3.450000000000000e+00	7.157149522004514e-01
3.450000000000000e+00	6.945075349094427e-01
3.450000000000000e+00	7.080501507020202e-01
3.450000000000000e+00	6.903200875018697e-01
3.450000000000000e+00	6.975430840074245e-01
3.450000000000000e+00	7.179277477840867e-01
3.450000000000000e+00	7.419344544042881e-01
3.450000000000000e+00	7.231629868108636e-01
3.450000000000000e+00	7.277725411751333e-01
3.450000000000000e+00	7.063804148745423e-01
3.450000000000000e+00	7.029794098785943e-01
3.450000000000000e+00	7.081527005773505e-01
3.450000000000000e+00	6.606527408984242e-01
3.450000000000000e+00	6.582494160977233e-01
3.450000000000000e+00	7.629021252982873e-01
3.450000000000000e+00	7.166263787217598e-01
3.450000000000000e+00	6.839461042452504e-01
3.450000000000000e+00	7.219876296564703e-01
3.450000000000000e+00	6.846183740350497e-01
3.450000000000000e+00	7.459813485362052e-01
3.450000000000000e+00	7.161427686214826e-01
3.450000000000000e+00	7.462485748266083e-01
3.450000000000000e+00	6.952502272102239e-01
3.450000000000000e+00	7.319691980799402e-01
3.450000000000000e+00	7.723634793622779e-01
3.450000000000000e+00	7.463676664693473e-01
3.450000000000000e+00	7.051071280032480e-01
3.450000000000000e+00	6.870382427310134e-01
3.450000000000000e+00	7.252598490236534e-01
3.450000000000000e+00	7.337305734390469e-01
3.450000000000000e+00	7.694748469525488e-01
3.450000000000000e+00	6.835906452494396e-01
3.450000000000000e+00	6.996463915447946e-01
3.450000000000000e+00	6.834837239372628e-01
3.450000000000000e+00	7.097014923857492e-01
3.450000000000000e+00	7.065321248334722e-01
3.450000000000000e+00	7.050810880520935e-01
3.450000000000000e+00	6.938106623902197e-01
3.450000000000000e+00	7.676218494362979e-01
3.450000000000000e+00	7.183368506316362e-01
3.450000000000000e+00	7.143230248353086e-01
3.450000000000000e+00	7.008873714603189e-01
3.450000000000000e+00	7.477302756150586e-01
3.450000000000000e+00	7.198095247577546e-01
3.450000000000000e+00	7.190308931171662e-01
3.450000000000000e+00	6.853977667805600e-01
3.450000000000000e+00	7.262068601514863e-01
3.450000000000000e+00	7.129042166610821e-01
3.450000000000000e+00	7.266490765698395e-01
3.450000000000000e+00	7.157035504758714e-01
3.450000000000000e+00	7.255891526657667e-01
3.450000000000000e+00	7.428857767135293e-01
3.450000000000000e+00	6.971751116994757e-01
3.450000000000000e+00	7.496323944110173e-01
3.450000000000000e+00	7.005341791953882e-01
3.450000000000000e+00	7.010435759715350e-01
3.450000000000000e+00	7.344450297224548e-01
3.450000000000000e+00	7.137392474137364e-01
3.450000000000000e+00	7.091933264166955e-01
3.450000000000000e+00	7.343047571208268e-01
3.450000000000000e+00	6.843929866419216e-01
3.450000000000000e+00	7.283716489670292e-01
3.450000000000000e+00	7.144241749909724e-01
3.450000000000000e+00	7.593478921737316e-01
3.450000000000000e+00	6.806393148620021e-01
3.450000000000000e+00	7.142884674694211e-01
3.450000000000000e+00	7.318572540612139e-01
3.450000000000000e+00	7.535737748854873e-01
3.450000000000000e+00	7.098903587419244e-01
3.450000000000000e+00	6.842193820873194e-01
3.450000000000000e+00	7.199820872142485e-01
3.450000000000000e+00	6.728368601757363e-01
3.450000000000000e+00	7.055944395438731e-01
3.450000000000000e+00	7.090633555033932e-01
3.450000000000000e+00	6.621484739470309e-01
3.450000000000000e+00	6.818855484116777e-01
3.450000000000000e+00	7.373718923600296e-01
3.450000000000000e+00	6.797898340974989e-01
3.450000000000000e+00	7.177942541833099e-01
3.450000000000000e+00	7.250298975759261e-01
3.450000000000000e+00	7.267983481870324e-01
3.450000000000000e+00	7.191504498314727e-01
3.450000000000000e+00	6.649710438545343e-01
3.450000000000000e+00	7.392234169939428e-01
3.450000000000000e+00	6.993365661607343e-01
3.450000000000000e+00	7.223886098330270e-01
3.450000000000000e+00	7.030762445299313e-01
3.450000000000000e+00	7.008603579768095e-01
3.450000000000000e+00	7.101930411631067e-01
3.450000000000000e+00	7.145129102095182e-01
3.450000000000000e+00	7.300928392571748e-01
3.450000000000000e+00	7.265687342671661e-01
3.450000000000000e+00	6.785171384352439e-01
3.450000000000000e+00	7.527346003824815e-01
3.450000000000000e+00	7.021337958941763e-01
3.450000000000000e+00	7.154695267746077e-01
3.450000000000000e+00	7.332086823597512e-01
3.450000000000000e+00	7.232055521940045e-01
3.450000000000000e+00	6.822090833902337e-01
3.450000000000000e+00	7.097699418989747e-01
3.450000000000000e+00	7.036088591041446e-01
3.450000000000000e+00	7.213559522831999e-01
3.450000000000000e+00	6.750508018861558e-01
3.450000000000000e+00	7.334361458568078e-01
3.450000000000000e+00	7.424706990091335e-01
3.450000000000000e+00	6.912787494214928e-01
3.450000000000000e+00	6.868372413852031e-01
3.450000000000000e+00	6.738870428849053e-01
3.450000000000000e+00	7.154988179533532e-01
3.450000000000000e+00	6.865786431702625e-01
3.450000000000000e+00	6.855645726292936e-01
3.450000000000000e+00	7.103748603073373e-01
3.450000000000000e+00	7.278663082484552e-01
3.450000000000000e+00	7.301242690830329e-01
3.450000000000000e+00	7.168749386083658e-01
3.450000000000000e+00	6.969602271585231e-01
3.450000000000000e+00	7.072687094241115e-01
3.450000000000000e+00	6.968789095446984e-01
3.450000000000000e+00	7.566505959830010e-01
3.450000000000000e+00	7.686320862552859e-01
3.450000000000000e+00	6.878442804055687e-01
3.450000000000000e+00	6.706106232300117e-01
3.450000000000000e+00	7.297951837629313e-01
3.450000000000000e+00	6.865221310728568e-01
3.450000000000000e+00	7.222197203732861e-01
3.450000000000000e+00	7.752063729763080e-01
3.450000000000000e+00	7.093922298099151e-01
3.450000000000000e+00	7.288600797542986e-01
3.450000000000000e+00	7.078027985243404e-01
3.450000000000000e+00	6.669668687138444e-01
3.450000000000000e+00	6.996060053699964e-01
3.450000000000000e+00	7.366125725219218e-01
3.450000000000000e+00	6.841324663208418e-01
3.450000000000000e+00	7.093602264533986e-01
3.450000000000000e+00	6.689964064330174e-01
3.450000000000000e+00	7.373928247151974e-01
3.450000000000000e+00	6.634422874049273e-01
3.450000000000000e+00	6.517355474693948e-01
3.450000000000000e+00	7.320787739148729e-01
3.450000000000000e+00	6.713116875195420e-01
3.450000000000000e+00	6.871322497581239e-01
3.450000000000000e+00	6.802218580702274e-01
3.450000000000000e+00	7.186919349290731e-01
3.450000000000000e+00	7.163192745039227e-01
3.450000000000000e+00	7.554522939605429e-01
3.450000000000000e+00	6.917787728988249e-01
3.450000000000000e+00	7.557581258282335e-01
3.450000000000000e+00	7.127858994246091e-01
3.450000000000000e+00	7.043511753730020e-01
3.450000000000000e+00	7.449639389195585e-01
3.450000000000000e+00	7.100232984946075e-01
3.450000000000000e+00	7.383629102429808e-01
3.450000000000000e+00	7.007440143781041e-01
3.450000000000000e+00	6.561676391259723e-01
3.450000000000000e+00	7.327575260965895e-01
3.450000000000000e+00	6.981201387112508e-01
3.450000000000000e+00	6.872896826907877e-01
3.450000000000000e+00	6.914151657058997e-01
3.450000000000000e+00	7.004905746082450e-01
3.450000000000000e+00	6.681803770347432e-01
3.450000000000000e+00	6.879445393766571e-01
3.450000000000000e+00	6.737625465835497e-01
3.450000000000000e+00	7.126607892543030e-01
3.450000000000000e+00	7.378995270202331e-01
3.450000000000000e+00	7.030831355122417e-01
3.450000000000000e+00	7.482595261592139e-01
3.450000000000000e+00	7.404999313280066e-01
3.450000000000000e+00	7.287775137744017e-01
3.450000000000000e+00	7.154249268713994e-01
3.450000000000000e+00	6.935667916722303e-01
3.450000000000000e+00	7.075531770126268e-01
3.450000000000000e+00	7.003658637946316e-01
3.450000000000000e+00	7.555780936958830e-01
3.450000000000000e+00	7.333530222880741e-01
3.450000000000000e+00	6.948362797290710e-01
3.450000000000000e+00	7.104404448399360e-01
3.450000000000000e+00	7.126273339935740e-01
3.450000000000000e+00	7.027162940119958e-01
3.450000000000000e+00	7.329053190952141e-01
3.450000000000000e+00	6.894688613053770e-01
3.450000000000000e+00	6.785017009435707e-01
3.450000000000000e+00	6.735467031397454e-01
3.450000000000000e+00	6.947892809169056e-01
3.450000000000000e+00	6.877337715138619e-01
3.450000000000000e+00	6.697482244030205e-01
3.450000000000000e+00	6.907354836673320e-01
3.450000000000000e+00	7.230437617417790e-01
3.450000000000000e+00	7.227676553301656e-01
3.450000000000000e+00	7.155071919352228e-01
3.450000000000000e+00	7.143165766451444e-01
3.450000000000000e+00	7.023687237959212e-01
3.450000000000000e+00	7.374594505077361e-01
3.450000000000000e+00	7.453295028480864e-01
3.450000000000000e+00	7.209371892022195e-01
3.450000000000000e+00	7.141240251866130e-01
3.450000000000000e+00	7.452034928419098e-01
3.450000000000000e+00	7.020155279979332e-01
3.450000000000000e+00	7.452853746586946e-01
3.450000000000000e+00	7.122712097088895e-01
3.450000000000000e+00	7.188367886545715e-01
3.450000000000000e+00	7.371091531208480e-01
3.450000000000000e+00	7.523339387735873e-01
3.450000000000000e+00	6.758553208808218e-01
3.450000000000000e+00	7.524383323190960e-01
3.450000000000000e+00	7.203726378986164e-01
3.450000000000000e+00	7.027224753874237e-01
3.450000000000000e+00	7.144412952391662e-01
3.450000000000000e+00	6.939027423025786e-01
3.450000000000000e+00	7.381271119094083e-01
3.450000000000000e+00	7.374351006109804e-01
3.450000000000000e+00	7.513414855716062e-01
3.450000000000000e+00	7.177798246735005e-01
3.450000000000000e+00	6.810297264451249e-01
3.450000000000000e+00	7.005769984643586e-01
3.450000000000000e+00	7.287536760424355e-01
3.450000000000000e+00	7.443099357475904e-01
3.450000000000000e+00	7.374219081975193e-01
3.450000000000000e+00	7.818143110999076e-01
3.450000000000000e+00	7.445539288527946e-01
3.450000000000000e+00	7.202257368873219e-01
3.450000000000000e+00	7.144702401390504e-01
3.450000000000000e+00	7.220892600376653e-01
3.450000000000000e+00	7.043594780798605e-01
3.450000000000000e+00	6.778270313388847e-01
3.450000000000000e+00	7.134005994655089e-01
3.450000000000000e+00	6.989501163493946e-01
3.450000000000000e+00	6.680119543253696e-01
3.450000000000000e+00	6.998860992864991e-01
3.450000000000000e+00	6.564220757298875e-01
3.450000000000000e+00	6.875644626341004e-01
3.450000000000000e+00	6.938648507973800e-01
3.450000000000000e+00	7.484426262459193e-01
3.450000000000000e+00	7.145225134877551e-01
3.450000000000000e+00	7.498371808863885e-01
3.450000000000000e+00	7.502787747769262e-01
3.450000000000000e+00	7.401476407264308e-01
3.450000000000000e+00	6.858944452986707e-01
3.450000000000000e+00	6.732856487673070e-01
3.450000000000000e+00	7.254160149449546e-01
3.450000000000000e+00	7.294078081468598e-01
3.450000000000000e+00	7.139558832326949e-01
3.450000000000000e+00	7.216519831211116e-01
3.450000000000000e+00	7.527183404706764e-01
3.450000000000000e+00	7.149099319905463e-01
3.450000000000000e+00	6.824127981308027e-01
3.450000000000000e+00	6.971781698385968e-01
3.450000000000000e+00	7.128977306738902e-01
3.450000000000000e+00	6.823583815102573e-01
3.450000000000000e+00	7.060014359298038e-01
3.450000000000000e+00	7.671979780577683e-01
3.450000000000000e+00	6.981994148366465e-01
3.450000000000000e+00	7.025530690523838e-01
3.450000000000000e+00	7.503025514237093e-01
3.450000000000000e+00	6.917926369708112e-01
3.450000000000000e+00	7.199952264910825e-01
3.450000000000000e+00	7.351618550244989e-01
3.450000000000000e+00	7.189744412835816e-01
3.450000000000000e+00	7.618449499253387e-01
3.450000000000000e+00	7.254360253843257e-01
3.450000000000000e+00	6.987117862462282e-01
3.450000000000000e+00	6.589695086467512e-01
3.450000000000000e+00	7.364275046365416e-01
3.450000000000000e+00	7.316304848139443e-01
3.450000000000000e+00	7.074149088380426e-01
3.450000000000000e+00	6.921356273460699e-01
3.450000000000000e+00	7.638842574670341e-01
3.450000000000000e+00	7.324175929570306e-01
3.450000000000000e+00	7.082282926618182e-01
3.450000000000000e+00	7.422850550491781e-01
3.450000000000000e+00	7.485952129158725e-01
3.450000000000000e+00	7.206077479999634e-01
3.450000000000000e+00	7.164453657215160e-01
3.450000000000000e+00	6.954501619242508e-01
3.450000000000000e+00	7.437171979566852e-01
3.450000000000000e+00	7.137761952243477e-01
3.450000000000000e+00	6.973154952879602e-01
3.450000000000000e+00	7.072846497455518e-01
