3.450000000000000e+00	4.745511683227445e+00
3.450000000000000e+00	4.694933790568529e+00
3.450000000000000e+00	4.710351953724509e+00
3.450000000000000e+00	4.738544794836518e+00
3.450000000000000e+00	4.722329421263380e+00
3.450000000000000e+00	4.836514669500334e+00
3.450000000000000e+00	4.677737135194073e+00
3.450000000000000e+00	4.811213019619976e+00
3.450000000000000e+00	4.776765400362279e+00
3.450000000000000e+00	4.787200774915155e+00
3.450000000000000e+00	4.731021162834098e+00
3.450000000000000e+00	4.812668484444044e+00
3.450000000000000e+00	4.824023417035376e+00
3.450000000000000e+00	4.646392306280783e+00
3.450000000000000e+00	4.710741479019950e+00
3.450000000000000e+00	4.907906501224632e+00
3.450000000000000e+00	4.699364116379318e+00
3.450000000000000e+00	4.628764784840137e+00
3.450000000000000e+00	4.714819753307466e+00
3.450000000000000e+00	4.706156885501385e+00
3.450000000000000e+00	4.701460771468568e+00
3.450000000000000e+00	4.780972731145482e+00
3.450000000000000e+00	4.761793015502934e+00
3.450000000000000e+00	4.800825475726564e+00
3.450000000000000e+00	4.637426770394228e+00
3.450000000000000e+00	4.691641193371403e+00
3.450000000000000e+00	4.734781256321723e+00
3.450000000000000e+00	4.772232735031650e+00
3.450000000000000e+00	4.820093478935871e+00
3.450000000000000e+00	4.722994654641438e+00
3.450000000000000e+00	4.650359398056733e+00
3.450000000000000e+00	4.845359845397858e+00
3.450000000000000e+00	4.885704277518681e+00
3.450000000000000e+00	4.624447238409926e+00
3.450000000000000e+00	4.798716432937825e+00
3.450000000000000e+00	4.729924101214714e+00
3.450000000000000e+00	4.828280713620546e+00
3.450000000000000e+00	4.801849032830340e+00
3.450000000000000e+00	4.761634585927390e+00
3.450000000000000e+00	4.970630305598572e+00
3.450000000000000e+00	4.650763060415321e+00
3.450000000000000e+00	4.756790164569973e+00
3.450000000000000e+00	4.800659379450444e+00
3.450000000000000e+00	4.791787248166909e+00
3.450000000000000e+00	4.788695553860098e+00
3.450000000000000e+00	4.742704076936551e+00
3.450000000000000e+00	4.775180613514270e+00
3.450000000000000e+00	4.858499020398696e+00
3.450000000000000e+00	4.728131968317681e+00
3.450000000000000e+00	4.694719602664049e+00
3.450000000000000e+00	4.784760861395108e+00
3.450000000000000e+00	4.656746292781850e+00
3.450000000000000e+00	4.694097645896475e+00
3.450000000000000e+00	4.711875316077723e+00
3.450000000000000e+00	4.609357223010781e+00
3.450000000000000e+00	4.813120715876964e+00
3.450000000000000e+00	4.748163872945405e+00
3.450000000000000e+00	4.763780234936385e+00
3.450000000000000e+00	4.688552846345056e+00
3.450000000000000e+00	4.921675183712037e+00
3.450000000000000e+00	4.768629681413226e+00
3.450000000000000e+00	4.754815732715565e+00
3.450000000000000e+00	4.769470255057536e+00
3.450000000000000e+00	4.772000659570802e+00
3.450000000000000e+00	4.810159457763250e+00
3.450000000000000e+00	4.792708284992002e+00
3.450000000000000e+00	4.737457882291022e+00
3.450000000000000e+00	4.780940602255859e+00
3.450000000000000e+00	4.676955355671794e+00
3.450000000000000e+00	4.697758009954248e+00
3.450000000000000e+00	4.801599669648822e+00
3.450000000000000e+00	4.742989978132732e+00
3.450000000000000e+00	4.691587118938852e+00
3.450000000000000e+00	4.762939454403916e+00
3.450000000000000e+00	4.762762085788102e+00
3.450000000000000e+00	4.761566311491618e+00
3.450000000000000e+00	4.730721987488437e+00
3.450000000000000e+00	4.788664059113194e+00
3.450000000000000e+00	4.760796571447710e+00
3.450000000000000e+00	4.702704417300721e+00
3.450000000000000e+00	4.704208095382042e+00
3.450000000000000e+00	4.689719798139975e+00
3.450000000000000e+00	4.872664326606846e+00
3.450000000000000e+00	4.746805783633727e+00
3.450000000000000e+00	4.809932246841769e+00
3.450000000000000e+00	4.788826789647377e+00
3.450000000000000e+00	4.741423113304196e+00
3.450000000000000e+00	4.634494167521773e+00
3.450000000000000e+00	4.703680781735926e+00
3.450000000000000e+00	4.805255217767622e+00
3.450000000000000e+00	4.758271872049937e+00
3.450000000000000e+00	4.825131794955250e+00
3.450000000000000e+00	4.762078731554413e+00
3.450000000000000e+00	4.908274341500034e+00
3.450000000000000e+00	4.648787092631716e+00
3.450000000000000e+00	4.750417987763595e+00
3.450000000000000e+00	4.857945448856158e+00
3.450000000000000e+00	4.740773692189086e+00
3.450000000000000e+00	4.733227526828523e+00
3.450000000000000e+00	4.802490946037430e+00
3.450000000000000e+00	4.676489975506217e+00
3.450000000000000e+00	4.734378369201886e+00
3.450000000000000e+00	4.657699286554850e+00
3.450000000000000e+00	4.693044493524879e+00
3.450000000000000e+00	4.815230650414777e+00
3.450000000000000e+00	4.673878750140772e+00
3.450000000000000e+00	4.770925754949766e+00
3.450000000000000e+00	4.778394983700802e+00
3.450000000000000e+00	4.689672675587929e+00
3.450000000000000e+00	4.741078424810900e+00
3.450000000000000e+00	4.697300884294150e+00
3.450000000000000e+00	4.738869439164468e+00
3.450000000000000e+00	4.812013538529841e+00
3.450000000000000e+00	4.857091039379905e+00
3.450000000000000e+00	4.840773551259196e+00
3.450000000000000e+00	4.767267911771421e+00
3.450000000000000e+00	4.788014026472405e+00
3.450000000000000e+00	4.632234586406134e+00
3.450000000000000e+00	4.690423092519999e+00
3.450000000000000e+00	4.756191025772349e+00
3.450000000000000e+00	4.755625362152802e+00
3.450000000000000e+00	4.798100871770633e+00
3.450000000000000e+00	4.863800839441613e+00
3.450000000000000e+00	4.704892943470719e+00
3.450000000000000e+00	4.855020663211615e+00
3.450000000000000e+00	4.674385153755692e+00
3.450000000000000e+00	4.697668515354202e+00
3.450000000000000e+00	4.851375713513178e+00
3.450000000000000e+00	4.734045212534131e+00
3.450000000000000e+00	4.849968457042584e+00
3.450000000000000e+00	4.754904210285593e+00
3.450000000000000e+00	4.838335574121732e+00
3.450000000000000e+00	4.702450915083734e+00
3.450000000000000e+00	4.796250461937005e+00
3.450000000000000e+00	4.773817122244134e+00
3.450000000000000e+00	4.725822214048355e+00
3.450000000000000e+00	4.798337151589029e+00
3.450000000000000e+00	4.682662881154764e+00
3.450000000000000e+00	4.837608012959147e+00
3.450000000000000e+00	4.787681319320449e+00
3.450000000000000e+00	4.796665326719257e+00
3.450000000000000e+00	4.703888321280315e+00
3.450000000000000e+00	4.742260328483952e+00
3.450000000000000e+00	4.719771502439919e+00
3.450000000000000e+00	4.746647006424281e+00
3.450000000000000e+00	4.773385865316422e+00
3.450000000000000e+00	4.837271564714966e+00
3.450000000000000e+00	4.730891440459855e+00
3.450000000000000e+00	4.942694826382148e+00
3.450000000000000e+00	4.702389367207148e+00
3.450000000000000e+00	4.610218061539826e+00
3.450000000000000e+00	4.775113102650517e+00
3.450000000000000e+00	4.649320648485761e+00
3.450000000000000e+00	4.631191133433850e+00
3.450000000000000e+00	4.769037960264493e+00
3.450000000000000e+00	4.762513792880447e+00
3.450000000000000e+00	4.689870765873587e+00
3.450000000000000e+00	4.691642087240428e+00
3.450000000000000e+00	4.663786560594949e+00
3.450000000000000e+00	4.804955991101849e+00
3.450000000000000e+00	4.799718986589569e+00
3.450000000000000e+00	4.657474322986122e+00
3.450000000000000e+00	4.712872466377057e+00
3.450000000000000e+00	4.811988739735423e+00
3.450000000000000e+00	4.739169866649704e+00
3.450000000000000e+00	4.659194817636060e+00
3.450000000000000e+00	4.719158059541671e+00
3.450000000000000e+00	4.831347470001564e+00
3.450000000000000e+00	4.797223399695596e+00
3.450000000000000e+00	4.736176125537545e+00
3.450000000000000e+00	4.827005556958259e+00
3.450000000000000e+00	4.818787835641649e+00
3.450000000000000e+00	4.796863393145109e+00
3.450000000000000e+00	4.818940161297025e+00
3.450000000000000e+00	4.778038752956679e+00
3.450000000000000e+00	4.664165186728328e+00
3.450000000000000e+00	4.869466638347175e+00
3.450000000000000e+00	4.749147181432754e+00
3.450000000000000e+00	4.801561489386582e+00
3.450000000000000e+00	4.643562419348177e+00
3.450000000000000e+00	4.689887496515654e+00
3.450000000000000e+00	4.659775526877130e+00
3.450000000000000e+00	4.860844233051516e+00
3.450000000000000e+00	4.743873796391930e+00
3.450000000000000e+00	4.925402224606801e+00
3.450000000000000e+00	4.688669222072091e+00
3.450000000000000e+00	4.815669427704495e+00
3.450000000000000e+00	4.697861261086934e+00
3.450000000000000e+00	4.948573660086897e+00
3.450000000000000e+00	4.602539256317806e+00
3.450000000000000e+00	4.742102425272599e+00
3.450000000000000e+00	4.739562991312529e+00
3.450000000000000e+00	4.689049387906671e+00
3.450000000000000e+00	4.673899271238335e+00
3.450000000000000e+00	4.709073545984674e+00
3.450000000000000e+00	4.742362204084102e+00
3.450000000000000e+00	4.795845568367541e+00
3.450000000000000e+00	4.716720595612081e+00
3.450000000000000e+00	4.763532003317731e+00
3.450000000000000e+00	4.907406970129544e+00
3.450000000000000e+00	4.798275686137775e+00
3.450000000000000e+00	4.836612989362861e+00
3.450000000000000e+00	4.651492035075103e+00
3.450000000000000e+00	4.661698542225142e+00
3.450000000000000e+00	4.794306697125776e+00
3.450000000000000e+00	4.753250860990438e+00
3.450000000000000e+00	4.759344776564304e+00
3.450000000000000e+00	4.786662248337066e+00
3.450000000000000e+00	4.663496563270525e+00
3.450000000000000e+00	4.729860894969980e+00
3.450000000000000e+00	4.760517378176861e+00
3.450000000000000e+00	4.699182068283851e+00
3.450000000000000e+00	4.774036495582667e+00
3.450000000000000e+00	4.841135895067559e+00
3.450000000000000e+00	4.733908075450606e+00
3.450000000000000e+00	4.738277356835416e+00
3.450000000000000e+00	4.775290401824531e+00
3.450000000000000e+00	4.771610643614744e+00
3.450000000000000e+00	4.723967068380786e+00
3.450000000000000e+00	4.847678316183417e+00
3.450000000000000e+00	4.880474642189510e+00
3.450000000000000e+00	4.734526406331233e+00
3.450000000000000e+00	4.713200786652783e+00
3.450000000000000e+00	4.846225731085080e+00
3.450000000000000e+00	4.749689665114344e+00
3.450000000000000e+00	4.787759128198461e+00
3.450000000000000e+00	4.760412853219533e+00
3.450000000000000e+00	4.739372323082413e+00
3.450000000000000e+00	4.757565414996311e+00
3.450000000000000e+00	4.700553546738287e+00
3.450000000000000e+00	4.673268980462167e+00
3.450000000000000e+00	4.811683557298461e+00
3.450000000000000e+00	4.841571704334717e+00
3.450000000000000e+00	4.765504168996017e+00
3.450000000000000e+00	4.766174154998671e+00
3.450000000000000e+00	4.803648441633008e+00
3.450000000000000e+00	4.852393089126599e+00
3.450000000000000e+00	4.732023651191658e+00
3.450000000000000e+00	4.699682727998679e+00
3.450000000000000e+00	4.701908976300503e+00
3.450000000000000e+00	4.832860687907872e+00
3.450000000000000e+00	4.861028924586622e+00
3.450000000000000e+00	4.912010240424275e+00
3.450000000000000e+00	4.793571925239022e+00
3.450000000000000e+00	4.720536963515015e+00
3.450000000000000e+00	4.731149171806573e+00
3.450000000000000e+00	4.796679723934601e+00
3.450000000000000e+00	4.715812475695310e+00
3.450000000000000e+00	4.757270020471298e+00
3.450000000000000e+00	4.684323259885020e+00
3.450000000000000e+00	4.857956599889996e+00
3.450000000000000e+00	4.741641223862489e+00
3.450000000000000e+00	4.680948943366348e+00
3.450000000000000e+00	4.728245739980821e+00
3.450000000000000e+00	4.777974975850140e+00
3.450000000000000e+00	4.776462069312510e+00
3.450000000000000e+00	4.722322476913357e+00
3.450000000000000e+00	4.711175846940718e+00
3.450000000000000e+00	4.914478265382785e+00
3.450000000000000e+00	4.716467700600878e+00
3.450000000000000e+00	4.658982740950970e+00
3.450000000000000e+00	4.749198039218773e+00
3.450000000000000e+00	4.814859377955980e+00
3.450000000000000e+00	4.748705991560657e+00
3.450000000000000e+00	4.722612220227227e+00
3.450000000000000e+00	4.732991729120074e+00
3.450000000000000e+00	4.880950374284233e+00
3.450000000000000e+00	4.724493067038873e+00
3.450000000000000e+00	4.947635067656382e+00
3.450000000000000e+00	4.750803610321842e+00
3.450000000000000e+00	4.678413017567657e+00
3.450000000000000e+00	4.694683181339505e+00
3.450000000000000e+00	4.737016840596594e+00
3.450000000000000e+00	4.690258424297366e+00
3.450000000000000e+00	4.664022023406543e+00
3.450000000000000e+00	4.799188436144835e+00
3.450000000000000e+00	4.693336716927188e+00
3.450000000000000e+00	4.809383245503772e+00
3.450000000000000e+00	4.750824335895226e+00
3.450000000000000e+00	4.683714322346652e+00
3.450000000000000e+00	4.693950989865730e+00
3.450000000000000e+00	4.665157451283447e+00
3.450000000000000e+00	4.777600423661266e+00
3.450000000000000e+00	4.725574897934359e+00
3.450000000000000e+00	4.711963262438861e+00
3.450000000000000e+00	4.818212361915086e+00
3.450000000000000e+00	4.784022670521326e+00
3.450000000000000e+00	4.672146894569964e+00
3.450000000000000e+00	4.770811795425399e+00
3.450000000000000e+00	4.713688587828351e+00
3.450000000000000e+00	4.768384932748992e+00
3.450000000000000e+00	4.889820668505388e+00
3.450000000000000e+00	4.747682395364788e+00
3.450000000000000e+00	4.750504047250857e+00
3.450000000000000e+00	4.832413688465334e+00
3.450000000000000e+00	4.694109004815715e+00
3.450000000000000e+00	4.687623404476933e+00
3.450000000000000e+00	4.760113989391042e+00
3.450000000000000e+00	4.806977020778111e+00
3.450000000000000e+00	4.743091561329876e+00
3.450000000000000e+00	4.881049647346552e+00
3.450000000000000e+00	4.734348142436274e+00
3.450000000000000e+00	4.658530278413295e+00
3.450000000000000e+00	4.801869453503432e+00
3.450000000000000e+00	4.757394177973747e+00
3.450000000000000e+00	4.732431528591719e+00
3.450000000000000e+00	4.708517393496687e+00
3.450000000000000e+00	4.678153241074437e+00
3.450000000000000e+00	4.730211095969487e+00
3.450000000000000e+00	4.842417273196002e+00
3.450000000000000e+00	4.760845432510995e+00
3.450000000000000e+00	4.713935463289055e+00
3.450000000000000e+00	4.656624096092893e+00
3.450000000000000e+00	4.838142123447257e+00
3.450000000000000e+00	4.756467778628333e+00
3.450000000000000e+00	4.638829303392443e+00
3.450000000000000e+00	4.717108867667493e+00
3.450000000000000e+00	4.742736104323427e+00
3.450000000000000e+00	4.680076559671226e+00
3.450000000000000e+00	4.784436503098795e+00
3.450000000000000e+00	4.802501571763924e+00
3.450000000000000e+00	4.705967431302819e+00
3.450000000000000e+00	4.849842841845868e+00
3.450000000000000e+00	4.783275947393464e+00
3.450000000000000e+00	4.747926634244969e+00
3.450000000000000e+00	4.706436831324480e+00
3.450000000000000e+00	4.794567745757217e+00
3.450000000000000e+00	4.652585207677681e+00
3.450000000000000e+00	4.766885540717612e+00
3.450000000000000e+00	4.651268171895053e+00
3.450000000000000e+00	4.754796060939723e+00
3.450000000000000e+00	4.767017410801074e+00
3.450000000000000e+00	4.749291389686825e+00
3.450000000000000e+00	4.866532867802563e+00
3.450000000000000e+00	4.744856717363998e+00
3.450000000000000e+00	4.729941623234193e+00
3.450000000000000e+00	4.620751547839633e+00
3.450000000000000e+00	4.732632864030458e+00
3.450000000000000e+00	4.777097151568982e+00
3.450000000000000e+00	4.684254141765216e+00
3.450000000000000e+00	4.720862805160980e+00
3.450000000000000e+00	4.773636505964165e+00
3.450000000000000e+00	4.752660730269843e+00
3.450000000000000e+00	4.717237527826527e+00
3.450000000000000e+00	4.849206148336906e+00
3.450000000000000e+00	4.681516557863359e+00
3.450000000000000e+00	4.842105622837003e+00
3.450000000000000e+00	4.662344837031705e+00
3.450000000000000e+00	4.820762724778930e+00
3.450000000000000e+00	4.713913785677413e+00
3.450000000000000e+00	4.785089394259107e+00
3.450000000000000e+00	4.694424885428692e+00
3.450000000000000e+00	4.878766970344127e+00
3.450000000000000e+00	4.731434568640729e+00
3.450000000000000e+00	4.861523898114427e+00
3.450000000000000e+00	4.748283472095922e+00
3.450000000000000e+00	4.738732246557598e+00
3.450000000000000e+00	4.784671259025507e+00
3.450000000000000e+00	4.835395360188103e+00
3.450000000000000e+00	4.726235338583983e+00
3.450000000000000e+00	4.761369083433000e+00
3.450000000000000e+00	4.707929132002628e+00
3.450000000000000e+00	4.695397881026231e+00
3.450000000000000e+00	4.814845109770523e+00
3.450000000000000e+00	4.751521753287335e+00
3.450000000000000e+00	4.671908759881712e+00
3.450000000000000e+00	4.802961625831933e+00
3.450000000000000e+00	4.837018912897857e+00
3.450000000000000e+00	4.801982756968345e+00
3.450000000000000e+00	4.649006471337070e+00
3.450000000000000e+00	4.794497592621654e+00
3.450000000000000e+00	4.702059932050380e+00
3.450000000000000e+00	4.809372397278208e+00
3.450000000000000e+00	4.694397416951366e+00
3.450000000000000e+00	4.779327123565126e+00
3.450000000000000e+00	4.763706405710225e+00
3.450000000000000e+00	4.706194396543532e+00
3.450000000000000e+00	4.706058736433195e+00
3.450000000000000e+00	4.769727895570512e+00
3.450000000000000e+00	4.787038316238295e+00
3.450000000000000e+00	4.582156430772899e+00
3.450000000000000e+00	4.663083042135410e+00
3.450000000000000e+00	4.850858997960446e+00
3.450000000000000e+00	4.880097519548086e+00
3.450000000000000e+00	4.913103449639848e+00
3.450000000000000e+00	4.796238695823118e+00
3.450000000000000e+00	4.746909866891219e+00
3.450000000000000e+00	4.752618864248404e+00
3.450000000000000e+00	4.708599786735530e+00
3.450000000000000e+00	4.685218616823619e+00
3.450000000000000e+00	4.778803258821218e+00
3.450000000000000e+00	4.766840200305512e+00
3.450000000000000e+00	4.734682252512309e+00
3.450000000000000e+00	4.730455260440111e+00
3.450000000000000e+00	4.776653220129708e+00
3.450000000000000e+00	4.791863214951485e+00
3.450000000000000e+00	4.767058076457584e+00
3.450000000000000e+00	4.618320804472800e+00
3.450000000000000e+00	4.745606289526807e+00
3.450000000000000e+00	4.658921948669905e+00
3.450000000000000e+00	4.823059438770517e+00
3.450000000000000e+00	4.702407515639313e+00
3.450000000000000e+00	4.703709010440121e+00
3.450000000000000e+00	4.752856268502873e+00
3.450000000000000e+00	4.671080838583414e+00
3.450000000000000e+00	4.755096787630712e+00
3.450000000000000e+00	4.647332709148102e+00
3.450000000000000e+00	4.715606149979426e+00
3.450000000000000e+00	4.785256342620732e+00
3.450000000000000e+00	4.699302561777611e+00
3.450000000000000e+00	4.673978130875544e+00
3.450000000000000e+00	4.745855558200796e+00
3.450000000000000e+00	4.803889818677943e+00
3.450000000000000e+00	4.768290995695480e+00
3.450000000000000e+00	4.790530640055534e+00
3.450000000000000e+00	4.790030478643448e+00
3.450000000000000e+00	4.590917181525580e+00
3.450000000000000e+00	4.653400481111863e+00
3.450000000000000e+00	4.833556395605138e+00
3.450000000000000e+00	4.623084918405683e+00
3.450000000000000e+00	4.690773299392689e+00
3.450000000000000e+00	4.812936204664156e+00
3.450000000000000e+00	4.881750298443173e+00
3.450000000000000e+00	4.790375662719499e+00
3.450000000000000e+00	4.766799327050665e+00
3.450000000000000e+00	4.768448124858726e+00
3.450000000000000e+00	4.767928388969807e+00
3.450000000000000e+00	4.742547540470134e+00
3.450000000000000e+00	4.821191648526453e+00
3.450000000000000e+00	4.742946738159512e+00
3.450000000000000e+00	4.732961091424158e+00
3.450000000000000e+00	4.778900277421538e+00
3.450000000000000e+00	4.808652713196244e+00
3.450000000000000e+00	4.767347058476618e+00
3.450000000000000e+00	4.673362922968988e+00
3.450000000000000e+00	4.784262560206008e+00
3.450000000000000e+00	4.814667529519933e+00
3.450000000000000e+00	4.641126773488356e+00
3.450000000000000e+00	4.748095584357223e+00
3.450000000000000e+00	4.832430888603758e+00
3.450000000000000e+00	4.830666987375130e+00
3.450000000000000e+00	4.784653310622364e+00
3.450000000000000e+00	4.670665668238297e+00
3.450000000000000e+00	4.781770792278857e+00
3.450000000000000e+00	4.591229670897714e+00
3.450000000000000e+00	4.751335405298741e+00
3.450000000000000e+00	4.757794111501740e+00
3.450000000000000e+00	4.795466329125568e+00
3.450000000000000e+00	4.688585641279557e+00
3.450000000000000e+00	4.779625755962781e+00
3.450000000000000e+00	4.762835076510850e+00
3.450000000000000e+00	4.829400651652533e+00
3.450000000000000e+00	4.779719043482370e+00
3.450000000000000e+00	4.708595112252118e+00
3.450000000000000e+00	4.781536883836687e+00
3.450000000000000e+00	4.771422514571285e+00
3.450000000000000e+00	4.732148065634254e+00
3.450000000000000e+00	4.712730826820898e+00
3.450000000000000e+00	4.728684637850535e+00
3.450000000000000e+00	4.709078555180218e+00
3.450000000000000e+00	4.853137132487472e+00
3.450000000000000e+00	4.748932533835949e+00
3.450000000000000e+00	4.650897937430726e+00
3.450000000000000e+00	4.710494228651768e+00
3.450000000000000e+00	4.839953843184282e+00
3.450000000000000e+00	4.794435091136276e+00
3.450000000000000e+00	4.781651102660073e+00
3.450000000000000e+00	4.629677769349984e+00
3.450000000000000e+00	4.859792154937239e+00
3.450000000000000e+00	4.800123727979152e+00
3.450000000000000e+00	4.798970841792514e+00
3.450000000000000e+00	4.819287314352055e+00
3.450000000000000e+00	4.831340857798539e+00
3.450000000000000e+00	4.698882872276334e+00
3.450000000000000e+00	4.795631841808475e+00
3.450000000000000e+00	4.813308635787580e+00
3.450000000000000e+00	4.655795150933022e+00
3.450000000000000e+00	4.780061928654937e+00
3.450000000000000e+00	4.801909728834962e+00
3.450000000000000e+00	4.901045308809185e+00
3.450000000000000e+00	4.756083851953611e+00
3.450000000000000e+00	4.735168751561973e+00
3.450000000000000e+00	4.790204299658047e+00
3.450000000000000e+00	4.763060752571324e+00
3.450000000000000e+00	4.750468700947200e+00
3.450000000000000e+00	4.747965523537334e+00
3.450000000000000e+00	4.747478915024573e+00
3.450000000000000e+00	4.835568430535850e+00
3.450000000000000e+00	4.627373050100918e+00
3.450000000000000e+00	4.835251271390005e+00
3.450000000000000e+00	4.850836206392583e+00
3.450000000000000e+00	4.757885178906356e+00
3.450000000000000e+00	4.705341107438170e+00
3.450000000000000e+00	4.737195284359613e+00
3.450000000000000e+00	4.747452944357984e+00
3.450000000000000e+00	4.748043911090454e+00
3.450000000000000e+00	4.748872358448510e+00
3.450000000000000e+00	4.680651811799660e+00
3.450000000000000e+00	4.708610906681084e+00
3.450000000000000e+00	4.728053982644524e+00
3.450000000000000e+00	4.766247114230436e+00
3.450000000000000e+00	4.855561193533291e+00
3.450000000000000e+00	4.915411899439754e+00
3.450000000000000e+00	4.606424050376377e+00
3.450000000000000e+00	4.805727204195824e+00
3.450000000000000e+00	4.828057480036290e+00
3.450000000000000e+00	4.600354101319846e+00
3.450000000000000e+00	4.795988346189249e+00
3.450000000000000e+00	4.758062666598518e+00
3.450000000000000e+00	4.800253007381231e+00
3.450000000000000e+00	4.750626281830659e+00
3.450000000000000e+00	4.842338455833882e+00
3.450000000000000e+00	4.712228972398009e+00
3.450000000000000e+00	4.596657351072935e+00
3.450000000000000e+00	4.674424854250098e+00
3.450000000000000e+00	4.870986496972264e+00
3.450000000000000e+00	4.772392758098714e+00
3.450000000000000e+00	4.852108237423195e+00
3.450000000000000e+00	4.877903131097768e+00
3.450000000000000e+00	4.685037267488359e+00
3.450000000000000e+00	4.660247336799591e+00
3.450000000000000e+00	4.743755834264498e+00
3.450000000000000e+00	4.735129159263886e+00
3.450000000000000e+00	4.695476019398624e+00
3.450000000000000e+00	4.711891929130863e+00
3.450000000000000e+00	4.690777907472915e+00
3.450000000000000e+00	4.747635522298769e+00
3.450000000000000e+00	4.749835815695065e+00
3.450000000000000e+00	4.844099496097772e+00
3.450000000000000e+00	4.734664095278020e+00
3.450000000000000e+00	4.733249461753337e+00
3.450000000000000e+00	4.779138440000846e+00
3.450000000000000e+00	4.870025972408219e+00
3.450000000000000e+00	4.653145123954191e+00
3.450000000000000e+00	4.674667159882062e+00
3.450000000000000e+00	4.900622793597952e+00
3.450000000000000e+00	4.794823007540820e+00
3.450000000000000e+00	4.734841626066312e+00
3.450000000000000e+00	4.701958972794714e+00
3.450000000000000e+00	4.750515528771405e+00
3.450000000000000e+00	4.597716410937359e+00
3.450000000000000e+00	4.610639810711868e+00
3.450000000000000e+00	4.744953147300091e+00
3.450000000000000e+00	4.789993374575700e+00
3.450000000000000e+00	4.636840163808602e+00
3.450000000000000e+00	4.793984583022563e+00
3.450000000000000e+00	4.871718429189762e+00
3.450000000000000e+00	4.738080578946986e+00
3.450000000000000e+00	4.623032414049755e+00
3.450000000000000e+00	4.827908673096782e+00
3.450000000000000e+00	4.806564800547728e+00
3.450000000000000e+00	4.740264690712649e+00
3.450000000000000e+00	4.711861686724976e+00
3.450000000000000e+00	4.702558901441856e+00
3.450000000000000e+00	4.880679432775461e+00
3.450000000000000e+00	4.705454308708987e+00
3.450000000000000e+00	4.762818482465207e+00
3.450000000000000e+00	4.632694770049365e+00
3.450000000000000e+00	4.750441693137709e+00
3.450000000000000e+00	4.796899537082195e+00
3.450000000000000e+00	4.764901705856932e+00
3.450000000000000e+00	4.771804161190861e+00
3.450000000000000e+00	4.569179828997036e+00
3.450000000000000e+00	4.775862596731208e+00
3.450000000000000e+00	4.673061528178822e+00
3.450000000000000e+00	4.773050134865336e+00
3.450000000000000e+00	4.712692907452534e+00
3.450000000000000e+00	4.677006825804538e+00
3.450000000000000e+00	4.764619653604239e+00
3.450000000000000e+00	4.603576047826517e+00
3.450000000000000e+00	4.673497490927366e+00
3.450000000000000e+00	4.762922715311474e+00
3.450000000000000e+00	4.597341731707234e+00
3.450000000000000e+00	4.719919106904483e+00
3.450000000000000e+00	4.885499031024118e+00
3.450000000000000e+00	4.751056915383222e+00
3.450000000000000e+00	4.850499303848316e+00
3.450000000000000e+00	4.783898486946478e+00
3.450000000000000e+00	4.875785681518073e+00
3.450000000000000e+00	4.685960679545095e+00
3.450000000000000e+00	4.687510209793864e+00
3.450000000000000e+00	4.821688518159538e+00
3.450000000000000e+00	4.612746454556941e+00
3.450000000000000e+00	4.798285312654356e+00
3.450000000000000e+00	4.794900346848489e+00
3.450000000000000e+00	4.740393526399725e+00
3.450000000000000e+00	4.819897855119333e+00
3.450000000000000e+00	4.666919087207580e+00
3.450000000000000e+00	4.743737368463278e+00
3.450000000000000e+00	4.745229639094928e+00
3.450000000000000e+00	4.867663034915625e+00
3.450000000000000e+00	4.643223803634018e+00
3.450000000000000e+00	4.749555247143695e+00
3.450000000000000e+00	4.774298893831000e+00
3.450000000000000e+00	4.796260219334689e+00
3.450000000000000e+00	4.710845409508139e+00
3.450000000000000e+00	4.644952845109375e+00
3.450000000000000e+00	4.749681716715754e+00
3.450000000000000e+00	4.569181253040440e+00
3.450000000000000e+00	4.784454880083109e+00
3.450000000000000e+00	4.653895740048924e+00
3.450000000000000e+00	4.711710131069835e+00
3.450000000000000e+00	4.785571446723752e+00
3.450000000000000e+00	4.642796947614936e+00
3.450000000000000e+00	4.626843424682367e+00
3.450000000000000e+00	4.726416760420049e+00
3.450000000000000e+00	4.645374319640987e+00
3.450000000000000e+00	4.812223153383291e+00
3.450000000000000e+00	4.837339108440172e+00
3.450000000000000e+00	4.726029534851977e+00
3.450000000000000e+00	4.765741091728916e+00
3.450000000000000e+00	4.766106493498043e+00
3.450000000000000e+00	4.787072036594183e+00
3.450000000000000e+00	4.653056579843770e+00
3.450000000000000e+00	4.688733128595848e+00
3.450000000000000e+00	4.842562523627548e+00
3.450000000000000e+00	4.777952025870777e+00
3.450000000000000e+00	4.702043125550352e+00
3.450000000000000e+00	4.787568299216669e+00
3.450000000000000e+00	4.831563081474711e+00
3.450000000000000e+00	4.822666548423230e+00
3.450000000000000e+00	4.821261038573740e+00
3.450000000000000e+00	4.624356787734163e+00
3.450000000000000e+00	4.686744889278022e+00
3.450000000000000e+00	4.679092019570326e+00
3.450000000000000e+00	4.789345240973133e+00
3.450000000000000e+00	4.856320133664967e+00
3.450000000000000e+00	4.765488269833392e+00
3.450000000000000e+00	4.766679192068307e+00
3.450000000000000e+00	4.847934445219147e+00
3.450000000000000e+00	4.792736884403856e+00
3.450000000000000e+00	4.813087541539048e+00
3.450000000000000e+00	4.786136887872816e+00
3.450000000000000e+00	4.686191144240913e+00
3.450000000000000e+00	4.768449687645091e+00
3.450000000000000e+00	4.691837946224701e+00
3.450000000000000e+00	4.671411072535456e+00
3.450000000000000e+00	4.684857113313933e+00
3.450000000000000e+00	4.736050119437607e+00
3.450000000000000e+00	4.584129806467355e+00
3.450000000000000e+00	4.817373092358563e+00
3.450000000000000e+00	4.770394007497668e+00
3.450000000000000e+00	4.832091595109346e+00
3.450000000000000e+00	4.772535482236441e+00
3.450000000000000e+00	4.754453506160799e+00
3.450000000000000e+00	4.750735158437856e+00
3.450000000000000e+00	4.946222189242311e+00
3.450000000000000e+00	4.698659579790920e+00
3.450000000000000e+00	4.748053980099898e+00
3.450000000000000e+00	4.733608031956322e+00
3.450000000000000e+00	4.719116678847512e+00
3.450000000000000e+00	4.845483122316224e+00
3.450000000000000e+00	4.773735103993722e+00
3.450000000000000e+00	4.692911780451575e+00
3.450000000000000e+00	4.802271580250801e+00
3.450000000000000e+00	4.751115635061332e+00
3.450000000000000e+00	4.709859880083469e+00
3.450000000000000e+00	4.731357259626026e+00
3.450000000000000e+00	4.746099236682376e+00
3.450000000000000e+00	4.615630474898117e+00
3.450000000000000e+00	4.690338607660228e+00
3.450000000000000e+00	4.792086977339492e+00
3.450000000000000e+00	4.832097290927932e+00
3.450000000000000e+00	4.734934207499117e+00
3.450000000000000e+00	4.712082265155169e+00
3.450000000000000e+00	4.710468822636129e+00
3.450000000000000e+00	4.695441090621241e+00
3.450000000000000e+00	4.843950436298638e+00
3.450000000000000e+00	4.718639969068657e+00
3.450000000000000e+00	4.715677690453363e+00
3.450000000000000e+00	4.742505575586702e+00
3.450000000000000e+00	4.665703046761051e+00
3.450000000000000e+00	4.794808818075523e+00
3.450000000000000e+00	4.732786184039966e+00
3.450000000000000e+00	4.776694862368981e+00
3.450000000000000e+00	4.697788757680236e+00
3.450000000000000e+00	4.786804210837688e+00
3.450000000000000e+00	4.830326645644020e+00
3.450000000000000e+00	4.621510500385196e+00
3.450000000000000e+00	4.660779745558964e+00
3.450000000000000e+00	4.762518256165306e+00
3.450000000000000e+00	4.820456966584176e+00
3.450000000000000e+00	4.792658001582167e+00
3.450000000000000e+00	4.812585122653310e+00
3.450000000000000e+00	4.758307918857318e+00
3.450000000000000e+00	4.675130217040877e+00
3.450000000000000e+00	4.696068045241970e+00
3.450000000000000e+00	4.617569995515943e+00
3.450000000000000e+00	4.730333960133343e+00
3.450000000000000e+00	4.837707461918651e+00
3.450000000000000e+00	4.769276596199324e+00
3.450000000000000e+00	4.666108010078116e+00
3.450000000000000e+00	4.778703350334704e+00
3.450000000000000e+00	4.818761035116649e+00
3.450000000000000e+00	4.750701377218699e+00
3.450000000000000e+00	4.762725586717776e+00
3.450000000000000e+00	4.823613887483637e+00
3.450000000000000e+00	4.732783533717759e+00
3.450000000000000e+00	4.777486531001916e+00
3.450000000000000e+00	4.740155873753578e+00
3.450000000000000e+00	4.891467177951020e+00
3.450000000000000e+00	4.835473160138234e+00
3.450000000000000e+00	4.706061318212654e+00
3.450000000000000e+00	4.714294475029329e+00
3.450000000000000e+00	4.805205316188831e+00
3.450000000000000e+00	4.692151362075450e+00
3.450000000000000e+00	4.791740782986963e+00
3.450000000000000e+00	4.591817639007113e+00
3.450000000000000e+00	4.730633257976164e+00
3.450000000000000e+00	4.826418912147699e+00
3.450000000000000e+00	4.744128579160684e+00
3.450000000000000e+00	4.702167376399331e+00
3.450000000000000e+00	4.837145445145751e+00
3.450000000000000e+00	4.773801902695633e+00
3.450000000000000e+00	4.656417338204395e+00
3.450000000000000e+00	4.711061115346864e+00
3.450000000000000e+00	4.685638153305776e+00
3.450000000000000e+00	4.712087240731505e+00
3.450000000000000e+00	4.667181372565532e+00
3.450000000000000e+00	4.782944963127852e+00
3.450000000000000e+00	4.677692189681917e+00
3.450000000000000e+00	4.718127347450936e+00
3.450000000000000e+00	4.727363629072272e+00
3.450000000000000e+00	4.733458968104879e+00
3.450000000000000e+00	4.731984517148243e+00
3.450000000000000e+00	4.797799673190790e+00
3.450000000000000e+00	4.776293154180470e+00
3.450000000000000e+00	4.787090857739919e+00
3.450000000000000e+00	4.742215326939982e+00
3.450000000000000e+00	4.612770026473846e+00
3.450000000000000e+00	4.779082982091026e+00
3.450000000000000e+00	4.762549103361609e+00
3.450000000000000e+00	4.691170891700105e+00
3.450000000000000e+00	4.914183039014295e+00
3.450000000000000e+00	4.678317361867574e+00
3.450000000000000e+00	4.747270387339201e+00
3.450000000000000e+00	4.742649267063491e+00
3.450000000000000e+00	4.812893534473871e+00
3.450000000000000e+00	4.877633243076822e+00
3.450000000000000e+00	4.776573120058182e+00
3.450000000000000e+00	4.822251667009287e+00
3.450000000000000e+00	4.705766627111124e+00
3.450000000000000e+00	4.753441525521389e+00
3.450000000000000e+00	4.696279915518121e+00
3.450000000000000e+00	4.743438061883108e+00
3.450000000000000e+00	4.797728973597981e+00
3.450000000000000e+00	4.631644533522694e+00
3.450000000000000e+00	4.720149748058057e+00
3.450000000000000e+00	4.746978972421291e+00
3.450000000000000e+00	4.712899974779866e+00
3.450000000000000e+00	4.778082020367581e+00
3.450000000000000e+00	4.722530619434870e+00
3.450000000000000e+00	4.897925387483163e+00
3.450000000000000e+00	4.728776760242706e+00
3.450000000000000e+00	4.697966282469314e+00
3.450000000000000e+00	4.655276406463227e+00
3.450000000000000e+00	4.753154504757577e+00
3.450000000000000e+00	4.854120885070735e+00
3.450000000000000e+00	4.706458211254340e+00
3.450000000000000e+00	4.805089914637806e+00
3.450000000000000e+00	4.713853060368306e+00
3.450000000000000e+00	4.634841217304148e+00
3.450000000000000e+00	4.672435973946163e+00
3.450000000000000e+00	4.747869210441372e+00
3.450000000000000e+00	4.854020308798833e+00
3.450000000000000e+00	4.752390781149657e+00
3.450000000000000e+00	4.833436654237669e+00
3.450000000000000e+00	4.722395469597845e+00
3.450000000000000e+00	4.780091875809899e+00
3.450000000000000e+00	4.852206117098150e+00
3.450000000000000e+00	4.718968661031374e+00
3.450000000000000e+00	4.772915569289363e+00
3.450000000000000e+00	4.773110232174544e+00
3.450000000000000e+00	4.768250991099290e+00
3.450000000000000e+00	4.636740933426675e+00
3.450000000000000e+00	4.867979856570537e+00
3.450000000000000e+00	4.721235295688309e+00
3.450000000000000e+00	4.760677777032163e+00
3.450000000000000e+00	4.656860650106630e+00
3.450000000000000e+00	4.792613287753695e+00
3.450000000000000e+00	4.828379059524664e+00
3.450000000000000e+00	4.773757068417843e+00
3.450000000000000e+00	4.807258322907550e+00
3.450000000000000e+00	4.735805459469326e+00
3.450000000000000e+00	4.785334188824732e+00
3.450000000000000e+00	4.791025485197832e+00
3.450000000000000e+00	4.780852142637506e+00
3.450000000000000e+00	4.712124170783920e+00
3.450000000000000e+00	4.812574217741020e+00
3.450000000000000e+00	4.798617079732864e+00
3.450000000000000e+00	4.796320710879528e+00
3.450000000000000e+00	4.882409898888935e+00
3.450000000000000e+00	4.674335954241640e+00
3.450000000000000e+00	4.807468964271695e+00
3.450000000000000e+00	4.708373440817205e+00
3.450000000000000e+00	4.736240287312643e+00
3.450000000000000e+00	4.684631582187381e+00
3.450000000000000e+00	4.738749156314493e+00
3.450000000000000e+00	4.764490401730177e+00
3.450000000000000e+00	4.696250569337415e+00
3.450000000000000e+00	4.734669395101690e+00
3.450000000000000e+00	4.731711545828635e+00
3.450000000000000e+00	4.723759922150143e+00
3.450000000000000e+00	4.686579977376905e+00
3.450000000000000e+00	4.777696852056629e+00
3.450000000000000e+00	4.751245992671805e+00
3.450000000000000e+00	4.717893073220148e+00
3.450000000000000e+00	4.615288850024776e+00
3.450000000000000e+00	4.823932170487881e+00
3.450000000000000e+00	4.685202117905993e+00
3.450000000000000e+00	4.778372340871979e+00
3.450000000000000e+00	4.659117123865107e+00
3.450000000000000e+00	4.854965782405362e+00
3.450000000000000e+00	4.724898560148880e+00
3.450000000000000e+00	4.742854137862788e+00
3.450000000000000e+00	4.829419960626558e+00
3.450000000000000e+00	4.717109846627794e+00
3.450000000000000e+00	4.831738031711902e+00
3.450000000000000e+00	4.835844292499456e+00
3.450000000000000e+00	4.695789133427805e+00
3.450000000000000e+00	4.839652571268164e+00
3.450000000000000e+00	4.685211899762007e+00
3.450000000000000e+00	4.829083045773645e+00
3.450000000000000e+00	4.736723944896308e+00
3.450000000000000e+00	4.640756248618636e+00
3.450000000000000e+00	4.717883291848702e+00
3.450000000000000e+00	4.683713489518230e+00
3.450000000000000e+00	4.831355459514748e+00
3.450000000000000e+00	4.728044225887893e+00
3.450000000000000e+00	4.867372221419689e+00
3.450000000000000e+00	4.725740889761221e+00
3.450000000000000e+00	4.735884897361920e+00
3.450000000000000e+00	4.806832818011014e+00
3.450000000000000e+00	4.826927936205931e+00
3.450000000000000e+00	4.787419377664468e+00
3.450000000000000e+00	4.687057703097608e+00
3.450000000000000e+00	4.733578280151535e+00
3.450000000000000e+00	4.849259312117940e+00
3.450000000000000e+00	4.625215231914320e+00
3.450000000000000e+00	4.847121936091090e+00
3.450000000000000e+00	4.706013322307489e+00
3.450000000000000e+00	4.775169833039543e+00
3.450000000000000e+00	4.775414550686259e+00
3.450000000000000e+00	4.882904221113653e+00
3.450000000000000e+00	4.732274934278649e+00
3.450000000000000e+00	4.856693579520002e+00
3.450000000000000e+00	4.822338920337653e+00
3.450000000000000e+00	4.745458523626546e+00
3.450000000000000e+00	4.794194649356365e+00
3.450000000000000e+00	4.847644978530154e+00
3.450000000000000e+00	4.777749780470976e+00
3.450000000000000e+00	4.703953830096170e+00
3.450000000000000e+00	4.843404148830434e+00
3.450000000000000e+00	4.770487868803236e+00
3.450000000000000e+00	4.882077888153286e+00
3.450000000000000e+00	4.759968395395392e+00
3.450000000000000e+00	4.828716596258456e+00
3.450000000000000e+00	4.787950046738525e+00
3.450000000000000e+00	4.769948565853229e+00
3.450000000000000e+00	4.838948993102259e+00
3.450000000000000e+00	4.943491320651736e+00
3.450000000000000e+00	4.837888290537917e+00
3.450000000000000e+00	4.813089186153862e+00
3.450000000000000e+00	4.833686769244359e+00
3.450000000000000e+00	4.777669247304750e+00
3.450000000000000e+00	4.935295952455474e+00
3.450000000000000e+00	4.830116885357741e+00
3.450000000000000e+00	4.779929525503650e+00
3.450000000000000e+00	4.602500003846370e+00
3.450000000000000e+00	4.784712878283207e+00
3.450000000000000e+00	4.768193887166078e+00
3.450000000000000e+00	4.921568043317018e+00
3.450000000000000e+00	4.681698468972336e+00
3.450000000000000e+00	4.772545198855290e+00
3.450000000000000e+00	4.780354361895935e+00
3.450000000000000e+00	4.812785616426645e+00
3.450000000000000e+00	4.720515734569863e+00
3.450000000000000e+00	4.710878376487917e+00
3.450000000000000e+00	4.796206372682001e+00
3.450000000000000e+00	4.682364513039200e+00
3.450000000000000e+00	4.800451445776664e+00
3.450000000000000e+00	4.776798526842827e+00
3.450000000000000e+00	4.735936390113253e+00
3.450000000000000e+00	4.840571928975734e+00
3.450000000000000e+00	4.735526309143726e+00
3.450000000000000e+00	4.772005999387543e+00
3.450000000000000e+00	4.900038586235878e+00
3.450000000000000e+00	4.700601537737677e+00
3.450000000000000e+00	4.679035370467791e+00
3.450000000000000e+00	4.688618309722097e+00
3.450000000000000e+00	4.924319135912302e+00
3.450000000000000e+00	4.601203331445967e+00
3.450000000000000e+00	4.741392321163828e+00
3.450000000000000e+00	4.828546704141682e+00
3.450000000000000e+00	4.871419176617325e+00
3.450000000000000e+00	4.751945069719154e+00
3.450000000000000e+00	4.706753796750643e+00
3.450000000000000e+00	4.651193883392633e+00
3.450000000000000e+00	4.894448542682171e+00
3.450000000000000e+00	4.703043600005008e+00
3.450000000000000e+00	4.633731005647812e+00
3.450000000000000e+00	4.799738844290095e+00
3.450000000000000e+00	4.746014631188556e+00
3.450000000000000e+00	4.686956800921728e+00
3.450000000000000e+00	4.768975486865108e+00
3.450000000000000e+00	4.756057599036597e+00
3.450000000000000e+00	4.689166469473319e+00
3.450000000000000e+00	4.699302056500594e+00
3.450000000000000e+00	4.786211848901874e+00
3.450000000000000e+00	4.708940339112528e+00
3.450000000000000e+00	4.831774281879952e+00
3.450000000000000e+00	4.778981474793365e+00
3.450000000000000e+00	4.744515875530638e+00
3.450000000000000e+00	4.804933683923391e+00
3.450000000000000e+00	4.768524993720100e+00
3.450000000000000e+00	4.810137476439852e+00
3.450000000000000e+00	4.813200060592385e+00
3.450000000000000e+00	4.605855617370966e+00
3.450000000000000e+00	4.792194385729315e+00
3.450000000000000e+00	4.812615639946655e+00
3.450000000000000e+00	4.788282309055838e+00
3.450000000000000e+00	4.803626807648202e+00
3.450000000000000e+00	4.750128402973143e+00
3.450000000000000e+00	4.716496539863504e+00
3.450000000000000e+00	4.719014181510717e+00
3.450000000000000e+00	4.734273460678668e+00
3.450000000000000e+00	4.741431230165601e+00
3.450000000000000e+00	4.821893258371006e+00
3.450000000000000e+00	4.762479597994557e+00
3.450000000000000e+00	4.736579386208339e+00
3.450000000000000e+00	4.703518336390009e+00
3.450000000000000e+00	4.827379525107867e+00
3.450000000000000e+00	4.758094192506451e+00
3.450000000000000e+00	4.799875970780490e+00
3.450000000000000e+00	4.684925954231813e+00
3.450000000000000e+00	4.679801254340759e+00
3.450000000000000e+00	4.747997994389380e+00
3.450000000000000e+00	4.824109349706832e+00
3.450000000000000e+00	4.651303617552285e+00
3.450000000000000e+00	4.681803880410126e+00
3.450000000000000e+00	4.689480580618682e+00
3.450000000000000e+00	4.757049547550110e+00
3.450000000000000e+00	4.721026517998566e+00
3.450000000000000e+00	4.643123560795515e+00
3.450000000000000e+00	4.755787786216358e+00
3.450000000000000e+00	4.732761126127266e+00
3.450000000000000e+00	4.765603918748595e+00
3.450000000000000e+00	4.745081671760209e+00
3.450000000000000e+00	4.691009890418211e+00
3.450000000000000e+00	4.729596059993083e+00
3.450000000000000e+00	4.676526677821803e+00
3.450000000000000e+00	4.745671963125517e+00
3.450000000000000e+00	4.848722942676731e+00
3.450000000000000e+00	4.663928913699646e+00
3.450000000000000e+00	4.717901162780723e+00
3.450000000000000e+00	4.762389187553669e+00
3.450000000000000e+00	4.826961614731893e+00
3.450000000000000e+00	4.698477592452669e+00
3.450000000000000e+00	4.697343913788256e+00
3.450000000000000e+00	4.788439465539224e+00
3.450000000000000e+00	4.819784220409023e+00
3.450000000000000e+00	4.684986881787280e+00
3.450000000000000e+00	4.651193113863895e+00
3.450000000000000e+00	4.827413870545795e+00
3.450000000000000e+00	4.823984309001333e+00
3.450000000000000e+00	4.775102485288663e+00
3.450000000000000e+00	4.815183889774460e+00
3.450000000000000e+00	4.753820897335569e+00
3.450000000000000e+00	4.866203997221657e+00
3.450000000000000e+00	4.825755435461410e+00
3.450000000000000e+00	4.808310910872468e+00
3.450000000000000e+00	4.703128196612361e+00
3.450000000000000e+00	4.804784450580915e+00
3.450000000000000e+00	4.797667371215885e+00
3.450000000000000e+00	4.701887465385168e+00
3.450000000000000e+00	4.788799368981193e+00
3.450000000000000e+00	4.830892857226643e+00
3.450000000000000e+00	4.693827481214083e+00
3.450000000000000e+00	4.859040151980007e+00
3.450000000000000e+00	4.745309316377606e+00
3.450000000000000e+00	4.747417110250666e+00
3.450000000000000e+00	4.641157921884939e+00
3.450000000000000e+00	4.644817628051250e+00
3.450000000000000e+00	4.812493165234057e+00
3.450000000000000e+00	4.770216243741382e+00
3.450000000000000e+00	4.758799436394485e+00
3.450000000000000e+00	4.724577654463537e+00
3.450000000000000e+00	4.686285357918281e+00
3.450000000000000e+00	4.777585140688371e+00
3.450000000000000e+00	4.618101200650879e+00
3.450000000000000e+00	4.788298415604897e+00
3.450000000000000e+00	4.841738875467204e+00
3.450000000000000e+00	4.798981221393820e+00
3.450000000000000e+00	4.726868480633348e+00
3.450000000000000e+00	4.792803012302093e+00
3.450000000000000e+00	4.727615177548455e+00
3.450000000000000e+00	4.634920711644605e+00
3.450000000000000e+00	4.832493482169248e+00
3.450000000000000e+00	4.804718492291370e+00
3.450000000000000e+00	4.916509455585526e+00
