3.200000000000000e+00	4.789425397476972e+00
3.200000000000000e+00	4.780589498573606e+00
3.200000000000000e+00	4.848553607095438e+00
3.200000000000000e+00	4.706202045115141e+00
3.200000000000000e+00	4.710277903864613e+00
3.200000000000000e+00	4.742793780231959e+00
3.200000000000000e+00	4.663858075269499e+00
3.200000000000000e+00	4.711588187053250e+00
3.200000000000000e+00	4.802478890102579e+00
3.200000000000000e+00	4.756773752039102e+00
3.200000000000000e+00	4.836982203881754e+00
3.200000000000000e+00	4.645336689954126e+00
3.200000000000000e+00	4.771473989607575e+00
3.200000000000000e+00	4.663266936298588e+00
3.200000000000000e+00	4.760124570268989e+00
3.200000000000000e+00	4.740202661090236e+00
3.200000000000000e+00	4.811298864995898e+00
3.200000000000000e+00	4.806210760921233e+00
3.200000000000000e+00	4.779041501742896e+00
3.200000000000000e+00	4.770997881965286e+00
3.200000000000000e+00	4.568510426769036e+00
3.200000000000000e+00	4.772513735968213e+00
3.200000000000000e+00	4.780617184986723e+00
3.200000000000000e+00	4.761229112586088e+00
3.200000000000000e+00	4.746781078334148e+00
3.200000000000000e+00	4.734187851416799e+00
3.200000000000000e+00	4.732837373821229e+00
3.200000000000000e+00	4.742043076958762e+00
3.200000000000000e+00	4.839872484951661e+00
3.200000000000000e+00	4.830807552039547e+00
3.200000000000000e+00	4.647834423465211e+00
3.200000000000000e+00	4.741890047455354e+00
3.200000000000000e+00	4.691811067659289e+00
3.200000000000000e+00	4.774451718067486e+00
3.200000000000000e+00	4.569043786252172e+00
3.200000000000000e+00	4.760289580822243e+00
3.200000000000000e+00	4.844090255697363e+00
3.200000000000000e+00	4.787863407723916e+00
3.200000000000000e+00	4.749403414023432e+00
3.200000000000000e+00	4.746268589977271e+00
3.200000000000000e+00	4.754365925516899e+00
3.200000000000000e+00	4.876397158387694e+00
3.200000000000000e+00	4.674786330685112e+00
3.200000000000000e+00	4.717861468469470e+00
3.200000000000000e+00	4.782695791239912e+00
3.200000000000000e+00	4.748517219675696e+00
3.200000000000000e+00	4.787424857047000e+00
3.200000000000000e+00	4.740981812469507e+00
3.200000000000000e+00	4.652997048279405e+00
3.200000000000000e+00	4.829284193076171e+00
3.200000000000000e+00	4.798598494205747e+00
3.200000000000000e+00	4.785338462413163e+00
3.200000000000000e+00	4.740358097618556e+00
3.200000000000000e+00	4.815371096442486e+00
3.200000000000000e+00	4.861196403973032e+00
3.200000000000000e+00	4.834707158271224e+00
3.200000000000000e+00	4.839056657439968e+00
3.200000000000000e+00	4.673915457890551e+00
3.200000000000000e+00	4.766487272138546e+00
3.200000000000000e+00	4.836604403697791e+00
3.200000000000000e+00	4.803140374994246e+00
3.200000000000000e+00	4.759657634608859e+00
3.200000000000000e+00	4.638289885800661e+00
3.200000000000000e+00	4.634615780275940e+00
3.200000000000000e+00	4.775390165863586e+00
3.200000000000000e+00	4.847377118051486e+00
3.200000000000000e+00	4.720868759015636e+00
3.200000000000000e+00	4.759019399851899e+00
3.200000000000000e+00	4.790930166614898e+00
3.200000000000000e+00	4.785171255996692e+00
3.200000000000000e+00	4.700356747350284e+00
3.200000000000000e+00	4.664319135398951e+00
3.200000000000000e+00	4.622261129397241e+00
3.200000000000000e+00	4.695699700026916e+00
3.200000000000000e+00	4.932662386579059e+00
3.200000000000000e+00	4.643577377814592e+00
3.200000000000000e+00	4.845324948906486e+00
3.200000000000000e+00	4.789524198821644e+00
3.200000000000000e+00	4.705486529397152e+00
3.200000000000000e+00	4.758080239101104e+00
3.200000000000000e+00	4.775471781772142e+00
3.200000000000000e+00	4.813248736208971e+00
3.200000000000000e+00	4.744897793286548e+00
3.200000000000000e+00	4.696729714358604e+00
3.200000000000000e+00	4.646473814005423e+00
3.200000000000000e+00	4.799745851155660e+00
3.200000000000000e+00	4.590612112484107e+00
3.200000000000000e+00	4.722154908740664e+00
3.200000000000000e+00	4.620057144717589e+00
3.200000000000000e+00	4.691432419502823e+00
3.200000000000000e+00	4.762161756303930e+00
3.200000000000000e+00	4.765269249725410e+00
3.200000000000000e+00	4.681618205944453e+00
3.200000000000000e+00	4.762128865346933e+00
3.200000000000000e+00	4.865610105671924e+00
3.200000000000000e+00	4.804094425598881e+00
3.200000000000000e+00	4.620512755827533e+00
3.200000000000000e+00	4.804848998303012e+00
3.200000000000000e+00	4.680465756535096e+00
3.200000000000000e+00	4.614764805208154e+00
3.200000000000000e+00	4.852885810947247e+00
3.200000000000000e+00	4.827713262409192e+00
3.200000000000000e+00	4.766815705234009e+00
3.200000000000000e+00	4.856809995105804e+00
3.200000000000000e+00	4.774101682155639e+00
3.200000000000000e+00	4.776719553344716e+00
3.200000000000000e+00	4.813493721967725e+00
3.200000000000000e+00	4.814954499694601e+00
3.200000000000000e+00	4.637839487501461e+00
3.200000000000000e+00	4.756019103938966e+00
3.200000000000000e+00	4.718603225013045e+00
3.200000000000000e+00	4.704651765525968e+00
3.200000000000000e+00	4.751274036182735e+00
3.200000000000000e+00	4.810523948720765e+00
3.200000000000000e+00	4.700078238661155e+00
3.200000000000000e+00	4.825184447754213e+00
3.200000000000000e+00	4.763045048656947e+00
3.200000000000000e+00	4.707708791618291e+00
3.200000000000000e+00	4.637878226255277e+00
3.200000000000000e+00	4.856430280689865e+00
3.200000000000000e+00	4.815184126107471e+00
3.200000000000000e+00	4.762925768655395e+00
3.200000000000000e+00	4.712201760576559e+00
3.200000000000000e+00	4.735438171873996e+00
3.200000000000000e+00	4.799601793512230e+00
3.200000000000000e+00	4.834760945555651e+00
3.200000000000000e+00	4.916160130591344e+00
3.200000000000000e+00	4.744262421656990e+00
3.200000000000000e+00	4.868967874602085e+00
3.200000000000000e+00	4.675827698484628e+00
3.200000000000000e+00	4.748881435860807e+00
3.200000000000000e+00	4.879489528170744e+00
3.200000000000000e+00	4.856384642744894e+00
3.200000000000000e+00	4.879517090447941e+00
3.200000000000000e+00	4.792415062344356e+00
3.200000000000000e+00	4.679839143948448e+00
3.200000000000000e+00	4.858886329059523e+00
3.200000000000000e+00	4.689602420917000e+00
3.200000000000000e+00	4.855995265371575e+00
3.200000000000000e+00	4.824293016432667e+00
3.200000000000000e+00	4.818792070126664e+00
3.200000000000000e+00	4.721484878412546e+00
3.200000000000000e+00	4.636869073899931e+00
3.200000000000000e+00	4.674359899393242e+00
3.200000000000000e+00	4.826749494293097e+00
3.200000000000000e+00	4.758934083078418e+00
3.200000000000000e+00	4.859351868156644e+00
3.200000000000000e+00	4.717137116851826e+00
3.200000000000000e+00	4.640271363288123e+00
3.200000000000000e+00	4.684202337000356e+00
3.200000000000000e+00	4.736584774905424e+00
3.200000000000000e+00	4.799437721804427e+00
3.200000000000000e+00	4.773503167162875e+00
3.200000000000000e+00	4.574157113707441e+00
3.200000000000000e+00	4.613239441891202e+00
3.200000000000000e+00	4.765344652932093e+00
3.200000000000000e+00	4.871332139997770e+00
3.200000000000000e+00	4.812425563315561e+00
3.200000000000000e+00	4.701877518063025e+00
3.200000000000000e+00	4.829883531186162e+00
3.200000000000000e+00	4.866549055684440e+00
3.200000000000000e+00	4.637954943644890e+00
3.200000000000000e+00	4.819027542064817e+00
3.200000000000000e+00	4.699490103212852e+00
3.200000000000000e+00	4.774489658008736e+00
3.200000000000000e+00	4.674056052604078e+00
3.200000000000000e+00	4.724629513383664e+00
3.200000000000000e+00	4.740651090162062e+00
3.200000000000000e+00	4.822866782579009e+00
3.200000000000000e+00	4.759696752016558e+00
3.200000000000000e+00	4.683776444363881e+00
3.200000000000000e+00	4.691527381926779e+00
3.200000000000000e+00	4.739303626008272e+00
3.200000000000000e+00	4.787904519762579e+00
3.200000000000000e+00	4.881840735074732e+00
3.200000000000000e+00	4.772582827547726e+00
3.200000000000000e+00	4.727187804746688e+00
3.200000000000000e+00	4.731105282009680e+00
3.200000000000000e+00	4.739226176942083e+00
3.200000000000000e+00	4.661984048658297e+00
3.200000000000000e+00	4.799017143164603e+00
3.200000000000000e+00	4.798777759905676e+00
3.200000000000000e+00	4.808930191682161e+00
3.200000000000000e+00	4.758744151494240e+00
3.200000000000000e+00	4.773368653039258e+00
3.200000000000000e+00	4.722630422680439e+00
3.200000000000000e+00	4.738965315726141e+00
3.200000000000000e+00	4.669278049965865e+00
3.200000000000000e+00	4.598947366976041e+00
3.200000000000000e+00	4.827788989994268e+00
3.200000000000000e+00	4.808047955737437e+00
3.200000000000000e+00	4.835012020776167e+00
3.200000000000000e+00	4.685930285368062e+00
3.200000000000000e+00	4.728021206706519e+00
3.200000000000000e+00	4.766997933526019e+00
3.200000000000000e+00	4.681759181928049e+00
3.200000000000000e+00	4.594436151305176e+00
3.200000000000000e+00	4.642599119426594e+00
3.200000000000000e+00	4.731764796290124e+00
3.200000000000000e+00	4.585144215378199e+00
3.200000000000000e+00	4.756597360377786e+00
3.200000000000000e+00	4.846474963847763e+00
3.200000000000000e+00	4.653605264825871e+00
3.200000000000000e+00	4.662403389416369e+00
3.200000000000000e+00	4.776129771541068e+00
3.200000000000000e+00	4.741205943222705e+00
3.200000000000000e+00	4.695255956131661e+00
3.200000000000000e+00	4.844195573061640e+00
3.200000000000000e+00	4.815427709335117e+00
3.200000000000000e+00	4.782501843587122e+00
3.200000000000000e+00	4.855576792997727e+00
3.200000000000000e+00	4.760549752082950e+00
3.200000000000000e+00	4.706661724131154e+00
3.200000000000000e+00	4.681188921357313e+00
3.200000000000000e+00	4.778848053874931e+00
3.200000000000000e+00	4.637953406536359e+00
3.200000000000000e+00	4.778555934415813e+00
3.200000000000000e+00	4.672851306036957e+00
3.200000000000000e+00	4.664353064856970e+00
3.200000000000000e+00	4.702275917538848e+00
3.200000000000000e+00	4.636518314475170e+00
3.200000000000000e+00	4.824066604792966e+00
3.200000000000000e+00	4.724002887564884e+00
3.200000000000000e+00	4.774440816866013e+00
3.200000000000000e+00	4.624317814487256e+00
3.200000000000000e+00	4.791151443339471e+00
3.200000000000000e+00	4.802453199116955e+00
3.200000000000000e+00	4.812556530469464e+00
3.200000000000000e+00	4.784365900984241e+00
3.200000000000000e+00	4.826934412020844e+00
3.200000000000000e+00	4.614494306508398e+00
3.200000000000000e+00	4.799145678830376e+00
3.200000000000000e+00	4.808966545151341e+00
3.200000000000000e+00	4.838788509524754e+00
3.200000000000000e+00	4.805256584887929e+00
3.200000000000000e+00	4.677846282983839e+00
3.200000000000000e+00	4.761599661491268e+00
3.200000000000000e+00	4.660910957320858e+00
3.200000000000000e+00	4.822665282463806e+00
3.200000000000000e+00	4.602628575034205e+00
3.200000000000000e+00	4.738490833546772e+00
3.200000000000000e+00	4.848013121109432e+00
3.200000000000000e+00	4.708844858500147e+00
3.200000000000000e+00	4.639938663050212e+00
3.200000000000000e+00	4.697576800711408e+00
3.200000000000000e+00	4.702640405194228e+00
3.200000000000000e+00	4.713379053491733e+00
3.200000000000000e+00	4.759885751748048e+00
3.200000000000000e+00	4.667314612277664e+00
3.200000000000000e+00	4.662588158482882e+00
3.200000000000000e+00	4.809560056617215e+00
3.200000000000000e+00	4.815435283386768e+00
3.200000000000000e+00	4.782810959200944e+00
3.200000000000000e+00	4.733924623489347e+00
3.200000000000000e+00	4.762006954308241e+00
3.200000000000000e+00	4.712937595364417e+00
3.200000000000000e+00	4.744644972310952e+00
3.200000000000000e+00	4.858913081949610e+00
3.200000000000000e+00	4.700459515890143e+00
3.200000000000000e+00	4.755194748581519e+00
3.200000000000000e+00	4.700692344202298e+00
3.200000000000000e+00	4.786793766805414e+00
3.200000000000000e+00	4.917436203289599e+00
3.200000000000000e+00	4.837531093614164e+00
3.200000000000000e+00	4.733538158923878e+00
3.200000000000000e+00	4.811349935386507e+00
3.200000000000000e+00	4.766733333560206e+00
3.200000000000000e+00	4.872915038199611e+00
3.200000000000000e+00	4.679438238712641e+00
3.200000000000000e+00	4.781598392278903e+00
3.200000000000000e+00	4.648595557899081e+00
3.200000000000000e+00	4.878183360525705e+00
3.200000000000000e+00	4.733924868372211e+00
3.200000000000000e+00	4.755393166265241e+00
3.200000000000000e+00	4.885966028450797e+00
3.200000000000000e+00	4.820038041766773e+00
3.200000000000000e+00	4.780645341879945e+00
3.200000000000000e+00	4.707904041006167e+00
3.200000000000000e+00	4.699440241562535e+00
3.200000000000000e+00	4.689097393207242e+00
3.200000000000000e+00	4.745631447546851e+00
3.200000000000000e+00	4.798132990947937e+00
3.200000000000000e+00	4.709666532939671e+00
3.200000000000000e+00	4.735144291236012e+00
3.200000000000000e+00	4.696495895076915e+00
3.200000000000000e+00	4.699716859944347e+00
3.200000000000000e+00	4.791886465744265e+00
3.200000000000000e+00	4.783429571835834e+00
3.200000000000000e+00	4.618251867733059e+00
3.200000000000000e+00	4.754042963324453e+00
3.200000000000000e+00	4.811847470908737e+00
3.200000000000000e+00	4.906548002625413e+00
3.200000000000000e+00	4.754813918057600e+00
3.200000000000000e+00	4.923728965496839e+00
3.200000000000000e+00	4.739952572109582e+00
3.200000000000000e+00	4.784455282440148e+00
3.200000000000000e+00	4.711188879333996e+00
3.200000000000000e+00	4.804903394769495e+00
3.200000000000000e+00	4.672365580683654e+00
3.200000000000000e+00	4.686198247068429e+00
3.200000000000000e+00	4.819348516110892e+00
3.200000000000000e+00	4.749486740744560e+00
3.200000000000000e+00	4.726676317410295e+00
3.200000000000000e+00	4.737638335271388e+00
3.200000000000000e+00	4.798336218455781e+00
3.200000000000000e+00	4.712799141614199e+00
3.200000000000000e+00	4.878553102150924e+00
3.200000000000000e+00	4.670149357986301e+00
3.200000000000000e+00	4.689077481835512e+00
3.200000000000000e+00	4.846947172188935e+00
3.200000000000000e+00	4.789485038713743e+00
3.200000000000000e+00	4.852139501491193e+00
3.200000000000000e+00	4.745637565701466e+00
3.200000000000000e+00	4.786341157821408e+00
3.200000000000000e+00	4.724236103888724e+00
3.200000000000000e+00	4.804924831015450e+00
3.200000000000000e+00	4.747374241360231e+00
3.200000000000000e+00	4.641241771476629e+00
3.200000000000000e+00	4.779084971623430e+00
3.200000000000000e+00	4.832460630023533e+00
3.200000000000000e+00	4.642358330069667e+00
3.200000000000000e+00	4.742585483443632e+00
3.200000000000000e+00	4.715278035956111e+00
3.200000000000000e+00	4.806111794134170e+00
3.200000000000000e+00	4.736749112797856e+00
3.200000000000000e+00	4.784074700355443e+00
3.200000000000000e+00	4.809582956898005e+00
3.200000000000000e+00	4.724921722166776e+00
3.200000000000000e+00	4.733773381393581e+00
3.200000000000000e+00	4.736731024035648e+00
3.200000000000000e+00	4.757809648804752e+00
3.200000000000000e+00	4.743330048880198e+00
3.200000000000000e+00	4.845803975959777e+00
3.200000000000000e+00	4.802743174466983e+00
3.200000000000000e+00	4.677830223889078e+00
3.200000000000000e+00	4.827624147601573e+00
3.200000000000000e+00	4.783973126520724e+00
3.200000000000000e+00	4.656149981338685e+00
3.200000000000000e+00	4.729142047358928e+00
3.200000000000000e+00	4.828995250772710e+00
3.200000000000000e+00	4.729546884460411e+00
3.200000000000000e+00	4.735076474645846e+00
3.200000000000000e+00	4.624256612698279e+00
3.200000000000000e+00	4.639221429693020e+00
3.200000000000000e+00	4.698189085711828e+00
3.200000000000000e+00	4.727660952110327e+00
3.200000000000000e+00	4.823633069123994e+00
3.200000000000000e+00	4.817767359007347e+00
3.200000000000000e+00	4.766240374253375e+00
3.200000000000000e+00	4.679461050383786e+00
3.200000000000000e+00	4.750140983514539e+00
3.200000000000000e+00	4.761739679743436e+00
3.200000000000000e+00	4.749326898340975e+00
3.200000000000000e+00	4.721001632994281e+00
3.200000000000000e+00	4.753444277046280e+00
3.200000000000000e+00	4.675333684692546e+00
3.200000000000000e+00	4.850038181416682e+00
3.200000000000000e+00	4.765034990644767e+00
3.200000000000000e+00	4.744090388497651e+00
3.200000000000000e+00	4.838364678916955e+00
3.200000000000000e+00	4.810797761915823e+00
3.200000000000000e+00	4.725074521601105e+00
3.200000000000000e+00	4.736098747032027e+00
3.200000000000000e+00	4.787768834899918e+00
3.200000000000000e+00	4.779871554175363e+00
3.200000000000000e+00	4.718944112111587e+00
3.200000000000000e+00	4.705690896375862e+00
3.200000000000000e+00	4.736919788712802e+00
3.200000000000000e+00	4.701362834486858e+00
3.200000000000000e+00	4.682898331324545e+00
3.200000000000000e+00	4.620607914326774e+00
3.200000000000000e+00	4.732730816150124e+00
3.200000000000000e+00	4.818338852162761e+00
3.200000000000000e+00	4.766347618503654e+00
3.200000000000000e+00	4.656969925785811e+00
3.200000000000000e+00	4.731177915107441e+00
3.200000000000000e+00	4.665606414691280e+00
3.200000000000000e+00	4.819306101851182e+00
3.200000000000000e+00	4.747622597005991e+00
3.200000000000000e+00	4.711307236425004e+00
3.200000000000000e+00	4.783719525002317e+00
3.200000000000000e+00	4.739451568981863e+00
3.200000000000000e+00	4.755751722844835e+00
3.200000000000000e+00	4.710959556312809e+00
3.200000000000000e+00	4.753473204135071e+00
3.200000000000000e+00	4.758249167770751e+00
3.200000000000000e+00	4.834986604625876e+00
3.200000000000000e+00	4.820019643914835e+00
3.200000000000000e+00	4.765058852678119e+00
3.200000000000000e+00	4.847400181869673e+00
3.200000000000000e+00	4.761110986739228e+00
3.200000000000000e+00	4.730926942166134e+00
3.200000000000000e+00	4.767824253363473e+00
3.200000000000000e+00	4.881287366356323e+00
3.200000000000000e+00	4.674599082102376e+00
3.200000000000000e+00	4.738529327371547e+00
3.200000000000000e+00	4.592379250467560e+00
3.200000000000000e+00	4.737962790969118e+00
3.200000000000000e+00	4.785479494780359e+00
3.200000000000000e+00	4.795390287791732e+00
3.200000000000000e+00	4.725494588467420e+00
3.200000000000000e+00	4.674441364424202e+00
3.200000000000000e+00	4.796139443375781e+00
3.200000000000000e+00	4.627017838169555e+00
3.200000000000000e+00	4.788471369946986e+00
3.200000000000000e+00	4.714567958100570e+00
3.200000000000000e+00	4.843908863321352e+00
3.200000000000000e+00	4.643380295341156e+00
3.200000000000000e+00	4.694030769103112e+00
3.200000000000000e+00	4.707049948223067e+00
3.200000000000000e+00	4.896610433666752e+00
3.200000000000000e+00	4.696651852930342e+00
3.200000000000000e+00	4.860704661719380e+00
3.200000000000000e+00	4.836191843509289e+00
3.200000000000000e+00	4.720949224991573e+00
3.200000000000000e+00	4.842198150087389e+00
3.200000000000000e+00	4.694063665869940e+00
3.200000000000000e+00	4.894278353363189e+00
3.200000000000000e+00	4.651773534137810e+00
3.200000000000000e+00	4.828682565917385e+00
3.200000000000000e+00	4.788393725307757e+00
3.200000000000000e+00	4.729253825649172e+00
3.200000000000000e+00	4.829816776999909e+00
3.200000000000000e+00	4.838432290576161e+00
3.200000000000000e+00	4.724947710072286e+00
3.200000000000000e+00	4.877379047439701e+00
3.200000000000000e+00	4.647040959503036e+00
3.200000000000000e+00	4.819026222412144e+00
3.200000000000000e+00	4.591757380956858e+00
3.200000000000000e+00	4.718093247324975e+00
3.200000000000000e+00	4.738011674047688e+00
3.200000000000000e+00	4.868633540648745e+00
3.200000000000000e+00	4.790532807892808e+00
3.200000000000000e+00	4.955399657876816e+00
3.200000000000000e+00	4.586981504422543e+00
3.200000000000000e+00	4.902339815177967e+00
3.200000000000000e+00	4.701351633050155e+00
3.200000000000000e+00	4.647212466242249e+00
3.200000000000000e+00	4.726360377645841e+00
3.200000000000000e+00	4.799827731262620e+00
3.200000000000000e+00	4.717146642410014e+00
3.200000000000000e+00	4.652032266587838e+00
3.200000000000000e+00	4.835315895267168e+00
3.200000000000000e+00	4.738625093029276e+00
3.200000000000000e+00	4.805086922442861e+00
3.200000000000000e+00	4.772980380532093e+00
3.200000000000000e+00	4.723592795567512e+00
3.200000000000000e+00	4.710727747439954e+00
3.200000000000000e+00	4.704088058617510e+00
3.200000000000000e+00	4.759196798126327e+00
3.200000000000000e+00	4.792399208080347e+00
3.200000000000000e+00	4.817239397403320e+00
3.200000000000000e+00	4.774834698070367e+00
3.200000000000000e+00	4.709329344482510e+00
3.200000000000000e+00	4.760745141517749e+00
3.200000000000000e+00	4.775359643254361e+00
3.200000000000000e+00	4.883924947047310e+00
3.200000000000000e+00	4.760722614791179e+00
3.200000000000000e+00	4.671368570988916e+00
3.200000000000000e+00	4.918658045141891e+00
3.200000000000000e+00	4.807052199985093e+00
3.200000000000000e+00	4.857489225852438e+00
3.200000000000000e+00	4.788271315123201e+00
3.200000000000000e+00	4.784691661600093e+00
3.200000000000000e+00	4.716551418958479e+00
3.200000000000000e+00	4.829003992156484e+00
3.200000000000000e+00	4.870707100449760e+00
3.200000000000000e+00	4.716923052267264e+00
3.200000000000000e+00	4.605099356680730e+00
3.200000000000000e+00	4.832459640173624e+00
3.200000000000000e+00	4.728485392964904e+00
3.200000000000000e+00	4.642572225311342e+00
3.200000000000000e+00	4.665223526635431e+00
3.200000000000000e+00	4.754723095794527e+00
3.200000000000000e+00	4.697382240581803e+00
3.200000000000000e+00	4.759739432313625e+00
3.200000000000000e+00	4.665037922197321e+00
3.200000000000000e+00	4.769176974538086e+00
3.200000000000000e+00	4.752017872037481e+00
3.200000000000000e+00	4.772386213891804e+00
3.200000000000000e+00	4.826330202012325e+00
3.200000000000000e+00	4.709340013519663e+00
3.200000000000000e+00	4.724208341239932e+00
3.200000000000000e+00	4.824145354967435e+00
3.200000000000000e+00	4.746836720255588e+00
3.200000000000000e+00	4.794351123662478e+00
3.200000000000000e+00	4.681322853669160e+00
3.200000000000000e+00	4.736287555306052e+00
3.200000000000000e+00	4.583004203946295e+00
3.200000000000000e+00	4.829142515607382e+00
3.200000000000000e+00	4.847497434404702e+00
3.200000000000000e+00	4.749830578248476e+00
3.200000000000000e+00	4.623711235090465e+00
3.200000000000000e+00	4.688189309697691e+00
3.200000000000000e+00	4.794979843954259e+00
3.200000000000000e+00	4.838699898014024e+00
3.200000000000000e+00	4.825664715293849e+00
3.200000000000000e+00	4.764183930679781e+00
3.200000000000000e+00	4.785241906748381e+00
3.200000000000000e+00	4.889230729440062e+00
3.200000000000000e+00	4.605644490429997e+00
3.200000000000000e+00	4.699085312912201e+00
3.200000000000000e+00	4.786022674794975e+00
3.200000000000000e+00	4.752591335951522e+00
3.200000000000000e+00	4.865598319476614e+00
3.200000000000000e+00	4.842757064869695e+00
3.200000000000000e+00	4.733274754770862e+00
3.200000000000000e+00	4.746572991803118e+00
3.200000000000000e+00	4.696436110477462e+00
3.200000000000000e+00	4.831855216940599e+00
3.200000000000000e+00	4.898006053114747e+00
3.200000000000000e+00	4.820789030854234e+00
3.200000000000000e+00	4.713024057034971e+00
3.200000000000000e+00	4.750750376602872e+00
3.200000000000000e+00	4.678986657710282e+00
3.200000000000000e+00	4.707676953228512e+00
3.200000000000000e+00	4.732305045152524e+00
3.200000000000000e+00	4.733755867890127e+00
3.200000000000000e+00	4.840983742289509e+00
3.200000000000000e+00	4.694439483196295e+00
3.200000000000000e+00	4.734551059109620e+00
3.200000000000000e+00	4.777605719990764e+00
3.200000000000000e+00	4.800577406255872e+00
3.200000000000000e+00	4.798699702357744e+00
3.200000000000000e+00	4.671845136325100e+00
3.200000000000000e+00	4.742340664853384e+00
3.200000000000000e+00	4.729753592383219e+00
3.200000000000000e+00	4.625432524408906e+00
3.200000000000000e+00	4.865085492900533e+00
3.200000000000000e+00	4.772149350269691e+00
3.200000000000000e+00	4.773212230357114e+00
3.200000000000000e+00	4.768332386394155e+00
3.200000000000000e+00	4.671706704560012e+00
3.200000000000000e+00	4.876486655091935e+00
3.200000000000000e+00	4.702156936651208e+00
3.200000000000000e+00	4.925717610067162e+00
3.200000000000000e+00	4.742899982101689e+00
3.200000000000000e+00	4.676509009070703e+00
3.200000000000000e+00	4.835284166414695e+00
3.200000000000000e+00	4.759935921574447e+00
3.200000000000000e+00	4.802059582087736e+00
3.200000000000000e+00	4.743842664475739e+00
3.200000000000000e+00	4.783130223063282e+00
3.200000000000000e+00	4.692332543195686e+00
3.200000000000000e+00	4.768098840400778e+00
3.200000000000000e+00	4.832533233065661e+00
3.200000000000000e+00	4.716719528389836e+00
3.200000000000000e+00	4.709832476750140e+00
3.200000000000000e+00	4.780784175378562e+00
3.200000000000000e+00	4.729699245542620e+00
3.200000000000000e+00	4.808087473156806e+00
3.200000000000000e+00	4.679319189701543e+00
3.200000000000000e+00	4.612307124632119e+00
3.200000000000000e+00	4.642726579279626e+00
3.200000000000000e+00	4.736449464198953e+00
3.200000000000000e+00	4.783801229067642e+00
3.200000000000000e+00	4.825353688519463e+00
3.200000000000000e+00	4.777189452900920e+00
3.200000000000000e+00	4.681928714829112e+00
3.200000000000000e+00	4.766479757600353e+00
3.200000000000000e+00	4.998488917485725e+00
3.200000000000000e+00	4.760752227287202e+00
3.200000000000000e+00	4.806074705314934e+00
3.200000000000000e+00	4.668418919002319e+00
3.200000000000000e+00	4.826421417171106e+00
3.200000000000000e+00	4.761256743750192e+00
3.200000000000000e+00	4.702251808192999e+00
3.200000000000000e+00	4.804329351386568e+00
3.200000000000000e+00	4.798504874524251e+00
3.200000000000000e+00	4.728192509740783e+00
3.200000000000000e+00	4.742050848162422e+00
3.200000000000000e+00	4.760127484866805e+00
3.200000000000000e+00	4.701116278006989e+00
3.200000000000000e+00	4.682903683558656e+00
3.200000000000000e+00	4.745641376314181e+00
3.200000000000000e+00	4.697580491407130e+00
3.200000000000000e+00	4.754382773729326e+00
3.200000000000000e+00	4.780259644515105e+00
3.200000000000000e+00	4.814155446422458e+00
3.200000000000000e+00	4.699957643224900e+00
3.200000000000000e+00	4.724744286549926e+00
3.200000000000000e+00	4.835159454388380e+00
3.200000000000000e+00	4.729048481958490e+00
3.200000000000000e+00	4.830254252748357e+00
3.200000000000000e+00	4.754199080625470e+00
3.200000000000000e+00	4.723128814344900e+00
3.200000000000000e+00	4.744789430452689e+00
3.200000000000000e+00	4.814850147146821e+00
3.200000000000000e+00	4.602308712087218e+00
3.200000000000000e+00	4.795382330871837e+00
3.200000000000000e+00	4.894349047523068e+00
3.200000000000000e+00	4.747041756590717e+00
3.200000000000000e+00	4.828543656106703e+00
3.200000000000000e+00	4.686452600495126e+00
3.200000000000000e+00	4.647870787332472e+00
3.200000000000000e+00	4.855009367070802e+00
3.200000000000000e+00	4.752489361908824e+00
3.200000000000000e+00	4.722739693830251e+00
3.200000000000000e+00	4.747457740072556e+00
3.200000000000000e+00	4.804440780083172e+00
3.200000000000000e+00	4.718127278614925e+00
3.200000000000000e+00	4.784482307383968e+00
3.200000000000000e+00	4.803805554627694e+00
3.200000000000000e+00	4.565016000759251e+00
3.200000000000000e+00	4.902253979451704e+00
3.200000000000000e+00	4.800444698414374e+00
3.200000000000000e+00	4.743644829484597e+00
3.200000000000000e+00	4.642872233890508e+00
3.200000000000000e+00	4.727797190966035e+00
3.200000000000000e+00	4.771294772477390e+00
3.200000000000000e+00	4.727722441386336e+00
3.200000000000000e+00	4.910628842893443e+00
3.200000000000000e+00	4.691866517056864e+00
3.200000000000000e+00	4.760695820706438e+00
3.200000000000000e+00	4.746913228469773e+00
3.200000000000000e+00	4.730861122251227e+00
3.200000000000000e+00	4.780752760398607e+00
3.200000000000000e+00	4.779554107659295e+00
3.200000000000000e+00	4.707090653831624e+00
3.200000000000000e+00	4.755593024799400e+00
3.200000000000000e+00	4.792098862170301e+00
3.200000000000000e+00	4.680226462033253e+00
3.200000000000000e+00	4.749806448323850e+00
3.200000000000000e+00	4.707447163353042e+00
3.200000000000000e+00	4.842856945957015e+00
3.200000000000000e+00	4.744293807596126e+00
3.200000000000000e+00	4.726093644554144e+00
3.200000000000000e+00	4.626437924138894e+00
3.200000000000000e+00	4.785133768463009e+00
3.200000000000000e+00	4.852249964003121e+00
3.200000000000000e+00	4.733740803607927e+00
3.200000000000000e+00	4.746702387565632e+00
3.200000000000000e+00	4.794402361175427e+00
3.200000000000000e+00	4.782412301492629e+00
3.200000000000000e+00	4.770118609349476e+00
3.200000000000000e+00	4.765839684547895e+00
3.200000000000000e+00	4.751321028639111e+00
3.200000000000000e+00	4.803055274707082e+00
3.200000000000000e+00	4.734988414936220e+00
3.200000000000000e+00	4.881157206356582e+00
3.200000000000000e+00	4.670085587955816e+00
3.200000000000000e+00	4.785111678456275e+00
3.200000000000000e+00	4.905776294574571e+00
3.200000000000000e+00	4.809082680001380e+00
3.200000000000000e+00	4.805596755322938e+00
3.200000000000000e+00	4.768848017436336e+00
3.200000000000000e+00	4.661710499319806e+00
3.200000000000000e+00	4.742811668970507e+00
3.200000000000000e+00	4.757808123344368e+00
3.200000000000000e+00	4.797805086672291e+00
3.200000000000000e+00	4.815632177052824e+00
3.200000000000000e+00	5.017853336097726e+00
3.200000000000000e+00	4.637162930348874e+00
3.200000000000000e+00	4.859335469975465e+00
3.200000000000000e+00	4.792711268018142e+00
3.200000000000000e+00	4.723769507501952e+00
3.200000000000000e+00	4.703606321078943e+00
3.200000000000000e+00	4.749367167787824e+00
3.200000000000000e+00	4.800123024762092e+00
3.200000000000000e+00	4.745204157746526e+00
3.200000000000000e+00	4.692410437685916e+00
3.200000000000000e+00	4.673693094099352e+00
3.200000000000000e+00	4.661819873687978e+00
3.200000000000000e+00	4.729652435244200e+00
3.200000000000000e+00	4.775662918841778e+00
3.200000000000000e+00	4.710315383247154e+00
3.200000000000000e+00	4.810220504029497e+00
3.200000000000000e+00	4.783687566822035e+00
3.200000000000000e+00	4.787588365628102e+00
3.200000000000000e+00	4.759888965997961e+00
3.200000000000000e+00	4.908817597003257e+00
3.200000000000000e+00	4.939759826818502e+00
3.200000000000000e+00	4.763383565785753e+00
3.200000000000000e+00	4.572324367938567e+00
3.200000000000000e+00	4.672342381363777e+00
3.200000000000000e+00	4.700385338658601e+00
3.200000000000000e+00	4.740321951496451e+00
3.200000000000000e+00	4.791216792829506e+00
3.200000000000000e+00	4.726324885161819e+00
3.200000000000000e+00	4.840883293919346e+00
3.200000000000000e+00	4.881639111122842e+00
3.200000000000000e+00	4.742189170294327e+00
3.200000000000000e+00	4.804930016217742e+00
3.200000000000000e+00	4.742055557050470e+00
3.200000000000000e+00	4.863525728136737e+00
3.200000000000000e+00	4.741722732433947e+00
3.200000000000000e+00	4.743676013507857e+00
3.200000000000000e+00	4.702682843961599e+00
3.200000000000000e+00	4.660065697025830e+00
3.200000000000000e+00	4.770033316049021e+00
3.200000000000000e+00	4.732272377058931e+00
3.200000000000000e+00	4.593473778773165e+00
3.200000000000000e+00	4.791853993219889e+00
3.200000000000000e+00	4.749400315638739e+00
3.200000000000000e+00	4.728178596485149e+00
3.200000000000000e+00	4.632340181341950e+00
3.200000000000000e+00	4.699259126861680e+00
3.200000000000000e+00	4.756935431634469e+00
3.200000000000000e+00	4.779093463787267e+00
3.200000000000000e+00	4.610842157013271e+00
3.200000000000000e+00	4.868699771719807e+00
3.200000000000000e+00	4.833377318346228e+00
3.200000000000000e+00	4.828895080014971e+00
3.200000000000000e+00	4.680146205750312e+00
3.200000000000000e+00	4.867431889876563e+00
3.200000000000000e+00	4.783190621775333e+00
3.200000000000000e+00	4.668482696407757e+00
3.200000000000000e+00	4.737622058491507e+00
3.200000000000000e+00	4.835408795370372e+00
3.200000000000000e+00	4.708603547761822e+00
3.200000000000000e+00	4.713999940382026e+00
3.200000000000000e+00	4.860619962376489e+00
3.200000000000000e+00	4.736947822631841e+00
3.200000000000000e+00	4.714011394757646e+00
3.200000000000000e+00	4.748466538104220e+00
3.200000000000000e+00	4.818379143917407e+00
3.200000000000000e+00	4.805463017693068e+00
3.200000000000000e+00	4.687930775652555e+00
3.200000000000000e+00	4.731359063236342e+00
3.200000000000000e+00	4.751391560962496e+00
3.200000000000000e+00	4.766104088721196e+00
3.200000000000000e+00	4.821080414659476e+00
3.200000000000000e+00	4.659431716255744e+00
3.200000000000000e+00	4.776671937253740e+00
3.200000000000000e+00	4.817899712039720e+00
3.200000000000000e+00	4.843971415670037e+00
3.200000000000000e+00	4.646302722580357e+00
3.200000000000000e+00	4.765856201192491e+00
3.200000000000000e+00	4.761053598351962e+00
3.200000000000000e+00	4.744476382347289e+00
3.200000000000000e+00	4.708389221423205e+00
3.200000000000000e+00	4.751158233650146e+00
3.200000000000000e+00	4.780716821225208e+00
3.200000000000000e+00	4.827664885767969e+00
3.200000000000000e+00	4.753428639418475e+00
3.200000000000000e+00	4.722269028240305e+00
3.200000000000000e+00	4.853206171775524e+00
3.200000000000000e+00	4.720893950867127e+00
3.200000000000000e+00	4.786910029075592e+00
3.200000000000000e+00	4.862164695479038e+00
3.200000000000000e+00	4.770981514353510e+00
3.200000000000000e+00	4.768600659536425e+00
3.200000000000000e+00	4.794357894821441e+00
3.200000000000000e+00	4.738936621630771e+00
3.200000000000000e+00	4.829883485471024e+00
3.200000000000000e+00	4.729014936341686e+00
3.200000000000000e+00	4.659238826345081e+00
3.200000000000000e+00	4.848709691624970e+00
3.200000000000000e+00	4.713344332469153e+00
3.200000000000000e+00	4.679145528628546e+00
3.200000000000000e+00	4.681050653141352e+00
3.200000000000000e+00	4.758276174994430e+00
3.200000000000000e+00	4.690801236224350e+00
3.200000000000000e+00	4.894618801831484e+00
3.200000000000000e+00	4.720144309271682e+00
3.200000000000000e+00	4.771197056701318e+00
3.200000000000000e+00	4.847469511607784e+00
3.200000000000000e+00	4.734917414611475e+00
3.200000000000000e+00	4.815523938609767e+00
3.200000000000000e+00	4.812556041795895e+00
3.200000000000000e+00	4.683129472685905e+00
3.200000000000000e+00	4.784108733659981e+00
3.200000000000000e+00	4.820113856460712e+00
3.200000000000000e+00	4.799167124898279e+00
3.200000000000000e+00	4.766823254604762e+00
3.200000000000000e+00	4.686177792142111e+00
3.200000000000000e+00	4.681432369914970e+00
3.200000000000000e+00	4.782101463478438e+00
3.200000000000000e+00	4.852388616271586e+00
3.200000000000000e+00	4.739730301765354e+00
3.200000000000000e+00	4.855323154883655e+00
3.200000000000000e+00	4.801628428941585e+00
3.200000000000000e+00	4.634728537485933e+00
3.200000000000000e+00	4.760667075319381e+00
3.200000000000000e+00	4.721026626845148e+00
3.200000000000000e+00	4.851094335835324e+00
3.200000000000000e+00	4.625394067881745e+00
3.200000000000000e+00	4.815099862615666e+00
3.200000000000000e+00	4.738184578853781e+00
3.200000000000000e+00	4.714802014228297e+00
3.200000000000000e+00	4.765061569707193e+00
3.200000000000000e+00	4.740953625056312e+00
3.200000000000000e+00	4.743002125490787e+00
3.200000000000000e+00	4.554065324709560e+00
3.200000000000000e+00	4.728021372477402e+00
3.200000000000000e+00	4.791030472678354e+00
3.200000000000000e+00	4.748262496600871e+00
3.200000000000000e+00	4.713696565652820e+00
3.200000000000000e+00	4.716919146640688e+00
3.200000000000000e+00	4.733697367465775e+00
3.200000000000000e+00	4.570177550699491e+00
3.200000000000000e+00	4.711978285724991e+00
3.200000000000000e+00	4.786578195026602e+00
3.200000000000000e+00	4.748339648096268e+00
3.200000000000000e+00	4.768404674124811e+00
3.200000000000000e+00	4.803213085050743e+00
3.200000000000000e+00	4.748079519853483e+00
3.200000000000000e+00	4.681013116433884e+00
3.200000000000000e+00	4.684855275902340e+00
3.200000000000000e+00	4.663186866234783e+00
3.200000000000000e+00	4.755205959324266e+00
3.200000000000000e+00	4.720769291025910e+00
3.200000000000000e+00	4.874136609372817e+00
3.200000000000000e+00	4.694200496332153e+00
3.200000000000000e+00	4.787237139602825e+00
3.200000000000000e+00	4.713809118482954e+00
3.200000000000000e+00	4.925282678915922e+00
3.200000000000000e+00	4.803974077831256e+00
3.200000000000000e+00	4.751385668416219e+00
3.200000000000000e+00	4.669269133431051e+00
3.200000000000000e+00	4.839652501476884e+00
3.200000000000000e+00	4.807493721093163e+00
3.200000000000000e+00	4.749012863554340e+00
3.200000000000000e+00	4.818907773726531e+00
3.200000000000000e+00	4.747741425059278e+00
3.200000000000000e+00	4.793485513637545e+00
3.200000000000000e+00	4.803261308044942e+00
3.200000000000000e+00	4.753428632286413e+00
3.200000000000000e+00	4.724565138231021e+00
3.200000000000000e+00	4.785361428601437e+00
3.200000000000000e+00	4.635106906794564e+00
3.200000000000000e+00	4.717416186413697e+00
3.200000000000000e+00	4.571099478957163e+00
3.200000000000000e+00	4.730711986421502e+00
3.200000000000000e+00	4.717721134157744e+00
3.200000000000000e+00	4.773234182742911e+00
3.200000000000000e+00	4.785973513986384e+00
3.200000000000000e+00	4.769352285561291e+00
3.200000000000000e+00	4.821739878668186e+00
3.200000000000000e+00	4.724765228810362e+00
3.200000000000000e+00	4.645215744457063e+00
3.200000000000000e+00	4.794923025788785e+00
3.200000000000000e+00	4.900941121846985e+00
3.200000000000000e+00	4.733112087902160e+00
3.200000000000000e+00	4.734762621478023e+00
3.200000000000000e+00	4.706000203540353e+00
3.200000000000000e+00	4.717562156782336e+00
3.200000000000000e+00	4.669836288098619e+00
3.200000000000000e+00	4.722457285313851e+00
3.200000000000000e+00	4.755382338514291e+00
3.200000000000000e+00	4.802638906558608e+00
3.200000000000000e+00	4.729584214523817e+00
3.200000000000000e+00	4.803551914770124e+00
3.200000000000000e+00	4.804692159228731e+00
3.200000000000000e+00	4.830971264763767e+00
3.200000000000000e+00	4.601877371319272e+00
3.200000000000000e+00	4.727375429668999e+00
3.200000000000000e+00	4.702891698472264e+00
3.200000000000000e+00	4.836650541793430e+00
3.200000000000000e+00	4.708010352683997e+00
3.200000000000000e+00	4.826343559349372e+00
3.200000000000000e+00	4.720165933702014e+00
3.200000000000000e+00	4.680640085886205e+00
3.200000000000000e+00	4.696304447704430e+00
3.200000000000000e+00	4.761102251382191e+00
3.200000000000000e+00	4.820105203051662e+00
3.200000000000000e+00	4.717273654305639e+00
3.200000000000000e+00	4.818929357972485e+00
3.200000000000000e+00	4.941014225964342e+00
3.200000000000000e+00	4.765776487325844e+00
3.200000000000000e+00	4.753938837725780e+00
3.200000000000000e+00	4.761594281408082e+00
3.200000000000000e+00	4.830691909794576e+00
3.200000000000000e+00	4.794818075760832e+00
3.200000000000000e+00	4.766156151136402e+00
3.200000000000000e+00	4.835523562047037e+00
3.200000000000000e+00	4.802168175349996e+00
3.200000000000000e+00	4.824139723929787e+00
3.200000000000000e+00	4.862513043914898e+00
3.200000000000000e+00	4.728278614658668e+00
3.200000000000000e+00	4.633741454619385e+00
3.200000000000000e+00	4.795366606833328e+00
3.200000000000000e+00	4.706935954361045e+00
3.200000000000000e+00	4.706116336381076e+00
3.200000000000000e+00	4.769272477447822e+00
3.200000000000000e+00	4.682019734588716e+00
3.200000000000000e+00	4.734084068316035e+00
3.200000000000000e+00	4.717019034574804e+00
3.200000000000000e+00	4.638855092281130e+00
3.200000000000000e+00	4.704372566205370e+00
3.200000000000000e+00	4.665627181339666e+00
3.200000000000000e+00	4.666686630847577e+00
3.200000000000000e+00	4.762987560328194e+00
3.200000000000000e+00	4.667901359204116e+00
3.200000000000000e+00	4.873588375961961e+00
3.200000000000000e+00	4.669938779792147e+00
3.200000000000000e+00	4.772461413126894e+00
3.200000000000000e+00	4.722868832779831e+00
3.200000000000000e+00	4.829334996511552e+00
3.200000000000000e+00	4.867531009436213e+00
3.200000000000000e+00	4.699125320069494e+00
3.200000000000000e+00	4.708107124045638e+00
3.200000000000000e+00	4.841314767697634e+00
3.200000000000000e+00	4.642737287030239e+00
3.200000000000000e+00	4.677021842379943e+00
3.200000000000000e+00	4.698553548471658e+00
3.200000000000000e+00	4.665076703853535e+00
3.200000000000000e+00	4.719770799513073e+00
3.200000000000000e+00	4.770096268771189e+00
3.200000000000000e+00	4.676543702346215e+00
3.200000000000000e+00	4.606613791732290e+00
3.200000000000000e+00	4.791056781263679e+00
3.200000000000000e+00	4.875873833798370e+00
3.200000000000000e+00	4.858774736605779e+00
3.200000000000000e+00	4.756429330830954e+00
3.200000000000000e+00	4.779669572421169e+00
3.200000000000000e+00	4.718678786395235e+00
3.200000000000000e+00	4.559731901802784e+00
3.200000000000000e+00	4.691638198132106e+00
3.200000000000000e+00	4.795842118682298e+00
3.200000000000000e+00	4.812243881123255e+00
3.200000000000000e+00	4.752440251469393e+00
3.200000000000000e+00	4.814085964973714e+00
3.200000000000000e+00	4.830255284862424e+00
3.200000000000000e+00	4.685661932903805e+00
3.200000000000000e+00	4.783332256346238e+00
3.200000000000000e+00	4.821915385296087e+00
3.200000000000000e+00	4.768322379659982e+00
3.200000000000000e+00	4.868724313184934e+00
3.200000000000000e+00	4.785545376214050e+00
3.200000000000000e+00	4.807331767216201e+00
3.200000000000000e+00	4.658160930787920e+00
3.200000000000000e+00	4.666927016725306e+00
3.200000000000000e+00	4.698419284994788e+00
3.200000000000000e+00	4.770793712668633e+00
3.200000000000000e+00	4.638253689292038e+00
3.200000000000000e+00	4.854300964683850e+00
3.200000000000000e+00	4.642175377380457e+00
3.200000000000000e+00	4.683209223941786e+00
3.200000000000000e+00	4.817750774586370e+00
3.200000000000000e+00	4.792022800573150e+00
3.200000000000000e+00	4.669640422238880e+00
3.200000000000000e+00	4.688206281150044e+00
3.200000000000000e+00	4.667616688614276e+00
3.200000000000000e+00	4.776076897768289e+00
3.200000000000000e+00	4.783667235912414e+00
3.200000000000000e+00	4.771020112472731e+00
3.200000000000000e+00	4.748613848587708e+00
3.200000000000000e+00	4.692788742050626e+00
3.200000000000000e+00	4.755099714086011e+00
3.200000000000000e+00	4.669337952085298e+00
3.200000000000000e+00	4.742263847966612e+00
3.200000000000000e+00	4.575322435039110e+00
3.200000000000000e+00	4.685682187347346e+00
3.200000000000000e+00	4.802404792565399e+00
3.200000000000000e+00	4.816314237424019e+00
3.200000000000000e+00	4.799400961648489e+00
3.200000000000000e+00	4.779738024156745e+00
3.200000000000000e+00	4.767375743963408e+00
3.200000000000000e+00	4.685081376340152e+00
3.200000000000000e+00	4.677627287445231e+00
3.200000000000000e+00	4.684787239082296e+00
3.200000000000000e+00	4.724399357273557e+00
3.200000000000000e+00	4.703405660102820e+00
3.200000000000000e+00	4.723351682633527e+00
3.200000000000000e+00	4.752322561670122e+00
3.200000000000000e+00	4.627157669707527e+00
3.200000000000000e+00	4.702299073994746e+00
3.200000000000000e+00	4.762646406897812e+00
3.200000000000000e+00	4.750640757878690e+00
3.200000000000000e+00	4.796910564445912e+00
3.200000000000000e+00	4.786865235417039e+00
3.200000000000000e+00	4.748977713090731e+00
3.200000000000000e+00	4.687312827124940e+00
3.200000000000000e+00	4.683827632560858e+00
3.200000000000000e+00	4.863499521156916e+00
3.200000000000000e+00	4.819847262149885e+00
3.200000000000000e+00	4.912980797048023e+00
3.200000000000000e+00	4.811826062595384e+00
3.200000000000000e+00	4.763257275850736e+00
3.200000000000000e+00	4.672986950557153e+00
3.200000000000000e+00	4.803155720545246e+00
3.200000000000000e+00	4.811694009607882e+00
3.200000000000000e+00	4.701712444361718e+00
3.200000000000000e+00	4.814833879186306e+00
3.200000000000000e+00	4.779524192962002e+00
3.200000000000000e+00	4.799093477554024e+00
3.200000000000000e+00	4.755871361252403e+00
3.200000000000000e+00	4.677279043708322e+00
3.200000000000000e+00	4.725640011250207e+00
3.200000000000000e+00	4.705130444153658e+00
3.200000000000000e+00	4.705305865949763e+00
3.200000000000000e+00	4.764904184855232e+00
3.200000000000000e+00	4.696161156713201e+00
3.200000000000000e+00	4.810817441234674e+00
3.200000000000000e+00	4.733562512753708e+00
3.200000000000000e+00	4.631147346585935e+00
3.200000000000000e+00	4.663465980216027e+00
3.200000000000000e+00	4.806748922954101e+00
3.200000000000000e+00	4.761777039501506e+00
3.200000000000000e+00	4.817997875870537e+00
3.200000000000000e+00	4.776724432086600e+00
3.200000000000000e+00	4.649259207567827e+00
3.200000000000000e+00	4.760167724406388e+00
3.200000000000000e+00	5.000845871947321e+00
3.200000000000000e+00	4.812331769739425e+00
3.200000000000000e+00	4.805198820599649e+00
3.200000000000000e+00	4.747942894926455e+00
3.200000000000000e+00	4.907153084007290e+00
3.200000000000000e+00	4.842215785615371e+00
