2.700000000000000e+00	6.923385044029601e-01
2.700000000000000e+00	6.456343560869684e-01
2.700000000000000e+00	6.501459584866865e-01
2.700000000000000e+00	6.829371579939686e-01
2.700000000000000e+00	7.541568871689914e-01
2.700000000000000e+00	6.441779769668343e-01
2.700000000000000e+00	6.284708598815738e-01
2.700000000000000e+00	7.097920409100552e-01
2.700000000000000e+00	7.179643971783433e-01
2.700000000000000e+00	7.105684441835657e-01
2.700000000000000e+00	7.032831486166885e-01
2.700000000000000e+00	7.586081129984800e-01
2.700000000000000e+00	6.895921936138901e-01
2.700000000000000e+00	6.568185579508661e-01
2.700000000000000e+00	7.432086595767063e-01
2.700000000000000e+00	7.881210102261472e-01
2.700000000000000e+00	6.844708591017361e-01
2.700000000000000e+00	7.320200090698118e-01
2.700000000000000e+00	6.631457224189349e-01
2.700000000000000e+00	7.217552057051815e-01
2.700000000000000e+00	6.523378059682702e-01
2.700000000000000e+00	7.148914045221679e-01
2.700000000000000e+00	7.201478184488801e-01
2.700000000000000e+00	7.111174081805656e-01
2.700000000000000e+00	6.751966071001100e-01
2.700000000000000e+00	7.125158274094110e-01
2.700000000000000e+00	6.354442710384024e-01
2.700000000000000e+00	6.412363271856907e-01
2.700000000000000e+00	6.601106433163715e-01
2.700000000000000e+00	6.487264870571182e-01
2.700000000000000e+00	7.899056773685491e-01
2.700000000000000e+00	6.909954951496740e-01
2.700000000000000e+00	6.530909573304740e-01
2.700000000000000e+00	7.240741016947947e-01
2.700000000000000e+00	7.392911231049254e-01
2.700000000000000e+00	7.072391370670534e-01
2.700000000000000e+00	7.722406815044024e-01
2.700000000000000e+00	6.909493642825423e-01
2.700000000000000e+00	6.248773459872224e-01
2.700000000000000e+00	6.206447819089458e-01
2.700000000000000e+00	7.405547529264243e-01
2.700000000000000e+00	6.408985529032561e-01
2.700000000000000e+00	6.996838979051594e-01
2.700000000000000e+00	7.026736425363341e-01
2.700000000000000e+00	6.991359824594919e-01
2.700000000000000e+00	6.161020617029181e-01
2.700000000000000e+00	7.373354336213275e-01
2.700000000000000e+00	7.004403067434932e-01
2.700000000000000e+00	6.919502440053191e-01
2.700000000000000e+00	7.395435666204986e-01
2.700000000000000e+00	6.724370080933570e-01
2.700000000000000e+00	6.456390609427173e-01
2.700000000000000e+00	6.232304005004766e-01
2.700000000000000e+00	6.946724155601355e-01
2.700000000000000e+00	6.845996812024404e-01
2.700000000000000e+00	6.692889665034442e-01
2.700000000000000e+00	7.557349521364264e-01
2.700000000000000e+00	6.934782244796230e-01
2.700000000000000e+00	6.795689952457221e-01
2.700000000000000e+00	7.031330873276700e-01
2.700000000000000e+00	6.982432327501313e-01
2.700000000000000e+00	7.111790968811249e-01
2.700000000000000e+00	6.499130168829966e-01
2.700000000000000e+00	6.596277110288692e-01
2.700000000000000e+00	6.525101861811824e-01
2.700000000000000e+00	6.811335453632060e-01
2.700000000000000e+00	7.550551787936081e-01
2.700000000000000e+00	7.136796225358768e-01
2.700000000000000e+00	7.535627558932962e-01
2.700000000000000e+00	6.676278900201054e-01
2.700000000000000e+00	6.395330216074788e-01
2.700000000000000e+00	7.231829259830408e-01
2.700000000000000e+00	7.274089894210644e-01
2.700000000000000e+00	7.082984745930903e-01
2.700000000000000e+00	6.545945579958667e-01
2.700000000000000e+00	6.160515117619817e-01
2.700000000000000e+00	7.005707129472172e-01
2.700000000000000e+00	7.004537110135667e-01
2.700000000000000e+00	6.369893472025872e-01
2.700000000000000e+00	6.515708121386679e-01
2.700000000000000e+00	6.666173927258322e-01
2.700000000000000e+00	7.291569694103608e-01
2.700000000000000e+00	6.392568169656201e-01
2.700000000000000e+00	6.407697123896166e-01
2.700000000000000e+00	6.495244826564942e-01
2.700000000000000e+00	7.096733256837382e-01
2.700000000000000e+00	6.979374349017390e-01
2.700000000000000e+00	7.300940753293373e-01
2.700000000000000e+00	7.096692502568378e-01
2.700000000000000e+00	7.508986273058301e-01
2.700000000000000e+00	5.963785070059424e-01
2.700000000000000e+00	5.702218093568507e-01
2.700000000000000e+00	6.907800455857480e-01
2.700000000000000e+00	6.064786840620522e-01
2.700000000000000e+00	6.880419454286757e-01
2.700000000000000e+00	6.531289665245678e-01
2.700000000000000e+00	6.021853837749556e-01
2.700000000000000e+00	7.577910911281674e-01
2.700000000000000e+00	6.565387364510078e-01
2.700000000000000e+00	6.941014720574272e-01
2.700000000000000e+00	7.627839274161600e-01
2.700000000000000e+00	6.980168873971271e-01
2.700000000000000e+00	6.773764652597695e-01
2.700000000000000e+00	6.270494086130721e-01
2.700000000000000e+00	7.555007469051178e-01
2.700000000000000e+00	7.271269444547561e-01
2.700000000000000e+00	6.107824645208465e-01
2.700000000000000e+00	7.215696422785530e-01
2.700000000000000e+00	7.216557421929677e-01
2.700000000000000e+00	7.130820170651987e-01
2.700000000000000e+00	7.393780069993624e-01
2.700000000000000e+00	7.143409332722572e-01
2.700000000000000e+00	7.633739783933484e-01
2.700000000000000e+00	6.923615626783558e-01
2.700000000000000e+00	6.684916667056507e-01
2.700000000000000e+00	7.349532022132880e-01
2.700000000000000e+00	6.563427309910241e-01
2.700000000000000e+00	6.186580167020324e-01
2.700000000000000e+00	6.966495220453172e-01
2.700000000000000e+00	6.669183271936686e-01
2.700000000000000e+00	7.439192330870226e-01
2.700000000000000e+00	6.337524504207840e-01
2.700000000000000e+00	6.906769588381131e-01
2.700000000000000e+00	6.466377665626921e-01
2.700000000000000e+00	6.560371344575714e-01
2.700000000000000e+00	7.402010220101091e-01
2.700000000000000e+00	6.415182415192650e-01
2.700000000000000e+00	7.272511357284379e-01
2.700000000000000e+00	6.679252684158269e-01
2.700000000000000e+00	7.206871059092774e-01
2.700000000000000e+00	7.703011108865112e-01
2.700000000000000e+00	6.803089537392399e-01
2.700000000000000e+00	6.999163942635251e-01
2.700000000000000e+00	6.099706323106826e-01
2.700000000000000e+00	6.465551640587917e-01
2.700000000000000e+00	7.710986576480341e-01
2.700000000000000e+00	6.476605798357249e-01
2.700000000000000e+00	7.067646300633663e-01
2.700000000000000e+00	6.442081679711029e-01
2.700000000000000e+00	6.962876068283994e-01
2.700000000000000e+00	6.691390537680600e-01
2.700000000000000e+00	6.803008069758592e-01
2.700000000000000e+00	6.280412393844012e-01
2.700000000000000e+00	6.959643479368138e-01
2.700000000000000e+00	6.119983103243676e-01
2.700000000000000e+00	6.706885843393273e-01
2.700000000000000e+00	7.169871940502326e-01
2.700000000000000e+00	6.916821013109892e-01
2.700000000000000e+00	7.227658299461578e-01
2.700000000000000e+00	7.817439323508266e-01
2.700000000000000e+00	7.749657267081437e-01
2.700000000000000e+00	7.424706351476325e-01
2.700000000000000e+00	6.862022301543824e-01
2.700000000000000e+00	7.530389259040492e-01
2.700000000000000e+00	7.421546637283465e-01
2.700000000000000e+00	6.423212695501407e-01
2.700000000000000e+00	6.995492485597627e-01
2.700000000000000e+00	7.420395571135466e-01
2.700000000000000e+00	7.648041041952028e-01
2.700000000000000e+00	7.109237172419202e-01
2.700000000000000e+00	7.526413616856867e-01
2.700000000000000e+00	6.716977224962748e-01
2.700000000000000e+00	6.855355336520421e-01
2.700000000000000e+00	6.886752663063955e-01
2.700000000000000e+00	6.710012490153697e-01
2.700000000000000e+00	7.384806660526557e-01
2.700000000000000e+00	7.218928899001834e-01
2.700000000000000e+00	6.737226323265145e-01
2.700000000000000e+00	6.217488288319932e-01
2.700000000000000e+00	6.507341945351973e-01
2.700000000000000e+00	7.463420119709826e-01
2.700000000000000e+00	7.193444460317239e-01
2.700000000000000e+00	7.019833599377969e-01
2.700000000000000e+00	7.392981535830259e-01
2.700000000000000e+00	7.020189212321033e-01
2.700000000000000e+00	6.800329673469883e-01
2.700000000000000e+00	6.659949715381125e-01
2.700000000000000e+00	6.869429939447869e-01
2.700000000000000e+00	7.366079395359161e-01
2.700000000000000e+00	6.261282057869847e-01
2.700000000000000e+00	6.903452403763874e-01
2.700000000000000e+00	7.079530840916747e-01
2.700000000000000e+00	6.571196885619914e-01
2.700000000000000e+00	6.579576161912497e-01
2.700000000000000e+00	7.025455830009548e-01
2.700000000000000e+00	6.638496407993636e-01
2.700000000000000e+00	7.148083525656371e-01
2.700000000000000e+00	6.645643549003987e-01
2.700000000000000e+00	7.486377663577716e-01
2.700000000000000e+00	7.459777200463013e-01
2.700000000000000e+00	6.233821784068172e-01
2.700000000000000e+00	7.175437884466020e-01
2.700000000000000e+00	6.554832356826176e-01
2.700000000000000e+00	6.734170560199730e-01
2.700000000000000e+00	6.625893053233306e-01
2.700000000000000e+00	6.718438310823032e-01
2.700000000000000e+00	6.788500048251463e-01
2.700000000000000e+00	6.254654888587098e-01
2.700000000000000e+00	5.820370843127352e-01
2.700000000000000e+00	7.265953154394208e-01
2.700000000000000e+00	7.750393279635739e-01
2.700000000000000e+00	6.998353428235842e-01
2.700000000000000e+00	6.721506056358630e-01
2.700000000000000e+00	7.494597778044109e-01
2.700000000000000e+00	7.601570374535978e-01
2.700000000000000e+00	7.017739150298867e-01
2.700000000000000e+00	7.014271798224367e-01
2.700000000000000e+00	6.919946579202200e-01
2.700000000000000e+00	7.011018442977658e-01
2.700000000000000e+00	6.901626126896300e-01
2.700000000000000e+00	6.703718716364475e-01
2.700000000000000e+00	7.582432469971919e-01
2.700000000000000e+00	8.251546750125397e-01
2.700000000000000e+00	7.409352262102799e-01
2.700000000000000e+00	6.532323847651572e-01
2.700000000000000e+00	5.849168695987631e-01
2.700000000000000e+00	6.874761984200463e-01
2.700000000000000e+00	6.817020451993097e-01
2.700000000000000e+00	6.397247907408197e-01
2.700000000000000e+00	6.674235780015332e-01
2.700000000000000e+00	6.980239354817882e-01
2.700000000000000e+00	6.145115447674173e-01
2.700000000000000e+00	5.883098455090588e-01
2.700000000000000e+00	7.020852715557585e-01
2.700000000000000e+00	7.789448164360978e-01
2.700000000000000e+00	7.723677414187502e-01
2.700000000000000e+00	7.091528753002153e-01
2.700000000000000e+00	7.226705915429464e-01
2.700000000000000e+00	6.737550750774449e-01
2.700000000000000e+00	6.795256179712301e-01
2.700000000000000e+00	6.660379207238827e-01
2.700000000000000e+00	6.941400968726652e-01
2.700000000000000e+00	6.921858271712655e-01
2.700000000000000e+00	7.260566664298456e-01
2.700000000000000e+00	7.047539640875033e-01
2.700000000000000e+00	6.649882305565916e-01
2.700000000000000e+00	6.595273301387617e-01
2.700000000000000e+00	6.531897175703802e-01
2.700000000000000e+00	7.468311259222273e-01
2.700000000000000e+00	6.767972243617694e-01
2.700000000000000e+00	6.041726147117858e-01
2.700000000000000e+00	6.116588207792762e-01
2.700000000000000e+00	6.665423824497527e-01
2.700000000000000e+00	7.295966509027363e-01
2.700000000000000e+00	6.557752703461902e-01
2.700000000000000e+00	7.000051063069552e-01
2.700000000000000e+00	6.986090120544578e-01
2.700000000000000e+00	6.802463980646647e-01
2.700000000000000e+00	7.224951840345255e-01
2.700000000000000e+00	7.022822228845079e-01
2.700000000000000e+00	6.650915285826872e-01
2.700000000000000e+00	6.783820799793889e-01
2.700000000000000e+00	6.053799393098043e-01
2.700000000000000e+00	6.443973021096249e-01
2.700000000000000e+00	6.701871466158219e-01
2.700000000000000e+00	7.592549954747850e-01
2.700000000000000e+00	7.023919152714290e-01
2.700000000000000e+00	6.488396307225144e-01
2.700000000000000e+00	7.596873426465458e-01
2.700000000000000e+00	7.420100546870784e-01
2.700000000000000e+00	7.649766094529651e-01
2.700000000000000e+00	6.906308935600401e-01
2.700000000000000e+00	7.090002776240948e-01
2.700000000000000e+00	6.913714095134167e-01
2.700000000000000e+00	6.731311420198539e-01
2.700000000000000e+00	6.290887090194162e-01
2.700000000000000e+00	7.134828877803967e-01
2.700000000000000e+00	5.764766002623221e-01
2.700000000000000e+00	7.309443101417936e-01
2.700000000000000e+00	6.673757223016479e-01
2.700000000000000e+00	7.490586525751273e-01
2.700000000000000e+00	6.558572868561355e-01
2.700000000000000e+00	7.113342068765134e-01
2.700000000000000e+00	6.722417721634157e-01
2.700000000000000e+00	7.238378269341864e-01
2.700000000000000e+00	6.405106511797136e-01
2.700000000000000e+00	6.462565652190815e-01
2.700000000000000e+00	7.082726345665969e-01
2.700000000000000e+00	6.517354601767256e-01
2.700000000000000e+00	6.862769934362943e-01
2.700000000000000e+00	7.720813630595436e-01
2.700000000000000e+00	6.367366253453499e-01
2.700000000000000e+00	6.845071091159789e-01
2.700000000000000e+00	7.281641503785918e-01
2.700000000000000e+00	5.434356073363931e-01
2.700000000000000e+00	7.050567883668269e-01
2.700000000000000e+00	6.750246799983796e-01
2.700000000000000e+00	7.326675758594486e-01
2.700000000000000e+00	6.260213857376302e-01
2.700000000000000e+00	6.400466038102641e-01
2.700000000000000e+00	6.345918852918738e-01
2.700000000000000e+00	6.812404464125862e-01
2.700000000000000e+00	6.363764415364123e-01
2.700000000000000e+00	7.026516413327983e-01
2.700000000000000e+00	6.125121085590455e-01
2.700000000000000e+00	6.654328687050232e-01
2.700000000000000e+00	6.764574941851167e-01
2.700000000000000e+00	6.970093910136113e-01
2.700000000000000e+00	6.105812075884244e-01
2.700000000000000e+00	6.177980336441211e-01
2.700000000000000e+00	7.083041122120224e-01
2.700000000000000e+00	7.797527523699721e-01
2.700000000000000e+00	7.168507533128911e-01
2.700000000000000e+00	6.562358461627797e-01
2.700000000000000e+00	6.834208942967019e-01
2.700000000000000e+00	6.613420913447061e-01
2.700000000000000e+00	6.163685607833913e-01
2.700000000000000e+00	7.654250241159335e-01
2.700000000000000e+00	6.697332991502073e-01
2.700000000000000e+00	7.449217833500954e-01
2.700000000000000e+00	6.661183403415133e-01
2.700000000000000e+00	6.781587442673148e-01
2.700000000000000e+00	7.125468126889768e-01
2.700000000000000e+00	6.500722534705398e-01
2.700000000000000e+00	6.383918046112541e-01
2.700000000000000e+00	7.393772215159153e-01
2.700000000000000e+00	6.757849914182285e-01
2.700000000000000e+00	7.053041732996963e-01
2.700000000000000e+00	6.745682660811414e-01
2.700000000000000e+00	6.224829509715866e-01
2.700000000000000e+00	6.849516196259295e-01
2.700000000000000e+00	6.928222066665582e-01
2.700000000000000e+00	6.673374291688462e-01
2.700000000000000e+00	6.614236126819047e-01
2.700000000000000e+00	8.058822827364177e-01
2.700000000000000e+00	6.455329685684803e-01
2.700000000000000e+00	6.748147753100155e-01
2.700000000000000e+00	6.891629363716637e-01
2.700000000000000e+00	6.598268052991089e-01
2.700000000000000e+00	6.124738577575516e-01
2.700000000000000e+00	7.478182549795863e-01
2.700000000000000e+00	6.887438447327026e-01
2.700000000000000e+00	6.897215570844631e-01
2.700000000000000e+00	7.161197468379565e-01
2.700000000000000e+00	7.167529304487911e-01
2.700000000000000e+00	6.127531366244126e-01
2.700000000000000e+00	7.384530222835030e-01
2.700000000000000e+00	6.871783721315121e-01
2.700000000000000e+00	6.593274443282602e-01
2.700000000000000e+00	7.627361453000849e-01
2.700000000000000e+00	6.691630367839235e-01
2.700000000000000e+00	6.238131322804337e-01
2.700000000000000e+00	7.127120865065883e-01
2.700000000000000e+00	7.383378113299003e-01
2.700000000000000e+00	7.376013998885254e-01
2.700000000000000e+00	6.451396338449370e-01
2.700000000000000e+00	7.451338543352535e-01
2.700000000000000e+00	7.940009337430352e-01
2.700000000000000e+00	7.293381396367277e-01
2.700000000000000e+00	6.672184578336976e-01
2.700000000000000e+00	7.164332270917451e-01
2.700000000000000e+00	7.054080961418031e-01
2.700000000000000e+00	6.948440384068258e-01
2.700000000000000e+00	7.008386776950576e-01
2.700000000000000e+00	6.792108625898803e-01
2.700000000000000e+00	6.977306724427490e-01
2.700000000000000e+00	6.443523745345487e-01
2.700000000000000e+00	5.387397380775591e-01
2.700000000000000e+00	6.941039069783865e-01
2.700000000000000e+00	6.458191017241185e-01
2.700000000000000e+00	7.195699096416404e-01
2.700000000000000e+00	6.601907769264914e-01
2.700000000000000e+00	7.142006056343980e-01
2.700000000000000e+00	6.422369651949117e-01
2.700000000000000e+00	6.094239044673343e-01
2.700000000000000e+00	6.613667204298264e-01
2.700000000000000e+00	6.543477590105978e-01
2.700000000000000e+00	6.617009483848120e-01
2.700000000000000e+00	6.386255722668923e-01
2.700000000000000e+00	6.972283069791781e-01
2.700000000000000e+00	6.685768342161919e-01
2.700000000000000e+00	7.208961996020673e-01
2.700000000000000e+00	6.612846552004471e-01
2.700000000000000e+00	7.053887229125325e-01
2.700000000000000e+00	7.491285636122694e-01
2.700000000000000e+00	7.293418742221901e-01
2.700000000000000e+00	7.349963548744661e-01
2.700000000000000e+00	7.409871568038253e-01
2.700000000000000e+00	6.954899046925307e-01
2.700000000000000e+00	6.791509741745814e-01
2.700000000000000e+00	6.659385085944588e-01
2.700000000000000e+00	7.272899119158514e-01
2.700000000000000e+00	7.363863414537776e-01
2.700000000000000e+00	8.032648408435512e-01
2.700000000000000e+00	6.619390590625215e-01
2.700000000000000e+00	6.857501110236227e-01
2.700000000000000e+00	6.375714587670063e-01
2.700000000000000e+00	6.641012336089055e-01
2.700000000000000e+00	7.226587386688539e-01
2.700000000000000e+00	6.776053945573290e-01
2.700000000000000e+00	7.013871008118771e-01
2.700000000000000e+00	6.496869497464643e-01
2.700000000000000e+00	6.992202885082150e-01
2.700000000000000e+00	7.071144378321269e-01
2.700000000000000e+00	6.751737149977839e-01
2.700000000000000e+00	6.305858603557670e-01
2.700000000000000e+00	6.678521563542597e-01
2.700000000000000e+00	7.275914443155913e-01
2.700000000000000e+00	7.157492082903414e-01
2.700000000000000e+00	7.149286718150752e-01
2.700000000000000e+00	6.709016609884962e-01
2.700000000000000e+00	6.573253275484814e-01
2.700000000000000e+00	7.194987216597458e-01
2.700000000000000e+00	6.582697087747258e-01
2.700000000000000e+00	6.660296873589718e-01
2.700000000000000e+00	6.175965463653251e-01
2.700000000000000e+00	6.556454482392031e-01
2.700000000000000e+00	7.021116215318201e-01
2.700000000000000e+00	7.136467904941078e-01
2.700000000000000e+00	6.768583519818842e-01
2.700000000000000e+00	7.139814823171717e-01
2.700000000000000e+00	6.790084562353369e-01
2.700000000000000e+00	7.640631135244720e-01
2.700000000000000e+00	6.459959824550104e-01
2.700000000000000e+00	6.602451651478525e-01
2.700000000000000e+00	6.948605761231078e-01
2.700000000000000e+00	7.708307321512241e-01
2.700000000000000e+00	6.803049813364501e-01
2.700000000000000e+00	7.840943157911943e-01
2.700000000000000e+00	7.183553593632357e-01
2.700000000000000e+00	6.452626307060430e-01
2.700000000000000e+00	7.074638891779683e-01
2.700000000000000e+00	6.701783217803986e-01
2.700000000000000e+00	6.034852715495189e-01
2.700000000000000e+00	6.980596477369333e-01
2.700000000000000e+00	6.327697865883314e-01
2.700000000000000e+00	6.315492062211215e-01
2.700000000000000e+00	6.710586443283881e-01
2.700000000000000e+00	7.054459471668491e-01
2.700000000000000e+00	6.984170664646266e-01
2.700000000000000e+00	7.675998464565632e-01
2.700000000000000e+00	6.796860035189041e-01
2.700000000000000e+00	6.970180437272191e-01
2.700000000000000e+00	6.420097843391752e-01
2.700000000000000e+00	6.711680807895560e-01
2.700000000000000e+00	6.671589697989941e-01
2.700000000000000e+00	7.212652203636000e-01
2.700000000000000e+00	7.149327173437595e-01
2.700000000000000e+00	6.522961298046120e-01
2.700000000000000e+00	6.720122736931591e-01
2.700000000000000e+00	7.176539985258578e-01
2.700000000000000e+00	6.399899008524152e-01
2.700000000000000e+00	7.452228295216919e-01
2.700000000000000e+00	7.593828998016109e-01
2.700000000000000e+00	7.261594871865488e-01
2.700000000000000e+00	6.779686594344745e-01
2.700000000000000e+00	6.569830135721050e-01
2.700000000000000e+00	7.444319283619635e-01
2.700000000000000e+00	7.145995346398095e-01
2.700000000000000e+00	7.531923557996613e-01
2.700000000000000e+00	6.779095490303951e-01
2.700000000000000e+00	6.402029337523953e-01
2.700000000000000e+00	7.269868622684804e-01
2.700000000000000e+00	6.439187939815776e-01
2.700000000000000e+00	6.545477574475096e-01
2.700000000000000e+00	6.251335051187462e-01
2.700000000000000e+00	5.723467484281184e-01
2.700000000000000e+00	7.044202835321554e-01
2.700000000000000e+00	6.899598845751184e-01
2.700000000000000e+00	6.980914968217051e-01
2.700000000000000e+00	6.735582694950586e-01
2.700000000000000e+00	7.058299153718952e-01
2.700000000000000e+00	6.385896753091029e-01
2.700000000000000e+00	5.874516914304364e-01
2.700000000000000e+00	6.935788964090317e-01
2.700000000000000e+00	6.747753348030596e-01
2.700000000000000e+00	7.184735209353685e-01
2.700000000000000e+00	7.222638249250657e-01
2.700000000000000e+00	7.276298156532460e-01
2.700000000000000e+00	6.396963151076215e-01
2.700000000000000e+00	7.186909159702038e-01
2.700000000000000e+00	7.480695946778305e-01
2.700000000000000e+00	7.123136965392363e-01
2.700000000000000e+00	7.649056687397089e-01
2.700000000000000e+00	7.113093345871379e-01
2.700000000000000e+00	7.158628617950561e-01
2.700000000000000e+00	7.747899597356118e-01
2.700000000000000e+00	6.930568813760712e-01
2.700000000000000e+00	6.672101585773942e-01
2.700000000000000e+00	6.266212830773752e-01
2.700000000000000e+00	6.403525179373147e-01
2.700000000000000e+00	7.281395187759241e-01
2.700000000000000e+00	7.168210482205927e-01
2.700000000000000e+00	6.580653644349126e-01
2.700000000000000e+00	7.116940919614743e-01
2.700000000000000e+00	6.981205673443014e-01
2.700000000000000e+00	7.123016281052368e-01
2.700000000000000e+00	7.234861961810009e-01
2.700000000000000e+00	6.653033759589092e-01
2.700000000000000e+00	7.755119671407564e-01
2.700000000000000e+00	6.738842827168668e-01
2.700000000000000e+00	6.222939949124141e-01
2.700000000000000e+00	7.093783396734412e-01
2.700000000000000e+00	6.636601949129787e-01
2.700000000000000e+00	6.979991341641798e-01
2.700000000000000e+00	6.647060081890522e-01
2.700000000000000e+00	6.252141402275676e-01
2.700000000000000e+00	6.554117968219331e-01
2.700000000000000e+00	6.723763228957276e-01
2.700000000000000e+00	7.148340797554104e-01
2.700000000000000e+00	7.279923869994019e-01
2.700000000000000e+00	7.209768665761417e-01
2.700000000000000e+00	6.457923095310601e-01
2.700000000000000e+00	5.931754428325884e-01
2.700000000000000e+00	6.321250136457178e-01
2.700000000000000e+00	7.079598675989233e-01
2.700000000000000e+00	7.585829939963460e-01
2.700000000000000e+00	6.843394154150246e-01
2.700000000000000e+00	7.096737521530073e-01
2.700000000000000e+00	7.595712632863068e-01
2.700000000000000e+00	7.168140611970708e-01
2.700000000000000e+00	7.324010594706243e-01
2.700000000000000e+00	8.181611945775243e-01
2.700000000000000e+00	6.713896796621228e-01
2.700000000000000e+00	7.008203974947224e-01
2.700000000000000e+00	6.748187197535837e-01
2.700000000000000e+00	7.485188382191931e-01
2.700000000000000e+00	7.737283422066419e-01
2.700000000000000e+00	6.465760167561334e-01
2.700000000000000e+00	7.199708645005942e-01
2.700000000000000e+00	7.075259093780742e-01
2.700000000000000e+00	6.716556471833806e-01
2.700000000000000e+00	7.373119680783906e-01
2.700000000000000e+00	6.967117009145010e-01
2.700000000000000e+00	6.488631683856411e-01
2.700000000000000e+00	6.476297713286253e-01
2.700000000000000e+00	6.961793496799219e-01
2.700000000000000e+00	7.671623959307055e-01
2.700000000000000e+00	6.592754777368872e-01
2.700000000000000e+00	7.628007310718417e-01
2.700000000000000e+00	7.105234308622077e-01
2.700000000000000e+00	6.195183433571305e-01
2.700000000000000e+00	7.074803411547191e-01
2.700000000000000e+00	6.447426914854890e-01
2.700000000000000e+00	7.280121440911086e-01
2.700000000000000e+00	6.931867898621589e-01
2.700000000000000e+00	6.503760299643999e-01
2.700000000000000e+00	6.579444800184674e-01
2.700000000000000e+00	7.158073113129123e-01
2.700000000000000e+00	7.050366058934239e-01
2.700000000000000e+00	6.823062986209926e-01
2.700000000000000e+00	6.796534957108429e-01
2.700000000000000e+00	7.097034324904749e-01
2.700000000000000e+00	6.202592994487137e-01
2.700000000000000e+00	7.465839179592859e-01
2.700000000000000e+00	7.321936726363520e-01
2.700000000000000e+00	6.842982890435368e-01
2.700000000000000e+00	6.709132448386108e-01
2.700000000000000e+00	7.076570925420461e-01
2.700000000000000e+00	6.457056483487754e-01
2.700000000000000e+00	6.646556244433012e-01
2.700000000000000e+00	7.389009195346404e-01
2.700000000000000e+00	8.452190606254295e-01
2.700000000000000e+00	7.543749817299500e-01
2.700000000000000e+00	6.341098391851109e-01
2.700000000000000e+00	6.762471852016739e-01
2.700000000000000e+00	6.753685841873359e-01
2.700000000000000e+00	6.067218326345357e-01
2.700000000000000e+00	6.304993977775147e-01
2.700000000000000e+00	6.512694995263714e-01
2.700000000000000e+00	6.839685246308460e-01
2.700000000000000e+00	7.246083021859062e-01
2.700000000000000e+00	7.448209329022494e-01
2.700000000000000e+00	7.212461488252325e-01
2.700000000000000e+00	7.130504517922578e-01
2.700000000000000e+00	6.683133487083454e-01
2.700000000000000e+00	6.621328814890100e-01
2.700000000000000e+00	6.267218528023498e-01
2.700000000000000e+00	7.049000074947614e-01
2.700000000000000e+00	6.743067693208082e-01
2.700000000000000e+00	6.151499230696843e-01
2.700000000000000e+00	7.210236457954317e-01
2.700000000000000e+00	7.069049610216664e-01
2.700000000000000e+00	6.580401640083940e-01
2.700000000000000e+00	7.738835773364214e-01
2.700000000000000e+00	7.192973196722484e-01
2.700000000000000e+00	7.197503280151331e-01
2.700000000000000e+00	6.523201179073154e-01
2.700000000000000e+00	7.166132780027433e-01
2.700000000000000e+00	6.351436281703429e-01
2.700000000000000e+00	7.527141370155747e-01
2.700000000000000e+00	6.016049443242263e-01
2.700000000000000e+00	6.502624647015256e-01
2.700000000000000e+00	6.701526428931048e-01
2.700000000000000e+00	6.798971691524467e-01
2.700000000000000e+00	7.804325708070243e-01
2.700000000000000e+00	6.575432961968797e-01
2.700000000000000e+00	7.423324991574580e-01
2.700000000000000e+00	7.068571983515143e-01
2.700000000000000e+00	6.558030184200446e-01
2.700000000000000e+00	6.584512075286213e-01
2.700000000000000e+00	6.739881470111467e-01
2.700000000000000e+00	7.400246433571070e-01
2.700000000000000e+00	7.397028355554356e-01
2.700000000000000e+00	6.882940875686623e-01
2.700000000000000e+00	6.280078592229550e-01
2.700000000000000e+00	6.590829482194084e-01
2.700000000000000e+00	6.433661612960925e-01
2.700000000000000e+00	6.978978288281632e-01
2.700000000000000e+00	7.137454653308293e-01
2.700000000000000e+00	7.633522250615076e-01
2.700000000000000e+00	7.486988474572737e-01
2.700000000000000e+00	6.662972051172300e-01
2.700000000000000e+00	7.469116459261579e-01
2.700000000000000e+00	7.412659181243036e-01
2.700000000000000e+00	6.622326508682373e-01
2.700000000000000e+00	6.807122994482503e-01
2.700000000000000e+00	7.005441711142504e-01
2.700000000000000e+00	6.371819335869592e-01
2.700000000000000e+00	6.396403976858601e-01
2.700000000000000e+00	6.871116094578411e-01
2.700000000000000e+00	6.593404765538188e-01
2.700000000000000e+00	7.095375587194706e-01
2.700000000000000e+00	7.837668406991636e-01
2.700000000000000e+00	6.272791287164360e-01
2.700000000000000e+00	7.603797204618016e-01
2.700000000000000e+00	6.332081914697274e-01
2.700000000000000e+00	6.418522287145781e-01
2.700000000000000e+00	7.395707535975926e-01
2.700000000000000e+00	6.934043500547740e-01
2.700000000000000e+00	6.858657685742376e-01
2.700000000000000e+00	6.374984736049006e-01
2.700000000000000e+00	6.180273420040839e-01
2.700000000000000e+00	7.445708257529993e-01
2.700000000000000e+00	7.193992742824482e-01
2.700000000000000e+00	6.923329043795718e-01
2.700000000000000e+00	7.126219529337936e-01
2.700000000000000e+00	7.216796611041006e-01
2.700000000000000e+00	6.650087281493832e-01
2.700000000000000e+00	6.354811290922587e-01
2.700000000000000e+00	6.497634560977105e-01
2.700000000000000e+00	6.852606617512890e-01
2.700000000000000e+00	6.804175935004904e-01
2.700000000000000e+00	6.704152486742259e-01
2.700000000000000e+00	6.760320609969824e-01
2.700000000000000e+00	6.531827868453177e-01
2.700000000000000e+00	7.081939726011864e-01
2.700000000000000e+00	7.486585968996397e-01
2.700000000000000e+00	6.237467467529419e-01
2.700000000000000e+00	6.216703294796042e-01
2.700000000000000e+00	6.635964741814024e-01
2.700000000000000e+00	6.822872720379617e-01
2.700000000000000e+00	6.776120411812171e-01
2.700000000000000e+00	7.796868094443391e-01
2.700000000000000e+00	6.863351261992816e-01
2.700000000000000e+00	6.979317417208399e-01
2.700000000000000e+00	7.122829832813075e-01
2.700000000000000e+00	6.283807847035983e-01
2.700000000000000e+00	6.574721544902042e-01
2.700000000000000e+00	7.369170636369302e-01
2.700000000000000e+00	7.510531351823275e-01
2.700000000000000e+00	6.977570586827324e-01
2.700000000000000e+00	7.953382750668446e-01
2.700000000000000e+00	6.347018273423005e-01
2.700000000000000e+00	6.558870964825821e-01
2.700000000000000e+00	6.889501475459107e-01
2.700000000000000e+00	6.547141408092382e-01
2.700000000000000e+00	7.282396605026517e-01
2.700000000000000e+00	6.580075105681846e-01
2.700000000000000e+00	7.391072804845683e-01
2.700000000000000e+00	6.377398860072416e-01
2.700000000000000e+00	6.988248904348028e-01
2.700000000000000e+00	7.625832726713030e-01
2.700000000000000e+00	6.260441134547094e-01
2.700000000000000e+00	6.983999389407780e-01
2.700000000000000e+00	6.612402800828195e-01
2.700000000000000e+00	6.188441564764648e-01
2.700000000000000e+00	7.256645551164497e-01
2.700000000000000e+00	7.089238937589224e-01
2.700000000000000e+00	7.103190378622001e-01
2.700000000000000e+00	6.800392961592749e-01
2.700000000000000e+00	6.892248763565415e-01
2.700000000000000e+00	7.070131864301981e-01
2.700000000000000e+00	7.014534202396908e-01
2.700000000000000e+00	7.113091873220417e-01
2.700000000000000e+00	6.957584001737760e-01
2.700000000000000e+00	7.477929164787280e-01
2.700000000000000e+00	7.178591270174896e-01
2.700000000000000e+00	6.636816539567857e-01
2.700000000000000e+00	6.448077696252210e-01
2.700000000000000e+00	6.514745595409414e-01
2.700000000000000e+00	7.053975839682785e-01
2.700000000000000e+00	7.138248531085638e-01
2.700000000000000e+00	6.679430413423653e-01
2.700000000000000e+00	6.074419706161129e-01
2.700000000000000e+00	6.522028819094305e-01
2.700000000000000e+00	6.496525609014873e-01
2.700000000000000e+00	7.705554297344185e-01
2.700000000000000e+00	6.454114086109293e-01
2.700000000000000e+00	6.904742549990159e-01
2.700000000000000e+00	6.435827115995015e-01
2.700000000000000e+00	6.872883208329666e-01
2.700000000000000e+00	6.282009331973581e-01
2.700000000000000e+00	7.219337942581323e-01
2.700000000000000e+00	6.478753257769885e-01
2.700000000000000e+00	6.228790123564975e-01
2.700000000000000e+00	5.902764529463079e-01
2.700000000000000e+00	6.612245197986287e-01
2.700000000000000e+00	7.176696441319713e-01
2.700000000000000e+00	6.948597690929231e-01
2.700000000000000e+00	6.781306574806859e-01
2.700000000000000e+00	7.256668839460781e-01
2.700000000000000e+00	7.466038899044208e-01
2.700000000000000e+00	8.027088315115055e-01
2.700000000000000e+00	7.370958362152705e-01
2.700000000000000e+00	6.811509854879405e-01
2.700000000000000e+00	6.587726617543397e-01
2.700000000000000e+00	6.290946398639697e-01
2.700000000000000e+00	6.535458066470664e-01
2.700000000000000e+00	7.199452351126401e-01
2.700000000000000e+00	7.029894543481020e-01
2.700000000000000e+00	6.720745788968646e-01
2.700000000000000e+00	7.075156392739107e-01
2.700000000000000e+00	7.435266397355059e-01
2.700000000000000e+00	7.259081513765385e-01
2.700000000000000e+00	7.495739315471497e-01
2.700000000000000e+00	7.042425462219559e-01
2.700000000000000e+00	7.430537241124887e-01
2.700000000000000e+00	6.461227170201590e-01
2.700000000000000e+00	5.998103132752206e-01
2.700000000000000e+00	6.271186022555825e-01
2.700000000000000e+00	6.990657040539831e-01
2.700000000000000e+00	6.788896267626425e-01
2.700000000000000e+00	7.296399954711498e-01
2.700000000000000e+00	6.934912308069979e-01
2.700000000000000e+00	7.208065030816839e-01
2.700000000000000e+00	6.735887994488936e-01
2.700000000000000e+00	6.166604407135156e-01
2.700000000000000e+00	7.147495831255459e-01
2.700000000000000e+00	6.541921505353532e-01
2.700000000000000e+00	6.231872569530913e-01
2.700000000000000e+00	7.108032878624289e-01
2.700000000000000e+00	6.248586243428184e-01
2.700000000000000e+00	7.052214919705085e-01
2.700000000000000e+00	7.207483818340348e-01
2.700000000000000e+00	7.005292998745595e-01
2.700000000000000e+00	6.749123463186731e-01
2.700000000000000e+00	7.025170153604264e-01
2.700000000000000e+00	6.456335883000274e-01
2.700000000000000e+00	7.080003430696096e-01
2.700000000000000e+00	7.425798488932124e-01
2.700000000000000e+00	6.574173688433116e-01
2.700000000000000e+00	7.491680512159495e-01
2.700000000000000e+00	6.241794612161423e-01
2.700000000000000e+00	7.151503675148619e-01
2.700000000000000e+00	6.366515009343393e-01
2.700000000000000e+00	6.751861126390659e-01
2.700000000000000e+00	7.482613143977808e-01
2.700000000000000e+00	6.788555883720704e-01
2.700000000000000e+00	6.892691490207820e-01
2.700000000000000e+00	6.853239425701787e-01
2.700000000000000e+00	6.743296881614097e-01
2.700000000000000e+00	6.281220513321897e-01
2.700000000000000e+00	6.786721235203590e-01
2.700000000000000e+00	7.222011984485226e-01
2.700000000000000e+00	8.434946441505535e-01
2.700000000000000e+00	7.378596374393573e-01
2.700000000000000e+00	6.892371181176217e-01
2.700000000000000e+00	7.187305826126867e-01
2.700000000000000e+00	7.430369455600726e-01
2.700000000000000e+00	6.601287454006984e-01
2.700000000000000e+00	7.015187558056900e-01
2.700000000000000e+00	6.302931968975966e-01
2.700000000000000e+00	6.905946962594979e-01
2.700000000000000e+00	6.288718680535047e-01
2.700000000000000e+00	6.692428965486459e-01
2.700000000000000e+00	6.482498039388740e-01
2.700000000000000e+00	7.591979195060885e-01
2.700000000000000e+00	7.116934605362131e-01
2.700000000000000e+00	6.421393123826868e-01
2.700000000000000e+00	6.995454853049001e-01
2.700000000000000e+00	6.408625352211942e-01
2.700000000000000e+00	7.344068146137736e-01
2.700000000000000e+00	7.097608718635191e-01
2.700000000000000e+00	7.108207903959087e-01
2.700000000000000e+00	6.507693460629814e-01
2.700000000000000e+00	6.302128193270357e-01
2.700000000000000e+00	6.251926154332994e-01
2.700000000000000e+00	7.288947214835373e-01
2.700000000000000e+00	6.048654558802552e-01
2.700000000000000e+00	6.362196649969040e-01
2.700000000000000e+00	7.216577727031628e-01
2.700000000000000e+00	7.018683644896122e-01
2.700000000000000e+00	6.458957940510315e-01
2.700000000000000e+00	7.137948658106861e-01
2.700000000000000e+00	6.378720619655592e-01
2.700000000000000e+00	7.297498348234234e-01
2.700000000000000e+00	6.210786157455804e-01
2.700000000000000e+00	6.711572685325600e-01
2.700000000000000e+00	6.156334019797232e-01
2.700000000000000e+00	6.552328644815690e-01
2.700000000000000e+00	7.020012894149849e-01
2.700000000000000e+00	7.184407926264049e-01
2.700000000000000e+00	6.905652026998461e-01
2.700000000000000e+00	5.897160198238682e-01
2.700000000000000e+00	6.154301835283381e-01
2.700000000000000e+00	6.759622739188218e-01
2.700000000000000e+00	6.714034066219382e-01
2.700000000000000e+00	7.630412157844710e-01
2.700000000000000e+00	6.771218809714861e-01
2.700000000000000e+00	7.304920240238351e-01
2.700000000000000e+00	7.759719719697369e-01
2.700000000000000e+00	6.522218846310238e-01
2.700000000000000e+00	6.524339882002762e-01
2.700000000000000e+00	7.037156632222497e-01
2.700000000000000e+00	6.839653533170571e-01
2.700000000000000e+00	6.525360170920904e-01
2.700000000000000e+00	6.737670932095821e-01
2.700000000000000e+00	7.011031922643099e-01
2.700000000000000e+00	6.266783970128891e-01
2.700000000000000e+00	6.698649731872693e-01
2.700000000000000e+00	7.325666999822830e-01
2.700000000000000e+00	7.327732761920904e-01
2.700000000000000e+00	6.279430040343913e-01
2.700000000000000e+00	6.981908663290238e-01
2.700000000000000e+00	6.707203002440000e-01
2.700000000000000e+00	6.991194015728208e-01
2.700000000000000e+00	7.676100101809820e-01
2.700000000000000e+00	7.816864728882946e-01
2.700000000000000e+00	7.414913537190644e-01
2.700000000000000e+00	6.963339017472834e-01
2.700000000000000e+00	6.935222431708049e-01
2.700000000000000e+00	7.804777988684855e-01
2.700000000000000e+00	7.154713731535998e-01
2.700000000000000e+00	7.797145932246254e-01
2.700000000000000e+00	7.342324017135653e-01
2.700000000000000e+00	7.300855722938564e-01
2.700000000000000e+00	6.967794636627638e-01
2.700000000000000e+00	6.679941623219622e-01
2.700000000000000e+00	6.716455764250768e-01
2.700000000000000e+00	6.734121950255363e-01
2.700000000000000e+00	7.040171612795213e-01
2.700000000000000e+00	7.170329833859358e-01
2.700000000000000e+00	7.262402689751879e-01
2.700000000000000e+00	6.572545319101034e-01
2.700000000000000e+00	7.149271761257110e-01
2.700000000000000e+00	6.856447008444196e-01
2.700000000000000e+00	6.939653687752527e-01
2.700000000000000e+00	7.175494443295737e-01
2.700000000000000e+00	6.642238845443392e-01
2.700000000000000e+00	6.573260068263617e-01
2.700000000000000e+00	6.620923688488872e-01
2.700000000000000e+00	6.945555034134785e-01
2.700000000000000e+00	7.130909570518442e-01
2.700000000000000e+00	7.166445404749733e-01
2.700000000000000e+00	7.070810311076073e-01
2.700000000000000e+00	7.185566350890700e-01
2.700000000000000e+00	7.028443214712655e-01
2.700000000000000e+00	8.162484771222464e-01
2.700000000000000e+00	7.121564003026571e-01
2.700000000000000e+00	7.316084605940490e-01
2.700000000000000e+00	6.452655371349616e-01
2.700000000000000e+00	6.847519344333399e-01
2.700000000000000e+00	6.864943891617115e-01
2.700000000000000e+00	6.933466479299064e-01
2.700000000000000e+00	6.132962223923687e-01
2.700000000000000e+00	5.561684946497173e-01
2.700000000000000e+00	6.440401204469178e-01
2.700000000000000e+00	7.251038933019571e-01
2.700000000000000e+00	6.645723130504935e-01
2.700000000000000e+00	7.147942164357395e-01
2.700000000000000e+00	6.738756297590667e-01
2.700000000000000e+00	6.863475637269281e-01
2.700000000000000e+00	7.391876502686634e-01
2.700000000000000e+00	7.073095570091261e-01
2.700000000000000e+00	6.971772672185881e-01
2.700000000000000e+00	6.600454901213816e-01
2.700000000000000e+00	6.273242915519408e-01
2.700000000000000e+00	6.792251828900356e-01
2.700000000000000e+00	6.804359909324840e-01
2.700000000000000e+00	6.559113419164566e-01
2.700000000000000e+00	6.796163788941819e-01
2.700000000000000e+00	7.460257351634676e-01
2.700000000000000e+00	6.860620470004052e-01
2.700000000000000e+00	6.352499258750129e-01
2.700000000000000e+00	6.615780792799727e-01
2.700000000000000e+00	6.276510055821611e-01
2.700000000000000e+00	6.877962124362414e-01
2.700000000000000e+00	6.818725383634676e-01
2.700000000000000e+00	7.170842653041291e-01
2.700000000000000e+00	7.322216840321797e-01
2.700000000000000e+00	6.931380655589048e-01
2.700000000000000e+00	7.348806418935230e-01
2.700000000000000e+00	6.868924788718933e-01
2.700000000000000e+00	6.377737201024772e-01
2.700000000000000e+00	6.736764336261398e-01
2.700000000000000e+00	8.013689344113978e-01
2.700000000000000e+00	6.692265651130905e-01
2.700000000000000e+00	6.783411562962802e-01
2.700000000000000e+00	7.158947527214756e-01
2.700000000000000e+00	6.296833135649833e-01
2.700000000000000e+00	6.521645840675809e-01
2.700000000000000e+00	6.356971542704687e-01
2.700000000000000e+00	7.016656398642805e-01
2.700000000000000e+00	6.486731654528021e-01
2.700000000000000e+00	7.094741619492622e-01
2.700000000000000e+00	6.952360139815895e-01
2.700000000000000e+00	6.507761132320297e-01
2.700000000000000e+00	6.444268768290251e-01
2.700000000000000e+00	7.107862226552378e-01
2.700000000000000e+00	6.646184025787215e-01
2.700000000000000e+00	7.428415109941805e-01
2.700000000000000e+00	6.904829918643304e-01
2.700000000000000e+00	7.924675726188124e-01
2.700000000000000e+00	6.609200242325054e-01
2.700000000000000e+00	7.157127881313806e-01
2.700000000000000e+00	7.168202766644906e-01
2.700000000000000e+00	6.768967297414141e-01
2.700000000000000e+00	6.987678212239051e-01
2.700000000000000e+00	7.190704627600825e-01
2.700000000000000e+00	6.584500633334710e-01
2.700000000000000e+00	6.927979707555220e-01
2.700000000000000e+00	7.512363623131870e-01
2.700000000000000e+00	7.652682136245326e-01
2.700000000000000e+00	6.402108027993965e-01
2.700000000000000e+00	7.129524463792311e-01
2.700000000000000e+00	6.574185110157934e-01
2.700000000000000e+00	5.548324244858591e-01
2.700000000000000e+00	7.784194582837290e-01
2.700000000000000e+00	6.983830352953431e-01
2.700000000000000e+00	6.666389533073008e-01
2.700000000000000e+00	6.167572268148291e-01
2.700000000000000e+00	6.234936445920630e-01
2.700000000000000e+00	7.150870432167773e-01
2.700000000000000e+00	6.847627998805771e-01
2.700000000000000e+00	6.311558932947505e-01
2.700000000000000e+00	7.278474139064186e-01
2.700000000000000e+00	6.336191824370679e-01
2.700000000000000e+00	7.714254134191921e-01
2.700000000000000e+00	6.768824809911480e-01
2.700000000000000e+00	6.498212372030486e-01
2.700000000000000e+00	6.638343283729213e-01
2.700000000000000e+00	7.145524091192940e-01
2.700000000000000e+00	6.286657607605415e-01
2.700000000000000e+00	6.414258952129434e-01
2.700000000000000e+00	7.084002382659347e-01
2.700000000000000e+00	6.454336237226334e-01
2.700000000000000e+00	6.302118142747769e-01
2.700000000000000e+00	6.340087950822965e-01
2.700000000000000e+00	7.250647198348223e-01
2.700000000000000e+00	7.629498965547556e-01
2.700000000000000e+00	7.866065843171868e-01
2.700000000000000e+00	6.997451870336998e-01
2.700000000000000e+00	7.847827386493260e-01
2.700000000000000e+00	6.471177169279040e-01
2.700000000000000e+00	6.623268881854277e-01
2.700000000000000e+00	6.576540731475008e-01
2.700000000000000e+00	7.357764800022024e-01
2.700000000000000e+00	6.688237053561156e-01
2.700000000000000e+00	6.952835275282612e-01
2.700000000000000e+00	7.083392628888141e-01
2.700000000000000e+00	6.781499387979391e-01
2.700000000000000e+00	7.111780682771476e-01
2.700000000000000e+00	7.334041720058130e-01
2.700000000000000e+00	6.479902934627311e-01
2.700000000000000e+00	7.128152897698219e-01
2.700000000000000e+00	7.925507324784465e-01
2.700000000000000e+00	7.448397110408012e-01
2.700000000000000e+00	6.611955168077027e-01
2.700000000000000e+00	7.560581891581247e-01
2.700000000000000e+00	7.067618879607438e-01
2.700000000000000e+00	7.023262619123070e-01
2.700000000000000e+00	7.052555451531711e-01
2.700000000000000e+00	6.498450572223753e-01
2.700000000000000e+00	6.766690861363790e-01
2.700000000000000e+00	6.274997498320434e-01
2.700000000000000e+00	6.318955482186303e-01
2.700000000000000e+00	6.687281086952126e-01
2.700000000000000e+00	6.753791576511297e-01
2.700000000000000e+00	7.469296401540015e-01
2.700000000000000e+00	6.350836805815211e-01
2.700000000000000e+00	6.927013306208418e-01
2.700000000000000e+00	6.613582684773333e-01
2.700000000000000e+00	6.929969196924665e-01
2.700000000000000e+00	7.491485050362918e-01
2.700000000000000e+00	6.037867116343625e-01
2.700000000000000e+00	6.429083589901960e-01
2.700000000000000e+00	6.670920599530437e-01
2.700000000000000e+00	7.551652554876872e-01
2.700000000000000e+00	6.744460541094355e-01
2.700000000000000e+00	6.542389443942020e-01
2.700000000000000e+00	6.698173200601273e-01
2.700000000000000e+00	6.973086703031364e-01
2.700000000000000e+00	6.767174903019887e-01
2.700000000000000e+00	6.436091399424326e-01
2.700000000000000e+00	7.550071883530695e-01
2.700000000000000e+00	6.308015365623594e-01
2.700000000000000e+00	6.730343867090025e-01
2.700000000000000e+00	6.896888930542471e-01
2.700000000000000e+00	6.865101433049682e-01
2.700000000000000e+00	7.167870958584549e-01
2.700000000000000e+00	6.767201850425683e-01
2.700000000000000e+00	7.190330158752331e-01
2.700000000000000e+00	6.104685375829584e-01
2.700000000000000e+00	6.416953320408275e-01
2.700000000000000e+00	6.364614547985616e-01
2.700000000000000e+00	6.278547065317075e-01
2.700000000000000e+00	7.583369908125764e-01
2.700000000000000e+00	7.237827416732804e-01
2.700000000000000e+00	6.375916211772984e-01
