2.550000000000000e+00	6.462704297134096e-01
2.550000000000000e+00	6.378374229318261e-01
2.550000000000000e+00	6.147680172019371e-01
2.550000000000000e+00	6.784361087224050e-01
2.550000000000000e+00	6.193744294671839e-01
2.550000000000000e+00	5.619924324641536e-01
2.550000000000000e+00	5.831052149092195e-01
2.550000000000000e+00	7.291057760781682e-01
2.550000000000000e+00	6.762606259252391e-01
2.550000000000000e+00	5.933916396716059e-01
2.550000000000000e+00	5.961133821023499e-01
2.550000000000000e+00	7.003568497366798e-01
2.550000000000000e+00	6.575372878236372e-01
2.550000000000000e+00	6.063638928764963e-01
2.550000000000000e+00	6.230483856156497e-01
2.550000000000000e+00	7.112057921756810e-01
2.550000000000000e+00	5.604832289300410e-01
2.550000000000000e+00	6.351642225156975e-01
2.550000000000000e+00	5.852442190776902e-01
2.550000000000000e+00	6.221431340296132e-01
2.550000000000000e+00	5.195061581325875e-01
2.550000000000000e+00	5.996199053104843e-01
2.550000000000000e+00	5.922486470057076e-01
2.550000000000000e+00	6.789410210197114e-01
2.550000000000000e+00	6.450452747802307e-01
2.550000000000000e+00	6.998705261683196e-01
2.550000000000000e+00	6.223194528393493e-01
2.550000000000000e+00	7.058129961877300e-01
2.550000000000000e+00	6.493482609476467e-01
2.550000000000000e+00	7.261026481862780e-01
2.550000000000000e+00	6.878122636997509e-01
2.550000000000000e+00	6.174347685746957e-01
2.550000000000000e+00	6.742281359190464e-01
2.550000000000000e+00	6.062901726853989e-01
2.550000000000000e+00	6.149026275857968e-01
2.550000000000000e+00	6.599037960707633e-01
2.550000000000000e+00	5.923330418819399e-01
2.550000000000000e+00	6.536264053650750e-01
2.550000000000000e+00	6.410831209325694e-01
2.550000000000000e+00	6.729386500028104e-01
2.550000000000000e+00	6.889288682529681e-01
2.550000000000000e+00	6.677574377943912e-01
2.550000000000000e+00	6.723607556529042e-01
2.550000000000000e+00	6.231409806664819e-01
2.550000000000000e+00	6.913837671451003e-01
2.550000000000000e+00	6.995863209375647e-01
2.550000000000000e+00	7.001378511542161e-01
2.550000000000000e+00	6.425641042057018e-01
2.550000000000000e+00	5.690023470781451e-01
2.550000000000000e+00	6.067784755455772e-01
2.550000000000000e+00	6.795955189533077e-01
2.550000000000000e+00	6.380043635569003e-01
2.550000000000000e+00	6.448467395390494e-01
2.550000000000000e+00	6.728479685746719e-01
2.550000000000000e+00	6.438381490168243e-01
2.550000000000000e+00	6.569243049754699e-01
2.550000000000000e+00	6.739654143305266e-01
2.550000000000000e+00	5.771674426471946e-01
2.550000000000000e+00	5.754396564163780e-01
2.550000000000000e+00	7.327349283025529e-01
2.550000000000000e+00	6.095238483748825e-01
2.550000000000000e+00	6.402372519896765e-01
2.550000000000000e+00	6.500054191884649e-01
2.550000000000000e+00	5.848666181695359e-01
2.550000000000000e+00	6.138245097632039e-01
2.550000000000000e+00	6.818250945063166e-01
2.550000000000000e+00	5.662874775830112e-01
2.550000000000000e+00	7.014033921565623e-01
2.550000000000000e+00	7.591328857839071e-01
2.550000000000000e+00	6.552024675337488e-01
2.550000000000000e+00	6.158765598639588e-01
2.550000000000000e+00	6.168918200809248e-01
2.550000000000000e+00	5.963357253878953e-01
2.550000000000000e+00	6.647452669472763e-01
2.550000000000000e+00	6.788563541474267e-01
2.550000000000000e+00	6.107096339998246e-01
2.550000000000000e+00	6.102455076392616e-01
2.550000000000000e+00	5.630495164244173e-01
2.550000000000000e+00	6.986547951866413e-01
2.550000000000000e+00	6.689006904962184e-01
2.550000000000000e+00	6.316217264653370e-01
2.550000000000000e+00	5.878281116559689e-01
2.550000000000000e+00	6.018320322615073e-01
2.550000000000000e+00	6.370702653207196e-01
2.550000000000000e+00	6.171856287612196e-01
2.550000000000000e+00	6.097145507242615e-01
2.550000000000000e+00	5.418649822484337e-01
2.550000000000000e+00	6.287957865357408e-01
2.550000000000000e+00	6.426329305138374e-01
2.550000000000000e+00	5.953119716894418e-01
2.550000000000000e+00	6.737466548628023e-01
2.550000000000000e+00	6.640990186910262e-01
2.550000000000000e+00	6.332740136162435e-01
2.550000000000000e+00	7.108159878270146e-01
2.550000000000000e+00	5.794652274635218e-01
2.550000000000000e+00	7.341602106069030e-01
2.550000000000000e+00	6.458495330993856e-01
2.550000000000000e+00	5.473937676028668e-01
2.550000000000000e+00	6.096332294522321e-01
2.550000000000000e+00	5.985896481990785e-01
2.550000000000000e+00	5.718158315841908e-01
2.550000000000000e+00	6.374501895989293e-01
2.550000000000000e+00	6.349677952911534e-01
2.550000000000000e+00	6.454093085667979e-01
2.550000000000000e+00	6.602614736832333e-01
2.550000000000000e+00	6.460292627745311e-01
2.550000000000000e+00	6.548378763924869e-01
2.550000000000000e+00	6.457894629968627e-01
2.550000000000000e+00	6.560438757294355e-01
2.550000000000000e+00	6.203981526623684e-01
2.550000000000000e+00	6.157925735214497e-01
2.550000000000000e+00	5.904295691063187e-01
2.550000000000000e+00	6.258651760354816e-01
2.550000000000000e+00	6.045036625153571e-01
2.550000000000000e+00	6.717697162754890e-01
2.550000000000000e+00	6.775363504607249e-01
2.550000000000000e+00	6.415378019881824e-01
2.550000000000000e+00	6.090586739126286e-01
2.550000000000000e+00	5.583084106393599e-01
2.550000000000000e+00	6.604999529947231e-01
2.550000000000000e+00	6.402816548060374e-01
2.550000000000000e+00	6.356871822475314e-01
2.550000000000000e+00	6.328427122149091e-01
2.550000000000000e+00	6.565645760934975e-01
2.550000000000000e+00	6.909884651957633e-01
2.550000000000000e+00	5.828755636797828e-01
2.550000000000000e+00	5.760859740840962e-01
2.550000000000000e+00	6.524739037921026e-01
2.550000000000000e+00	7.295439285855924e-01
2.550000000000000e+00	7.355335591384377e-01
2.550000000000000e+00	6.407657551481714e-01
2.550000000000000e+00	6.506432027218526e-01
2.550000000000000e+00	5.420350437181597e-01
2.550000000000000e+00	6.190691475505949e-01
2.550000000000000e+00	6.021646409808488e-01
2.550000000000000e+00	5.382684031543841e-01
2.550000000000000e+00	6.269754380780090e-01
2.550000000000000e+00	6.365286443589380e-01
2.550000000000000e+00	5.925093695100130e-01
2.550000000000000e+00	6.986892637872666e-01
2.550000000000000e+00	6.436149421534505e-01
2.550000000000000e+00	6.867479731006475e-01
2.550000000000000e+00	6.341710118884791e-01
2.550000000000000e+00	6.259879690805532e-01
2.550000000000000e+00	7.049567813506163e-01
2.550000000000000e+00	6.383154613613488e-01
2.550000000000000e+00	5.646837565075884e-01
2.550000000000000e+00	6.031461734644212e-01
2.550000000000000e+00	6.212968814453488e-01
2.550000000000000e+00	5.320369440143178e-01
2.550000000000000e+00	6.098233867686251e-01
2.550000000000000e+00	6.157570816479989e-01
2.550000000000000e+00	6.759764098561294e-01
2.550000000000000e+00	6.737241702274948e-01
2.550000000000000e+00	7.067148228649484e-01
2.550000000000000e+00	6.618111582548780e-01
2.550000000000000e+00	6.092030681840872e-01
2.550000000000000e+00	6.498841300638225e-01
2.550000000000000e+00	5.987925695990055e-01
2.550000000000000e+00	6.145024957226182e-01
2.550000000000000e+00	6.301311086442722e-01
2.550000000000000e+00	5.887811048886872e-01
2.550000000000000e+00	6.040937214048341e-01
2.550000000000000e+00	6.302141253589074e-01
2.550000000000000e+00	6.224850536721666e-01
2.550000000000000e+00	6.752660155909872e-01
2.550000000000000e+00	6.524557473335136e-01
2.550000000000000e+00	6.529819338324891e-01
2.550000000000000e+00	6.483627395008660e-01
2.550000000000000e+00	5.844296178992283e-01
2.550000000000000e+00	6.440711709846075e-01
2.550000000000000e+00	6.201859942257782e-01
2.550000000000000e+00	6.212194380382013e-01
2.550000000000000e+00	6.368132640874201e-01
2.550000000000000e+00	5.032815768755347e-01
2.550000000000000e+00	5.790365225888964e-01
2.550000000000000e+00	5.369798711957585e-01
2.550000000000000e+00	6.401129732863017e-01
2.550000000000000e+00	5.921718481240152e-01
2.550000000000000e+00	7.000346704632046e-01
2.550000000000000e+00	6.000312669049882e-01
2.550000000000000e+00	6.200419472947809e-01
2.550000000000000e+00	5.988587330656836e-01
2.550000000000000e+00	6.422935947730675e-01
2.550000000000000e+00	6.449154772174684e-01
2.550000000000000e+00	6.563990592491721e-01
2.550000000000000e+00	5.844352466212199e-01
2.550000000000000e+00	6.927058351568403e-01
2.550000000000000e+00	6.322378852531059e-01
2.550000000000000e+00	6.273006934433560e-01
2.550000000000000e+00	6.435168232384192e-01
2.550000000000000e+00	5.869936149066112e-01
2.550000000000000e+00	6.375961254677964e-01
2.550000000000000e+00	5.726902705404816e-01
2.550000000000000e+00	6.425738453403353e-01
2.550000000000000e+00	5.733685015401478e-01
2.550000000000000e+00	6.682268492104758e-01
2.550000000000000e+00	6.429807064195298e-01
2.550000000000000e+00	6.757428549017376e-01
2.550000000000000e+00	6.548541820024246e-01
2.550000000000000e+00	6.092041802909610e-01
2.550000000000000e+00	5.826214531166291e-01
2.550000000000000e+00	5.729155108885757e-01
2.550000000000000e+00	6.004472466498062e-01
2.550000000000000e+00	6.228005554892115e-01
2.550000000000000e+00	6.336907101249738e-01
2.550000000000000e+00	6.161474806498164e-01
2.550000000000000e+00	5.727440089881688e-01
2.550000000000000e+00	6.557709776917623e-01
2.550000000000000e+00	6.384106820365071e-01
2.550000000000000e+00	6.095874237642391e-01
2.550000000000000e+00	5.701888247533967e-01
2.550000000000000e+00	6.231613469395412e-01
2.550000000000000e+00	5.515481726641784e-01
2.550000000000000e+00	6.538995619570105e-01
2.550000000000000e+00	6.717340015900776e-01
2.550000000000000e+00	6.439249000656244e-01
2.550000000000000e+00	5.596970422101739e-01
2.550000000000000e+00	7.383746490644102e-01
2.550000000000000e+00	6.417099245797037e-01
2.550000000000000e+00	6.374181902785692e-01
2.550000000000000e+00	6.017642088329511e-01
2.550000000000000e+00	6.833155996214025e-01
2.550000000000000e+00	6.527645252324420e-01
2.550000000000000e+00	6.286188450410876e-01
2.550000000000000e+00	6.333407869728179e-01
2.550000000000000e+00	7.238805574222895e-01
2.550000000000000e+00	6.672530006242808e-01
2.550000000000000e+00	5.994011514542127e-01
2.550000000000000e+00	6.247995053413585e-01
2.550000000000000e+00	6.874797619269412e-01
2.550000000000000e+00	6.429616434333001e-01
2.550000000000000e+00	6.347058982985121e-01
2.550000000000000e+00	6.282349428476239e-01
2.550000000000000e+00	6.316206785869883e-01
2.550000000000000e+00	5.265700753622475e-01
2.550000000000000e+00	6.816173555253712e-01
2.550000000000000e+00	5.790944036427219e-01
2.550000000000000e+00	6.561089404279968e-01
2.550000000000000e+00	6.207064354564250e-01
2.550000000000000e+00	5.751488064272848e-01
2.550000000000000e+00	5.695326202287426e-01
2.550000000000000e+00	6.317277500044860e-01
2.550000000000000e+00	6.365841880132374e-01
2.550000000000000e+00	5.966040826481491e-01
2.550000000000000e+00	6.038566908177775e-01
2.550000000000000e+00	6.706847830403030e-01
2.550000000000000e+00	6.228934097647554e-01
2.550000000000000e+00	6.791033974653338e-01
2.550000000000000e+00	6.319435357861524e-01
2.550000000000000e+00	5.610696780010315e-01
2.550000000000000e+00	5.945304790668023e-01
2.550000000000000e+00	6.467643824492787e-01
2.550000000000000e+00	6.952258078752981e-01
2.550000000000000e+00	6.994759453751608e-01
2.550000000000000e+00	6.745706707618015e-01
2.550000000000000e+00	6.837631899357910e-01
2.550000000000000e+00	6.232171298447098e-01
2.550000000000000e+00	5.864076441384770e-01
2.550000000000000e+00	6.571385501796200e-01
2.550000000000000e+00	6.243653790873612e-01
2.550000000000000e+00	6.764466170512942e-01
2.550000000000000e+00	5.619554164246229e-01
2.550000000000000e+00	6.102661170970297e-01
2.550000000000000e+00	6.362483600415032e-01
2.550000000000000e+00	6.470191410854733e-01
2.550000000000000e+00	6.616276253607865e-01
2.550000000000000e+00	6.064608796981601e-01
2.550000000000000e+00	7.216147790570631e-01
2.550000000000000e+00	7.184665396164314e-01
2.550000000000000e+00	6.322045163542487e-01
2.550000000000000e+00	6.396581239914609e-01
2.550000000000000e+00	6.983086162471314e-01
2.550000000000000e+00	6.563871373595372e-01
2.550000000000000e+00	6.807392882293467e-01
2.550000000000000e+00	6.213346936536998e-01
2.550000000000000e+00	6.968860123969226e-01
2.550000000000000e+00	6.791362501938694e-01
2.550000000000000e+00	6.436956088630550e-01
2.550000000000000e+00	5.807610905751036e-01
2.550000000000000e+00	5.789829104864427e-01
2.550000000000000e+00	5.746798709937379e-01
2.550000000000000e+00	6.161882873350237e-01
2.550000000000000e+00	6.286545845452534e-01
2.550000000000000e+00	6.343041706861420e-01
2.550000000000000e+00	6.453817807051850e-01
2.550000000000000e+00	6.553053837051162e-01
2.550000000000000e+00	6.696732878967855e-01
2.550000000000000e+00	6.465053056637250e-01
2.550000000000000e+00	6.281699197391045e-01
2.550000000000000e+00	6.287392008335982e-01
2.550000000000000e+00	6.450346123822147e-01
2.550000000000000e+00	6.332016327762779e-01
2.550000000000000e+00	5.967279846079869e-01
2.550000000000000e+00	6.003038862536039e-01
2.550000000000000e+00	5.890607515950622e-01
2.550000000000000e+00	5.633062521275664e-01
2.550000000000000e+00	5.628187830186915e-01
2.550000000000000e+00	6.500309856514770e-01
2.550000000000000e+00	5.692118938460752e-01
2.550000000000000e+00	5.908692716855647e-01
2.550000000000000e+00	6.116427881879967e-01
2.550000000000000e+00	5.550104738699190e-01
2.550000000000000e+00	6.680731332052042e-01
2.550000000000000e+00	6.085322552138287e-01
2.550000000000000e+00	6.352339039323440e-01
2.550000000000000e+00	6.924181892497578e-01
2.550000000000000e+00	6.754363142754088e-01
2.550000000000000e+00	6.960022624017566e-01
2.550000000000000e+00	6.352562908276236e-01
2.550000000000000e+00	6.509757129753987e-01
2.550000000000000e+00	5.973340018124105e-01
2.550000000000000e+00	5.215140058569606e-01
2.550000000000000e+00	5.882945120393577e-01
2.550000000000000e+00	6.160152722240199e-01
2.550000000000000e+00	6.338501791513204e-01
2.550000000000000e+00	6.437225717597356e-01
2.550000000000000e+00	6.044719509850793e-01
2.550000000000000e+00	6.243980115889218e-01
2.550000000000000e+00	5.779530869002240e-01
2.550000000000000e+00	6.163509390915060e-01
2.550000000000000e+00	6.521455531462630e-01
2.550000000000000e+00	6.453343432793357e-01
2.550000000000000e+00	5.842883176647563e-01
2.550000000000000e+00	6.149817352420404e-01
2.550000000000000e+00	7.321270228013379e-01
2.550000000000000e+00	6.558065218536191e-01
2.550000000000000e+00	5.222178253420007e-01
2.550000000000000e+00	5.765583412014779e-01
2.550000000000000e+00	6.810439875296673e-01
2.550000000000000e+00	5.732830808529312e-01
2.550000000000000e+00	6.684342887892886e-01
2.550000000000000e+00	5.626877658133291e-01
2.550000000000000e+00	6.723588225704367e-01
2.550000000000000e+00	7.093977831683582e-01
2.550000000000000e+00	6.622002077771412e-01
2.550000000000000e+00	6.823191591128478e-01
2.550000000000000e+00	6.477076530428332e-01
2.550000000000000e+00	7.436945206265501e-01
2.550000000000000e+00	6.580931452521708e-01
2.550000000000000e+00	5.918399792314267e-01
2.550000000000000e+00	5.802923772305182e-01
2.550000000000000e+00	6.968732400873850e-01
2.550000000000000e+00	6.162311175752926e-01
2.550000000000000e+00	6.617113962342768e-01
2.550000000000000e+00	6.222913632604082e-01
2.550000000000000e+00	6.216620185353408e-01
2.550000000000000e+00	6.446359334915165e-01
2.550000000000000e+00	5.905740880384706e-01
2.550000000000000e+00	6.899629917424439e-01
2.550000000000000e+00	6.699607079469209e-01
2.550000000000000e+00	7.273454014205243e-01
2.550000000000000e+00	5.867362516551954e-01
2.550000000000000e+00	6.454626846169598e-01
2.550000000000000e+00	6.821245469458654e-01
2.550000000000000e+00	6.666401523100187e-01
2.550000000000000e+00	7.015250205433224e-01
2.550000000000000e+00	5.901100023276201e-01
2.550000000000000e+00	6.591447287932776e-01
2.550000000000000e+00	7.206381345617722e-01
2.550000000000000e+00	5.913475961057914e-01
2.550000000000000e+00	6.386678209666633e-01
2.550000000000000e+00	5.771655184483555e-01
2.550000000000000e+00	6.287723866166903e-01
2.550000000000000e+00	6.057561949651094e-01
2.550000000000000e+00	6.581979706506540e-01
2.550000000000000e+00	6.103823056574831e-01
2.550000000000000e+00	6.453302916253197e-01
2.550000000000000e+00	5.760209340738696e-01
2.550000000000000e+00	5.678325931316311e-01
2.550000000000000e+00	6.390839062012852e-01
2.550000000000000e+00	6.295349007350628e-01
2.550000000000000e+00	6.274354993652235e-01
2.550000000000000e+00	6.686191662208247e-01
2.550000000000000e+00	7.392137047290681e-01
2.550000000000000e+00	6.337945330912725e-01
2.550000000000000e+00	5.815357422199833e-01
2.550000000000000e+00	5.733335105608975e-01
2.550000000000000e+00	6.710229846903498e-01
2.550000000000000e+00	5.991558394163820e-01
2.550000000000000e+00	6.450310242942439e-01
2.550000000000000e+00	6.353448487625890e-01
2.550000000000000e+00	6.369254981538451e-01
2.550000000000000e+00	6.400875798482494e-01
2.550000000000000e+00	6.544865757105655e-01
2.550000000000000e+00	6.699760469454134e-01
2.550000000000000e+00	5.931817920446228e-01
2.550000000000000e+00	6.016103110815795e-01
2.550000000000000e+00	6.323616028846574e-01
2.550000000000000e+00	5.576023506419931e-01
2.550000000000000e+00	6.650510200512458e-01
2.550000000000000e+00	6.275457046198647e-01
2.550000000000000e+00	7.168152688606746e-01
2.550000000000000e+00	6.395566616449913e-01
2.550000000000000e+00	6.641324338277987e-01
2.550000000000000e+00	6.333748672598087e-01
2.550000000000000e+00	6.923115344872126e-01
2.550000000000000e+00	6.195969225357670e-01
2.550000000000000e+00	7.111239473480319e-01
2.550000000000000e+00	6.474288573082749e-01
2.550000000000000e+00	5.302119320025737e-01
2.550000000000000e+00	6.235504507236191e-01
2.550000000000000e+00	6.143910207497415e-01
2.550000000000000e+00	6.322930139543437e-01
2.550000000000000e+00	6.873962828949364e-01
2.550000000000000e+00	6.846640490021580e-01
2.550000000000000e+00	6.347331105662724e-01
2.550000000000000e+00	5.556101390694079e-01
2.550000000000000e+00	6.129759335752372e-01
2.550000000000000e+00	5.953481549740408e-01
2.550000000000000e+00	6.560278991642691e-01
2.550000000000000e+00	7.467568453581251e-01
2.550000000000000e+00	6.210239211631642e-01
2.550000000000000e+00	6.796123341584305e-01
2.550000000000000e+00	5.945765321198073e-01
2.550000000000000e+00	6.494989336943977e-01
2.550000000000000e+00	6.467866683396939e-01
2.550000000000000e+00	6.123833688385205e-01
2.550000000000000e+00	5.331921373462389e-01
2.550000000000000e+00	5.001627063931428e-01
2.550000000000000e+00	6.581698545609640e-01
2.550000000000000e+00	6.273118945330298e-01
2.550000000000000e+00	6.853061813355111e-01
2.550000000000000e+00	6.154972671748836e-01
2.550000000000000e+00	6.225003121472102e-01
2.550000000000000e+00	6.191610625206579e-01
2.550000000000000e+00	6.864270737590346e-01
2.550000000000000e+00	6.583911528596975e-01
2.550000000000000e+00	6.802200008370722e-01
2.550000000000000e+00	6.323260347551239e-01
2.550000000000000e+00	6.443936631947229e-01
2.550000000000000e+00	6.656203031638488e-01
2.550000000000000e+00	6.863387610612253e-01
2.550000000000000e+00	6.062803514727991e-01
2.550000000000000e+00	5.238085394848677e-01
2.550000000000000e+00	6.070254307083327e-01
2.550000000000000e+00	6.955320965107390e-01
2.550000000000000e+00	6.116481418786615e-01
2.550000000000000e+00	7.001369493516584e-01
2.550000000000000e+00	5.932666312138898e-01
2.550000000000000e+00	6.945775827953712e-01
2.550000000000000e+00	6.396019119148816e-01
2.550000000000000e+00	5.653122195415300e-01
2.550000000000000e+00	6.545496591828839e-01
2.550000000000000e+00	6.900901409330680e-01
2.550000000000000e+00	5.960304430463174e-01
2.550000000000000e+00	5.779025843402431e-01
2.550000000000000e+00	6.376945964342218e-01
2.550000000000000e+00	5.884064152497046e-01
2.550000000000000e+00	5.827683009029890e-01
2.550000000000000e+00	6.310145317862524e-01
2.550000000000000e+00	7.014400723203656e-01
2.550000000000000e+00	5.960584589507035e-01
2.550000000000000e+00	6.550538681571521e-01
2.550000000000000e+00	6.666996298050308e-01
2.550000000000000e+00	7.053130397194711e-01
2.550000000000000e+00	6.367170487134551e-01
2.550000000000000e+00	6.530927284821835e-01
2.550000000000000e+00	6.512691354888096e-01
2.550000000000000e+00	5.649207843527552e-01
2.550000000000000e+00	6.090130528730167e-01
2.550000000000000e+00	6.023700992076713e-01
2.550000000000000e+00	6.492081732705083e-01
2.550000000000000e+00	7.115694072205493e-01
2.550000000000000e+00	6.957845406676985e-01
2.550000000000000e+00	7.075561002499410e-01
2.550000000000000e+00	6.840552055889429e-01
2.550000000000000e+00	6.892025140222449e-01
2.550000000000000e+00	6.727828369968688e-01
2.550000000000000e+00	5.923827207643614e-01
2.550000000000000e+00	6.745387982571318e-01
2.550000000000000e+00	6.486128992419137e-01
2.550000000000000e+00	6.134172766047328e-01
2.550000000000000e+00	6.461231674081837e-01
2.550000000000000e+00	6.331584831416369e-01
2.550000000000000e+00	6.004620246093949e-01
2.550000000000000e+00	6.820459478023887e-01
2.550000000000000e+00	6.206600731305829e-01
2.550000000000000e+00	6.151367692612375e-01
2.550000000000000e+00	6.462100649240536e-01
2.550000000000000e+00	6.031156059982882e-01
2.550000000000000e+00	6.187533746613064e-01
2.550000000000000e+00	6.139271746981464e-01
2.550000000000000e+00	6.127617131655829e-01
2.550000000000000e+00	5.619645531581205e-01
2.550000000000000e+00	5.939745681118394e-01
2.550000000000000e+00	5.748426216439178e-01
2.550000000000000e+00	6.021596161068488e-01
2.550000000000000e+00	6.434643055481769e-01
2.550000000000000e+00	6.996066134428480e-01
2.550000000000000e+00	6.510644774341809e-01
2.550000000000000e+00	6.458159989622752e-01
2.550000000000000e+00	6.051150272253563e-01
2.550000000000000e+00	5.727277736158265e-01
2.550000000000000e+00	6.414579572025066e-01
2.550000000000000e+00	6.345614006450928e-01
2.550000000000000e+00	6.243658528763024e-01
2.550000000000000e+00	6.487436720918894e-01
2.550000000000000e+00	6.553901467381434e-01
2.550000000000000e+00	6.266691730962826e-01
2.550000000000000e+00	6.962243777800591e-01
2.550000000000000e+00	5.512015963695539e-01
2.550000000000000e+00	7.388709888676009e-01
2.550000000000000e+00	5.857486028620330e-01
2.550000000000000e+00	6.116943447399845e-01
2.550000000000000e+00	6.474311925757393e-01
2.550000000000000e+00	6.866304056503243e-01
2.550000000000000e+00	7.173316374930381e-01
2.550000000000000e+00	6.700654930821954e-01
2.550000000000000e+00	6.712934036157643e-01
2.550000000000000e+00	6.586315470846078e-01
2.550000000000000e+00	6.305785314881474e-01
2.550000000000000e+00	6.238802714793428e-01
2.550000000000000e+00	6.823131507389436e-01
2.550000000000000e+00	5.717591912385511e-01
2.550000000000000e+00	6.290027938882622e-01
2.550000000000000e+00	5.944122060270095e-01
2.550000000000000e+00	6.300466228275604e-01
2.550000000000000e+00	5.880665636192339e-01
2.550000000000000e+00	6.140885736070417e-01
2.550000000000000e+00	5.822375447797522e-01
2.550000000000000e+00	6.931560817587850e-01
2.550000000000000e+00	6.352535447867347e-01
2.550000000000000e+00	6.725123404701999e-01
2.550000000000000e+00	5.782068968902709e-01
2.550000000000000e+00	6.578278194026369e-01
2.550000000000000e+00	7.189684305921218e-01
2.550000000000000e+00	6.711290863637536e-01
2.550000000000000e+00	6.055978630110432e-01
2.550000000000000e+00	5.368481471673326e-01
2.550000000000000e+00	6.161978635599816e-01
2.550000000000000e+00	6.523137911942235e-01
2.550000000000000e+00	6.996515387742874e-01
2.550000000000000e+00	6.382196230617553e-01
2.550000000000000e+00	6.673575226580976e-01
2.550000000000000e+00	5.174022558487098e-01
2.550000000000000e+00	6.048012572958780e-01
2.550000000000000e+00	6.479577103957401e-01
2.550000000000000e+00	6.614241106420146e-01
2.550000000000000e+00	6.165293380672844e-01
2.550000000000000e+00	6.293383494472274e-01
2.550000000000000e+00	6.346832170487227e-01
2.550000000000000e+00	6.538632621508172e-01
2.550000000000000e+00	6.709437929939168e-01
2.550000000000000e+00	5.620933676562608e-01
2.550000000000000e+00	6.755626373398593e-01
2.550000000000000e+00	6.001383882064456e-01
2.550000000000000e+00	6.692579625044180e-01
2.550000000000000e+00	6.557975484765536e-01
2.550000000000000e+00	6.756049788946312e-01
2.550000000000000e+00	6.466965958592552e-01
2.550000000000000e+00	6.885994278794217e-01
2.550000000000000e+00	7.119732676250444e-01
2.550000000000000e+00	6.493238187395732e-01
2.550000000000000e+00	6.734113525375368e-01
2.550000000000000e+00	6.347405630498928e-01
2.550000000000000e+00	6.348819341213019e-01
2.550000000000000e+00	6.040076024919108e-01
2.550000000000000e+00	6.704785109237066e-01
2.550000000000000e+00	6.288065452126257e-01
2.550000000000000e+00	5.480684855250333e-01
2.550000000000000e+00	6.344264533376582e-01
2.550000000000000e+00	7.018488107015149e-01
2.550000000000000e+00	6.651609273808280e-01
2.550000000000000e+00	6.707387196718287e-01
2.550000000000000e+00	6.353413507364070e-01
2.550000000000000e+00	6.073303707798441e-01
2.550000000000000e+00	5.737943875674452e-01
2.550000000000000e+00	5.933811205248114e-01
2.550000000000000e+00	6.501874939172422e-01
2.550000000000000e+00	7.294903656981783e-01
2.550000000000000e+00	6.550495768674777e-01
2.550000000000000e+00	6.572423277683004e-01
2.550000000000000e+00	5.957721109924560e-01
2.550000000000000e+00	5.757016775818655e-01
2.550000000000000e+00	6.237552613606869e-01
2.550000000000000e+00	5.923759966233656e-01
2.550000000000000e+00	5.964748065730980e-01
2.550000000000000e+00	6.424181064368840e-01
2.550000000000000e+00	6.257832510972989e-01
2.550000000000000e+00	6.069887071519268e-01
2.550000000000000e+00	6.102854596188262e-01
2.550000000000000e+00	6.590213480207288e-01
2.550000000000000e+00	5.903393674244566e-01
2.550000000000000e+00	6.042204538920191e-01
2.550000000000000e+00	6.282335525501328e-01
2.550000000000000e+00	6.553156125029451e-01
2.550000000000000e+00	6.535789953933054e-01
2.550000000000000e+00	5.751304626422641e-01
2.550000000000000e+00	6.361576472365096e-01
2.550000000000000e+00	5.694647289669384e-01
2.550000000000000e+00	5.346367044002438e-01
2.550000000000000e+00	6.471970436947808e-01
2.550000000000000e+00	6.010502942325373e-01
2.550000000000000e+00	6.320875326581389e-01
2.550000000000000e+00	5.676742473783336e-01
2.550000000000000e+00	6.149728774612832e-01
2.550000000000000e+00	5.861332478737598e-01
2.550000000000000e+00	5.702469303821909e-01
2.550000000000000e+00	6.024263445785544e-01
2.550000000000000e+00	5.875431321507553e-01
2.550000000000000e+00	6.489222751192417e-01
2.550000000000000e+00	6.266561401478602e-01
2.550000000000000e+00	6.325538099249390e-01
2.550000000000000e+00	6.872951065429012e-01
2.550000000000000e+00	5.615769163439577e-01
2.550000000000000e+00	6.952907456379498e-01
2.550000000000000e+00	6.100158463195655e-01
2.550000000000000e+00	6.969082944486442e-01
2.550000000000000e+00	6.913159436879172e-01
2.550000000000000e+00	5.335380770375791e-01
2.550000000000000e+00	5.984590841261586e-01
2.550000000000000e+00	6.507839399198824e-01
2.550000000000000e+00	6.952590584407873e-01
2.550000000000000e+00	7.304259422665326e-01
2.550000000000000e+00	6.134873784759124e-01
2.550000000000000e+00	6.331367836377834e-01
2.550000000000000e+00	6.209776838964927e-01
2.550000000000000e+00	6.705444819898422e-01
2.550000000000000e+00	5.919129848194227e-01
2.550000000000000e+00	6.740490216265886e-01
2.550000000000000e+00	5.477861074852286e-01
2.550000000000000e+00	6.662237702225506e-01
2.550000000000000e+00	6.503327547276511e-01
2.550000000000000e+00	6.340941823547411e-01
2.550000000000000e+00	6.720835883070766e-01
2.550000000000000e+00	6.360622548010124e-01
2.550000000000000e+00	6.493048836487062e-01
2.550000000000000e+00	6.308168799356336e-01
2.550000000000000e+00	7.528457831995062e-01
2.550000000000000e+00	6.295104011491316e-01
2.550000000000000e+00	6.363670836189341e-01
2.550000000000000e+00	6.122445624096509e-01
2.550000000000000e+00	6.384394478021580e-01
2.550000000000000e+00	7.310045244501790e-01
2.550000000000000e+00	5.739022787416238e-01
2.550000000000000e+00	5.801773468413550e-01
2.550000000000000e+00	5.689735185003562e-01
2.550000000000000e+00	6.612597288412497e-01
2.550000000000000e+00	6.772593107402241e-01
2.550000000000000e+00	6.505815622611540e-01
2.550000000000000e+00	6.542055402239036e-01
2.550000000000000e+00	6.779808818094590e-01
2.550000000000000e+00	6.396271010460415e-01
2.550000000000000e+00	6.153506130169997e-01
2.550000000000000e+00	6.619708969632431e-01
2.550000000000000e+00	6.785327687784756e-01
2.550000000000000e+00	6.109338233391968e-01
2.550000000000000e+00	6.929108244773835e-01
2.550000000000000e+00	6.501943040158201e-01
2.550000000000000e+00	6.489229156413162e-01
2.550000000000000e+00	6.719374875375669e-01
2.550000000000000e+00	6.476651402569900e-01
2.550000000000000e+00	6.544746738994751e-01
2.550000000000000e+00	5.855055113272816e-01
2.550000000000000e+00	6.683673817645898e-01
2.550000000000000e+00	5.909078364866698e-01
2.550000000000000e+00	6.416511937937017e-01
2.550000000000000e+00	6.445958721728282e-01
2.550000000000000e+00	6.947671450191202e-01
2.550000000000000e+00	7.022269155616747e-01
2.550000000000000e+00	6.860097736228542e-01
2.550000000000000e+00	7.568178479641275e-01
2.550000000000000e+00	7.315196707522007e-01
2.550000000000000e+00	6.733468176739315e-01
2.550000000000000e+00	5.955587169690386e-01
2.550000000000000e+00	6.988354524778619e-01
2.550000000000000e+00	6.306194161818710e-01
2.550000000000000e+00	7.079467143711320e-01
2.550000000000000e+00	5.960383598477086e-01
2.550000000000000e+00	5.954637129034124e-01
2.550000000000000e+00	6.689310793613928e-01
2.550000000000000e+00	5.925780230919853e-01
2.550000000000000e+00	6.390374043496648e-01
2.550000000000000e+00	6.631114181038864e-01
2.550000000000000e+00	7.249916459263827e-01
2.550000000000000e+00	6.445855004012527e-01
2.550000000000000e+00	6.612120599653781e-01
2.550000000000000e+00	6.604148847901771e-01
2.550000000000000e+00	6.710474674495195e-01
2.550000000000000e+00	6.794719378107905e-01
2.550000000000000e+00	6.682507091570927e-01
2.550000000000000e+00	6.111414762295021e-01
2.550000000000000e+00	5.794861431989274e-01
2.550000000000000e+00	6.811330202733730e-01
2.550000000000000e+00	6.737234624452555e-01
2.550000000000000e+00	6.493146756042786e-01
2.550000000000000e+00	6.151070504857632e-01
2.550000000000000e+00	7.047470670996565e-01
2.550000000000000e+00	5.463958275808251e-01
2.550000000000000e+00	7.139578262326879e-01
2.550000000000000e+00	7.427830486208602e-01
2.550000000000000e+00	6.376809628747210e-01
2.550000000000000e+00	6.545569205107594e-01
2.550000000000000e+00	6.537866036557772e-01
2.550000000000000e+00	7.149427084095131e-01
2.550000000000000e+00	6.537381405383572e-01
2.550000000000000e+00	6.271705117848489e-01
2.550000000000000e+00	6.293549457896810e-01
2.550000000000000e+00	5.848504363435606e-01
2.550000000000000e+00	6.802727976131182e-01
2.550000000000000e+00	6.775995221121287e-01
2.550000000000000e+00	7.264630273664344e-01
2.550000000000000e+00	6.631170348597480e-01
2.550000000000000e+00	6.714882994200783e-01
2.550000000000000e+00	6.579744776089690e-01
2.550000000000000e+00	6.192387815527987e-01
2.550000000000000e+00	6.349172479839037e-01
2.550000000000000e+00	6.136724774092189e-01
2.550000000000000e+00	5.504961860288620e-01
2.550000000000000e+00	6.693300406909428e-01
2.550000000000000e+00	5.975902587653243e-01
2.550000000000000e+00	6.276518271734304e-01
2.550000000000000e+00	6.181745643186201e-01
2.550000000000000e+00	6.219509179206537e-01
2.550000000000000e+00	6.147370439491707e-01
2.550000000000000e+00	5.956398549417699e-01
2.550000000000000e+00	6.410914796929109e-01
2.550000000000000e+00	6.748985167401319e-01
2.550000000000000e+00	6.333788369496742e-01
2.550000000000000e+00	6.477503587648188e-01
2.550000000000000e+00	5.892014101447550e-01
2.550000000000000e+00	5.984486687354861e-01
2.550000000000000e+00	6.282678552161207e-01
2.550000000000000e+00	6.711817447679755e-01
2.550000000000000e+00	6.304557864774825e-01
2.550000000000000e+00	6.165719599403940e-01
2.550000000000000e+00	6.242682822585506e-01
2.550000000000000e+00	6.809503918281633e-01
2.550000000000000e+00	6.040589613295434e-01
2.550000000000000e+00	6.341689343745212e-01
2.550000000000000e+00	5.987089011297277e-01
2.550000000000000e+00	6.334337560364387e-01
2.550000000000000e+00	6.235927042897073e-01
2.550000000000000e+00	7.053350359862834e-01
2.550000000000000e+00	5.691066644508047e-01
2.550000000000000e+00	5.576362051439336e-01
2.550000000000000e+00	6.503777109329241e-01
2.550000000000000e+00	6.171072865807632e-01
2.550000000000000e+00	6.132201513294553e-01
2.550000000000000e+00	5.867430831553864e-01
2.550000000000000e+00	6.726989599305452e-01
2.550000000000000e+00	5.740766762814600e-01
2.550000000000000e+00	5.835518168064296e-01
2.550000000000000e+00	6.653548307303285e-01
2.550000000000000e+00	6.016387349176309e-01
2.550000000000000e+00	6.562570224921115e-01
2.550000000000000e+00	6.368387522636244e-01
2.550000000000000e+00	6.270572128810640e-01
2.550000000000000e+00	6.186707575021788e-01
2.550000000000000e+00	7.413405710657544e-01
2.550000000000000e+00	6.337502063535746e-01
2.550000000000000e+00	6.104142598937119e-01
2.550000000000000e+00	5.971544312703432e-01
2.550000000000000e+00	6.826833122015115e-01
2.550000000000000e+00	6.064811348759142e-01
2.550000000000000e+00	6.036447843224528e-01
2.550000000000000e+00	5.783808412177797e-01
2.550000000000000e+00	5.517957479508117e-01
2.550000000000000e+00	6.440368505946701e-01
2.550000000000000e+00	7.169146333851942e-01
2.550000000000000e+00	7.221937623946069e-01
2.550000000000000e+00	6.594908357271896e-01
2.550000000000000e+00	6.580668514038163e-01
2.550000000000000e+00	5.937987460360554e-01
2.550000000000000e+00	5.518969505830310e-01
2.550000000000000e+00	6.100480717936241e-01
2.550000000000000e+00	6.827119617541133e-01
2.550000000000000e+00	6.083473575857220e-01
2.550000000000000e+00	6.414457125530115e-01
2.550000000000000e+00	6.764787464880854e-01
2.550000000000000e+00	6.038859578656505e-01
2.550000000000000e+00	6.091785958192600e-01
2.550000000000000e+00	5.968553251616124e-01
2.550000000000000e+00	5.822321277617459e-01
2.550000000000000e+00	5.595827427860033e-01
2.550000000000000e+00	6.107743103529777e-01
2.550000000000000e+00	6.158282275201499e-01
2.550000000000000e+00	6.028366813633749e-01
2.550000000000000e+00	6.121432038398793e-01
2.550000000000000e+00	6.510363103920074e-01
2.550000000000000e+00	5.935333734421411e-01
2.550000000000000e+00	6.717193983734652e-01
2.550000000000000e+00	5.853551149757008e-01
2.550000000000000e+00	6.040691286754206e-01
2.550000000000000e+00	7.163974880199842e-01
2.550000000000000e+00	6.598752680526390e-01
2.550000000000000e+00	6.725287689891150e-01
2.550000000000000e+00	6.072218229484225e-01
2.550000000000000e+00	6.255903776553600e-01
2.550000000000000e+00	6.108735453039594e-01
2.550000000000000e+00	6.364110802275940e-01
2.550000000000000e+00	6.456978442236952e-01
2.550000000000000e+00	5.733363725473515e-01
2.550000000000000e+00	6.622261033275787e-01
2.550000000000000e+00	7.013848181839072e-01
2.550000000000000e+00	5.283089634246171e-01
2.550000000000000e+00	6.417556808812672e-01
2.550000000000000e+00	6.660208357529537e-01
2.550000000000000e+00	7.267946553721530e-01
2.550000000000000e+00	6.098904575643977e-01
2.550000000000000e+00	6.605042548396792e-01
2.550000000000000e+00	5.264315454886785e-01
2.550000000000000e+00	5.997986182238557e-01
2.550000000000000e+00	6.800370511305697e-01
2.550000000000000e+00	6.307630026644018e-01
2.550000000000000e+00	6.659073270798949e-01
2.550000000000000e+00	6.032030392353118e-01
2.550000000000000e+00	5.506218474331042e-01
2.550000000000000e+00	6.515071257755242e-01
2.550000000000000e+00	6.030555174627612e-01
2.550000000000000e+00	5.379964693089099e-01
2.550000000000000e+00	5.957480875487504e-01
2.550000000000000e+00	6.186385826111536e-01
2.550000000000000e+00	6.458328467787746e-01
2.550000000000000e+00	6.193885086965744e-01
2.550000000000000e+00	6.493124053572076e-01
2.550000000000000e+00	6.016261152634814e-01
2.550000000000000e+00	6.024292753357769e-01
2.550000000000000e+00	5.533033720065066e-01
2.550000000000000e+00	7.369837146203738e-01
2.550000000000000e+00	6.841399604176958e-01
2.550000000000000e+00	5.857845469805224e-01
2.550000000000000e+00	6.933511957923160e-01
2.550000000000000e+00	5.833802826861193e-01
2.550000000000000e+00	5.742598830966968e-01
2.550000000000000e+00	6.543562462723901e-01
2.550000000000000e+00	6.559824901544263e-01
2.550000000000000e+00	6.750902977444501e-01
2.550000000000000e+00	6.376958937651761e-01
2.550000000000000e+00	7.039061452805696e-01
2.550000000000000e+00	6.663300768623721e-01
2.550000000000000e+00	6.543024657636303e-01
2.550000000000000e+00	6.384195132488284e-01
2.550000000000000e+00	5.755445145933562e-01
2.550000000000000e+00	6.526691647013557e-01
2.550000000000000e+00	4.960311077578878e-01
2.550000000000000e+00	5.624119324709257e-01
2.550000000000000e+00	5.582936259255109e-01
2.550000000000000e+00	6.155829222731269e-01
2.550000000000000e+00	6.338579987250176e-01
2.550000000000000e+00	7.120609018599626e-01
2.550000000000000e+00	6.279250359547547e-01
2.550000000000000e+00	6.844974510598141e-01
2.550000000000000e+00	6.082315706643462e-01
2.550000000000000e+00	6.504583245886194e-01
2.550000000000000e+00	6.309122199159198e-01
2.550000000000000e+00	5.684829332188367e-01
2.550000000000000e+00	6.118027725324993e-01
2.550000000000000e+00	6.826159776620497e-01
2.550000000000000e+00	6.597453481809613e-01
2.550000000000000e+00	6.420215116359341e-01
2.550000000000000e+00	6.603454611588626e-01
2.550000000000000e+00	6.094075235666904e-01
2.550000000000000e+00	6.324204853765557e-01
2.550000000000000e+00	7.034763378589683e-01
2.550000000000000e+00	5.907862671803779e-01
2.550000000000000e+00	5.585984823540221e-01
2.550000000000000e+00	5.947158055189634e-01
2.550000000000000e+00	6.020162429801608e-01
2.550000000000000e+00	6.116894840439298e-01
2.550000000000000e+00	6.595330770909255e-01
2.550000000000000e+00	5.282535575242764e-01
2.550000000000000e+00	6.200098404635755e-01
2.550000000000000e+00	6.668670639639973e-01
2.550000000000000e+00	6.470649596715640e-01
2.550000000000000e+00	6.654143046107491e-01
2.550000000000000e+00	6.046750985586697e-01
2.550000000000000e+00	6.336802615043954e-01
2.550000000000000e+00	6.719142753521317e-01
2.550000000000000e+00	5.966268191614398e-01
2.550000000000000e+00	6.619906267847779e-01
2.550000000000000e+00	6.712303038791040e-01
2.550000000000000e+00	6.448510892599518e-01
2.550000000000000e+00	5.238569824744209e-01
2.550000000000000e+00	6.829202329775519e-01
2.550000000000000e+00	7.106323935567815e-01
2.550000000000000e+00	6.154950919848301e-01
2.550000000000000e+00	5.710393558762087e-01
2.550000000000000e+00	6.845963380682470e-01
2.550000000000000e+00	6.923512670853877e-01
2.550000000000000e+00	6.236427142645823e-01
2.550000000000000e+00	6.462176197497194e-01
2.550000000000000e+00	6.208755161646422e-01
2.550000000000000e+00	6.682116988552528e-01
2.550000000000000e+00	5.781198954061185e-01
2.550000000000000e+00	6.119024343419004e-01
2.550000000000000e+00	6.741376173196627e-01
2.550000000000000e+00	6.663061819540800e-01
2.550000000000000e+00	6.593105338449752e-01
2.550000000000000e+00	5.966499329248294e-01
2.550000000000000e+00	6.132839061502052e-01
2.550000000000000e+00	6.426674359004904e-01
2.550000000000000e+00	6.714871170173985e-01
2.550000000000000e+00	6.819009197060115e-01
2.550000000000000e+00	6.483569895746318e-01
2.550000000000000e+00	5.980920333095077e-01
2.550000000000000e+00	6.246271101561305e-01
2.550000000000000e+00	6.195682674259433e-01
2.550000000000000e+00	6.289846785008056e-01
2.550000000000000e+00	6.560399951970117e-01
2.550000000000000e+00	6.049137633478009e-01
2.550000000000000e+00	6.348369356227049e-01
2.550000000000000e+00	6.065830380884161e-01
2.550000000000000e+00	5.727928343214423e-01
2.550000000000000e+00	6.345614507601691e-01
2.550000000000000e+00	6.410725083197392e-01
2.550000000000000e+00	6.292576809276819e-01
2.550000000000000e+00	6.516855296455649e-01
2.550000000000000e+00	5.938564313719331e-01
2.550000000000000e+00	6.172457898885061e-01
2.550000000000000e+00	6.848484330756807e-01
2.550000000000000e+00	6.087867107752213e-01
2.550000000000000e+00	5.909822125486126e-01
2.550000000000000e+00	6.233739562876984e-01
2.550000000000000e+00	6.264219990042240e-01
2.550000000000000e+00	6.183474585004418e-01
2.550000000000000e+00	6.916563986348050e-01
2.550000000000000e+00	6.508501488550512e-01
2.550000000000000e+00	6.861890303330203e-01
2.550000000000000e+00	6.330815429326309e-01
2.550000000000000e+00	5.950406218276542e-01
2.550000000000000e+00	5.992526336645029e-01
2.550000000000000e+00	6.799547012656953e-01
2.550000000000000e+00	5.884600890913085e-01
2.550000000000000e+00	6.474157362334950e-01
2.550000000000000e+00	6.313515425697391e-01
2.550000000000000e+00	7.381642212686597e-01
2.550000000000000e+00	6.877798074083344e-01
2.550000000000000e+00	6.468265327474885e-01
2.550000000000000e+00	5.829558519257582e-01
2.550000000000000e+00	6.415549515414417e-01
2.550000000000000e+00	6.396465480318573e-01
2.550000000000000e+00	5.992461403064231e-01
2.550000000000000e+00	6.255001489206561e-01
2.550000000000000e+00	6.706864918929700e-01
2.550000000000000e+00	5.617309506108513e-01
2.550000000000000e+00	6.758230681895969e-01
2.550000000000000e+00	6.347699746516478e-01
2.550000000000000e+00	6.881911745534606e-01
2.550000000000000e+00	5.665392583461720e-01
2.550000000000000e+00	6.360369755390541e-01
2.550000000000000e+00	6.307056674932511e-01
2.550000000000000e+00	7.185834776298264e-01
2.550000000000000e+00	6.564740883434105e-01
2.550000000000000e+00	6.136167418754713e-01
2.550000000000000e+00	6.872039782233972e-01
2.550000000000000e+00	6.335816125763878e-01
2.550000000000000e+00	6.056522529843327e-01
2.550000000000000e+00	6.488929683419121e-01
2.550000000000000e+00	7.196618221153173e-01
2.550000000000000e+00	6.204940234966994e-01
2.550000000000000e+00	6.354064107796265e-01
2.550000000000000e+00	6.287033336156922e-01
2.550000000000000e+00	6.188828670406508e-01
2.550000000000000e+00	5.894846078403826e-01
2.550000000000000e+00	6.826682260985867e-01
2.550000000000000e+00	6.478303272901387e-01
2.550000000000000e+00	6.724247489296881e-01
2.550000000000000e+00	7.490192302807318e-01
2.550000000000000e+00	6.374447789310476e-01
2.550000000000000e+00	6.566312795533236e-01
2.550000000000000e+00	6.747628868648624e-01
2.550000000000000e+00	6.547262730010122e-01
2.550000000000000e+00	5.634344665665842e-01
2.550000000000000e+00	6.306762361812449e-01
2.550000000000000e+00	5.608632859342446e-01
2.550000000000000e+00	6.777288506000403e-01
2.550000000000000e+00	5.992183030269392e-01
2.550000000000000e+00	7.259931465677728e-01
2.550000000000000e+00	5.781095922580712e-01
2.550000000000000e+00	6.229348600384447e-01
2.550000000000000e+00	5.998850039267695e-01
2.550000000000000e+00	5.875941381246250e-01
2.550000000000000e+00	6.445113437408092e-01
2.550000000000000e+00	6.323417377758943e-01
2.550000000000000e+00	6.301270936219966e-01
2.550000000000000e+00	6.255754616108218e-01
2.550000000000000e+00	6.911439968506626e-01
2.550000000000000e+00	6.093647593869174e-01
2.550000000000000e+00	6.591727400986943e-01
2.550000000000000e+00	5.817880445743284e-01
2.550000000000000e+00	6.016037928945643e-01
2.550000000000000e+00	6.232031495342911e-01
2.550000000000000e+00	6.706838489816423e-01
2.550000000000000e+00	6.495290869763540e-01
2.550000000000000e+00	6.161001667020858e-01
2.550000000000000e+00	6.055846066876810e-01
2.550000000000000e+00	6.868934156254992e-01
2.550000000000000e+00	6.365361728882548e-01
2.550000000000000e+00	6.012913832611662e-01
2.550000000000000e+00	5.614078179629988e-01
2.550000000000000e+00	6.531961025172196e-01
2.550000000000000e+00	6.020255532544840e-01
2.550000000000000e+00	5.735960787911932e-01
2.550000000000000e+00	6.518298419246604e-01
2.550000000000000e+00	5.983696813241417e-01
2.550000000000000e+00	6.286835864620068e-01
2.550000000000000e+00	6.237830890052813e-01
2.550000000000000e+00	6.256703207899023e-01
