2.850000000000000e+00	7.425944553413314e-01
2.850000000000000e+00	7.183924567893590e-01
2.850000000000000e+00	7.138887703863290e-01
2.850000000000000e+00	7.278128495772352e-01
2.850000000000000e+00	6.406089097206867e-01
2.850000000000000e+00	7.009215784364304e-01
2.850000000000000e+00	7.233341854004820e-01
2.850000000000000e+00	7.855849608118948e-01
2.850000000000000e+00	7.466603544273511e-01
2.850000000000000e+00	7.991305432929423e-01
2.850000000000000e+00	7.156740424432175e-01
2.850000000000000e+00	7.368942827472578e-01
2.850000000000000e+00	6.736639987240988e-01
2.850000000000000e+00	7.210457255121452e-01
2.850000000000000e+00	7.217974372920776e-01
2.850000000000000e+00	7.489384906697037e-01
2.850000000000000e+00	6.797141995878990e-01
2.850000000000000e+00	7.889404665345566e-01
2.850000000000000e+00	7.403835523547853e-01
2.850000000000000e+00	7.884886439572155e-01
2.850000000000000e+00	7.783621413818115e-01
2.850000000000000e+00	7.147446717633110e-01
2.850000000000000e+00	7.650915551662436e-01
2.850000000000000e+00	7.256391402164319e-01
2.850000000000000e+00	6.992163747378694e-01
2.850000000000000e+00	7.555708024521260e-01
2.850000000000000e+00	7.334304733886235e-01
2.850000000000000e+00	6.881140161841283e-01
2.850000000000000e+00	6.764595823155378e-01
2.850000000000000e+00	7.139377646278549e-01
2.850000000000000e+00	6.845256578124739e-01
2.850000000000000e+00	6.848827467059854e-01
2.850000000000000e+00	8.091991963671927e-01
2.850000000000000e+00	6.942645946089900e-01
2.850000000000000e+00	8.170078608516198e-01
2.850000000000000e+00	7.170622326850447e-01
2.850000000000000e+00	7.617744049617675e-01
2.850000000000000e+00	6.637971579912358e-01
2.850000000000000e+00	6.959407700811556e-01
2.850000000000000e+00	7.118128993978533e-01
2.850000000000000e+00	7.311261993184975e-01
2.850000000000000e+00	7.404278816843374e-01
2.850000000000000e+00	6.951159160784561e-01
2.850000000000000e+00	8.442099251275446e-01
2.850000000000000e+00	7.809197425638947e-01
2.850000000000000e+00	8.190701509885466e-01
2.850000000000000e+00	7.859148722194103e-01
2.850000000000000e+00	7.491280530817673e-01
2.850000000000000e+00	6.768292239305224e-01
2.850000000000000e+00	7.285321099024353e-01
2.850000000000000e+00	6.725713992991499e-01
2.850000000000000e+00	6.761348819561761e-01
2.850000000000000e+00	7.707503730695465e-01
2.850000000000000e+00	7.568791025149331e-01
2.850000000000000e+00	7.875386824829005e-01
2.850000000000000e+00	7.044170271396494e-01
2.850000000000000e+00	7.293829046754710e-01
2.850000000000000e+00	6.753662278258481e-01
2.850000000000000e+00	6.583088832342434e-01
2.850000000000000e+00	7.265694646205717e-01
2.850000000000000e+00	7.012197069677227e-01
2.850000000000000e+00	7.615563539834400e-01
2.850000000000000e+00	7.000914948043190e-01
2.850000000000000e+00	8.094669055971119e-01
2.850000000000000e+00	6.773038409746777e-01
2.850000000000000e+00	7.744373480684706e-01
2.850000000000000e+00	7.360722972324415e-01
2.850000000000000e+00	8.441978074509585e-01
2.850000000000000e+00	6.967332282000716e-01
2.850000000000000e+00	8.453360054707827e-01
2.850000000000000e+00	7.547053425582165e-01
2.850000000000000e+00	8.336755305090644e-01
2.850000000000000e+00	7.955803854721306e-01
2.850000000000000e+00	8.499161639957762e-01
2.850000000000000e+00	7.006963672797921e-01
2.850000000000000e+00	7.951553513667849e-01
2.850000000000000e+00	6.556596434319758e-01
2.850000000000000e+00	7.415603515825030e-01
2.850000000000000e+00	6.131529275692563e-01
2.850000000000000e+00	7.286230241001765e-01
2.850000000000000e+00	7.555063922673791e-01
2.850000000000000e+00	7.179553545366085e-01
2.850000000000000e+00	6.168439941324548e-01
2.850000000000000e+00	7.090484023295567e-01
2.850000000000000e+00	7.063575840078270e-01
2.850000000000000e+00	7.316296310851246e-01
2.850000000000000e+00	7.405886512310443e-01
2.850000000000000e+00	7.488639175560975e-01
2.850000000000000e+00	6.672168025525032e-01
2.850000000000000e+00	7.579533847846435e-01
2.850000000000000e+00	7.452362553322472e-01
2.850000000000000e+00	7.270912706193042e-01
2.850000000000000e+00	8.367308642824961e-01
2.850000000000000e+00	7.360998628031670e-01
2.850000000000000e+00	7.639641180656623e-01
2.850000000000000e+00	6.878301810844824e-01
2.850000000000000e+00	7.378128163578325e-01
2.850000000000000e+00	7.369687541723712e-01
2.850000000000000e+00	6.851975750283525e-01
2.850000000000000e+00	6.684616100008035e-01
2.850000000000000e+00	7.940256930167772e-01
2.850000000000000e+00	6.489510624321968e-01
2.850000000000000e+00	6.786894370811294e-01
2.850000000000000e+00	7.654012316892379e-01
2.850000000000000e+00	7.713929078010452e-01
2.850000000000000e+00	8.055851571902374e-01
2.850000000000000e+00	7.875661457398743e-01
2.850000000000000e+00	6.791025683727725e-01
2.850000000000000e+00	7.214805608407266e-01
2.850000000000000e+00	7.700738225198075e-01
2.850000000000000e+00	7.612361151034444e-01
2.850000000000000e+00	8.176951665630861e-01
2.850000000000000e+00	7.333186299042929e-01
2.850000000000000e+00	7.871247022582224e-01
2.850000000000000e+00	7.228619262949028e-01
2.850000000000000e+00	7.924844159137046e-01
2.850000000000000e+00	6.977590448741593e-01
2.850000000000000e+00	7.403242533347442e-01
2.850000000000000e+00	7.552883744377867e-01
2.850000000000000e+00	7.578511916124383e-01
2.850000000000000e+00	6.838993008092309e-01
2.850000000000000e+00	6.838742667790338e-01
2.850000000000000e+00	6.972595718749368e-01
2.850000000000000e+00	6.768954151929989e-01
2.850000000000000e+00	7.328395365153608e-01
2.850000000000000e+00	7.244874317734009e-01
2.850000000000000e+00	8.096210020777536e-01
2.850000000000000e+00	7.637153759511087e-01
2.850000000000000e+00	7.585350514926782e-01
2.850000000000000e+00	7.802494152710174e-01
2.850000000000000e+00	7.959569470175978e-01
2.850000000000000e+00	7.706472714636086e-01
2.850000000000000e+00	7.794697091057966e-01
2.850000000000000e+00	6.698861404296645e-01
2.850000000000000e+00	7.476014697552994e-01
2.850000000000000e+00	6.644789222545644e-01
2.850000000000000e+00	7.297117927899220e-01
2.850000000000000e+00	7.295148017785353e-01
2.850000000000000e+00	7.245934395491634e-01
2.850000000000000e+00	6.613207676323696e-01
2.850000000000000e+00	6.762190870879906e-01
2.850000000000000e+00	6.630824984179335e-01
2.850000000000000e+00	7.354094695290224e-01
2.850000000000000e+00	8.022806326320983e-01
2.850000000000000e+00	8.152960766817692e-01
2.850000000000000e+00	7.304327996396626e-01
2.850000000000000e+00	7.832109997931370e-01
2.850000000000000e+00	8.107403804272728e-01
2.850000000000000e+00	7.665136615740666e-01
2.850000000000000e+00	7.341232272810677e-01
2.850000000000000e+00	6.604329035722197e-01
2.850000000000000e+00	7.646487421793967e-01
2.850000000000000e+00	6.962070410155466e-01
2.850000000000000e+00	7.004362680771083e-01
2.850000000000000e+00	6.802209967050843e-01
2.850000000000000e+00	7.858488408208599e-01
2.850000000000000e+00	7.454992397140874e-01
2.850000000000000e+00	7.965286935370870e-01
2.850000000000000e+00	7.944770768816602e-01
2.850000000000000e+00	7.742300118648618e-01
2.850000000000000e+00	8.219630514966845e-01
2.850000000000000e+00	7.234998887047046e-01
2.850000000000000e+00	7.693904686880921e-01
2.850000000000000e+00	7.389671679195129e-01
2.850000000000000e+00	7.426727164800344e-01
2.850000000000000e+00	6.413207669566330e-01
2.850000000000000e+00	7.145397325286099e-01
2.850000000000000e+00	7.328380845605850e-01
2.850000000000000e+00	6.479038246279347e-01
2.850000000000000e+00	7.560564264439154e-01
2.850000000000000e+00	7.226941790755652e-01
2.850000000000000e+00	6.736183913183336e-01
2.850000000000000e+00	7.204970383138778e-01
2.850000000000000e+00	6.743527291648538e-01
2.850000000000000e+00	7.843170360621682e-01
2.850000000000000e+00	7.454683701157138e-01
2.850000000000000e+00	6.874133171306162e-01
2.850000000000000e+00	7.387022150765536e-01
2.850000000000000e+00	6.272250443093336e-01
2.850000000000000e+00	6.391289823870064e-01
2.850000000000000e+00	7.129244807403343e-01
2.850000000000000e+00	7.711498965749918e-01
2.850000000000000e+00	7.108863450939116e-01
2.850000000000000e+00	6.846011855291598e-01
2.850000000000000e+00	6.793409230424816e-01
2.850000000000000e+00	7.100674369141775e-01
2.850000000000000e+00	7.400779026341978e-01
2.850000000000000e+00	6.889127262147684e-01
2.850000000000000e+00	7.348730183780402e-01
2.850000000000000e+00	7.036741929827244e-01
2.850000000000000e+00	7.587948435443088e-01
2.850000000000000e+00	7.178706887049214e-01
2.850000000000000e+00	7.544669638870904e-01
2.850000000000000e+00	6.907386148419199e-01
2.850000000000000e+00	8.184126834074481e-01
2.850000000000000e+00	7.442932891769048e-01
2.850000000000000e+00	7.192113840520108e-01
2.850000000000000e+00	6.676661282540548e-01
2.850000000000000e+00	7.563783003822661e-01
2.850000000000000e+00	6.989456795964206e-01
2.850000000000000e+00	7.455901887629797e-01
2.850000000000000e+00	7.077568793915057e-01
2.850000000000000e+00	7.666279023453565e-01
2.850000000000000e+00	7.607674863364872e-01
2.850000000000000e+00	7.841928366351081e-01
2.850000000000000e+00	8.021505353792028e-01
2.850000000000000e+00	7.653202661439893e-01
2.850000000000000e+00	7.218047079646114e-01
2.850000000000000e+00	6.329144550495247e-01
2.850000000000000e+00	6.737340792414828e-01
2.850000000000000e+00	7.868784489886892e-01
2.850000000000000e+00	7.198812896387993e-01
2.850000000000000e+00	7.370196342292638e-01
2.850000000000000e+00	7.630018591814224e-01
2.850000000000000e+00	7.087787533128009e-01
2.850000000000000e+00	7.107291066464879e-01
2.850000000000000e+00	7.696750174707087e-01
2.850000000000000e+00	7.357106266644303e-01
2.850000000000000e+00	7.031241208930877e-01
2.850000000000000e+00	7.407737244184482e-01
2.850000000000000e+00	7.309390897480120e-01
2.850000000000000e+00	8.547271278310895e-01
2.850000000000000e+00	6.986640566326412e-01
2.850000000000000e+00	8.464394683540836e-01
2.850000000000000e+00	8.394365161499792e-01
2.850000000000000e+00	7.133092536952280e-01
2.850000000000000e+00	7.819901414921538e-01
2.850000000000000e+00	7.274825292787312e-01
2.850000000000000e+00	7.653399519590709e-01
2.850000000000000e+00	6.362915317243608e-01
2.850000000000000e+00	7.475017280140850e-01
2.850000000000000e+00	6.890965173969575e-01
2.850000000000000e+00	7.778119696057439e-01
2.850000000000000e+00	7.313015810552439e-01
2.850000000000000e+00	7.848078567539171e-01
2.850000000000000e+00	7.398256339396772e-01
2.850000000000000e+00	7.298782944026151e-01
2.850000000000000e+00	6.850706169855774e-01
2.850000000000000e+00	8.237569519581636e-01
2.850000000000000e+00	7.364202183611650e-01
2.850000000000000e+00	7.818587146173218e-01
2.850000000000000e+00	6.914181577714419e-01
2.850000000000000e+00	8.333573990801562e-01
2.850000000000000e+00	6.665415103303244e-01
2.850000000000000e+00	7.935994179061023e-01
2.850000000000000e+00	7.337037933139049e-01
2.850000000000000e+00	7.919720918037224e-01
2.850000000000000e+00	7.841115386573718e-01
2.850000000000000e+00	7.611790804682469e-01
2.850000000000000e+00	7.802732833021924e-01
2.850000000000000e+00	6.886988406549679e-01
2.850000000000000e+00	7.579325606071978e-01
2.850000000000000e+00	7.601961105012802e-01
2.850000000000000e+00	6.912017050262385e-01
2.850000000000000e+00	7.465782705191906e-01
2.850000000000000e+00	7.773699229339180e-01
2.850000000000000e+00	6.892567350421596e-01
2.850000000000000e+00	8.001598096936209e-01
2.850000000000000e+00	6.940220507568849e-01
2.850000000000000e+00	7.330982993716769e-01
2.850000000000000e+00	6.790372562580193e-01
2.850000000000000e+00	7.408798309792278e-01
2.850000000000000e+00	6.964559880230399e-01
2.850000000000000e+00	7.420958592362875e-01
2.850000000000000e+00	7.253360588671874e-01
2.850000000000000e+00	6.900611050845705e-01
2.850000000000000e+00	8.048415513956556e-01
2.850000000000000e+00	7.846458527508051e-01
2.850000000000000e+00	7.145204184735119e-01
2.850000000000000e+00	6.931153192751188e-01
2.850000000000000e+00	7.382423058010736e-01
2.850000000000000e+00	7.716804846925447e-01
2.850000000000000e+00	7.293855208652225e-01
2.850000000000000e+00	7.066089681515688e-01
2.850000000000000e+00	6.847904219536507e-01
2.850000000000000e+00	7.700849387233644e-01
2.850000000000000e+00	7.953714796876763e-01
2.850000000000000e+00	6.957202842525561e-01
2.850000000000000e+00	7.136777088962472e-01
2.850000000000000e+00	7.754600802661473e-01
2.850000000000000e+00	7.113042097153180e-01
2.850000000000000e+00	7.230670720236100e-01
2.850000000000000e+00	7.226855513453939e-01
2.850000000000000e+00	7.342843834317213e-01
2.850000000000000e+00	7.533916138929611e-01
2.850000000000000e+00	6.757766831941854e-01
2.850000000000000e+00	7.540249712851834e-01
2.850000000000000e+00	6.999786802897142e-01
2.850000000000000e+00	7.268609595763709e-01
2.850000000000000e+00	6.893727668067190e-01
2.850000000000000e+00	6.670714238452221e-01
2.850000000000000e+00	8.020844951849212e-01
2.850000000000000e+00	6.912481131305931e-01
2.850000000000000e+00	7.260916634845120e-01
2.850000000000000e+00	7.268940919219007e-01
2.850000000000000e+00	7.572681071027015e-01
2.850000000000000e+00	7.265768579747193e-01
2.850000000000000e+00	7.100217601250028e-01
2.850000000000000e+00	7.295708355301562e-01
2.850000000000000e+00	6.681250349208034e-01
2.850000000000000e+00	7.070880553572961e-01
2.850000000000000e+00	7.057485056606158e-01
2.850000000000000e+00	6.780835717728542e-01
2.850000000000000e+00	6.788465366692398e-01
2.850000000000000e+00	6.881663081552317e-01
2.850000000000000e+00	7.560695384220413e-01
2.850000000000000e+00	7.192230983245821e-01
2.850000000000000e+00	7.248589095469266e-01
2.850000000000000e+00	7.815172940241446e-01
2.850000000000000e+00	7.582384728776351e-01
2.850000000000000e+00	7.571564633436833e-01
2.850000000000000e+00	7.490393867677588e-01
2.850000000000000e+00	6.841242290765284e-01
2.850000000000000e+00	7.802007259514260e-01
2.850000000000000e+00	7.440720418431431e-01
2.850000000000000e+00	9.012770031840425e-01
2.850000000000000e+00	7.952581553511463e-01
2.850000000000000e+00	7.842422908830045e-01
2.850000000000000e+00	7.538977797486313e-01
2.850000000000000e+00	6.975458534598520e-01
2.850000000000000e+00	7.485531259683187e-01
2.850000000000000e+00	7.832888318833799e-01
2.850000000000000e+00	7.732484778811786e-01
2.850000000000000e+00	6.794700566602647e-01
2.850000000000000e+00	6.871864014306710e-01
2.850000000000000e+00	7.669520677637260e-01
2.850000000000000e+00	6.893124158719893e-01
2.850000000000000e+00	7.512648475281511e-01
2.850000000000000e+00	7.641451581244979e-01
2.850000000000000e+00	7.577245529038826e-01
2.850000000000000e+00	7.723092848666596e-01
2.850000000000000e+00	6.829935641282975e-01
2.850000000000000e+00	7.623368627984787e-01
2.850000000000000e+00	7.471604842064959e-01
2.850000000000000e+00	7.992752295637038e-01
2.850000000000000e+00	7.355066056561488e-01
2.850000000000000e+00	6.807036637705621e-01
2.850000000000000e+00	7.538430957608288e-01
2.850000000000000e+00	7.597292341389140e-01
2.850000000000000e+00	7.246037152519341e-01
2.850000000000000e+00	7.007311205139657e-01
2.850000000000000e+00	6.821508944652184e-01
2.850000000000000e+00	8.332913889088591e-01
2.850000000000000e+00	7.713323597797791e-01
2.850000000000000e+00	7.585379066400254e-01
2.850000000000000e+00	7.376544371963435e-01
2.850000000000000e+00	7.106032636446871e-01
2.850000000000000e+00	6.958593094175841e-01
2.850000000000000e+00	6.854387600482750e-01
2.850000000000000e+00	7.860956628051970e-01
2.850000000000000e+00	7.738464304557693e-01
2.850000000000000e+00	7.983316601341431e-01
2.850000000000000e+00	8.330288929292695e-01
2.850000000000000e+00	7.686196207561959e-01
2.850000000000000e+00	7.178181070113114e-01
2.850000000000000e+00	7.953967203822887e-01
2.850000000000000e+00	6.824062089186907e-01
2.850000000000000e+00	6.747105653175662e-01
2.850000000000000e+00	7.606427736373036e-01
2.850000000000000e+00	7.449580146304653e-01
2.850000000000000e+00	7.581649550027212e-01
2.850000000000000e+00	6.844280638924096e-01
2.850000000000000e+00	7.269038591940141e-01
2.850000000000000e+00	7.093264529403631e-01
2.850000000000000e+00	6.916485846343197e-01
2.850000000000000e+00	8.077345164889649e-01
2.850000000000000e+00	7.946991394593188e-01
2.850000000000000e+00	6.773825529324903e-01
2.850000000000000e+00	7.020655376878426e-01
2.850000000000000e+00	7.987805373412322e-01
2.850000000000000e+00	7.144380597361464e-01
2.850000000000000e+00	6.365244355317794e-01
2.850000000000000e+00	7.778990764729560e-01
2.850000000000000e+00	7.373620083539797e-01
2.850000000000000e+00	7.255268670118423e-01
2.850000000000000e+00	8.003429584176265e-01
2.850000000000000e+00	7.713282620525346e-01
2.850000000000000e+00	7.285301961515636e-01
2.850000000000000e+00	7.062058623607910e-01
2.850000000000000e+00	7.432477722532996e-01
2.850000000000000e+00	7.446069742669388e-01
2.850000000000000e+00	7.463775961601916e-01
2.850000000000000e+00	7.425456575581598e-01
2.850000000000000e+00	7.370173422465437e-01
2.850000000000000e+00	8.209663650811836e-01
2.850000000000000e+00	6.732625997649717e-01
2.850000000000000e+00	7.301569377854007e-01
2.850000000000000e+00	7.185187987107532e-01
2.850000000000000e+00	7.125231215743161e-01
2.850000000000000e+00	6.830456124719203e-01
2.850000000000000e+00	6.921386038331823e-01
2.850000000000000e+00	7.193477743567946e-01
2.850000000000000e+00	7.019483628175678e-01
2.850000000000000e+00	7.553444165743860e-01
2.850000000000000e+00	6.874851081926318e-01
2.850000000000000e+00	6.700545916818897e-01
2.850000000000000e+00	7.933504504418426e-01
2.850000000000000e+00	7.555156234992584e-01
2.850000000000000e+00	7.113642859626128e-01
2.850000000000000e+00	7.411676518287565e-01
2.850000000000000e+00	6.004625092790256e-01
2.850000000000000e+00	7.593943339490042e-01
2.850000000000000e+00	7.475468528828076e-01
2.850000000000000e+00	7.899054492235652e-01
2.850000000000000e+00	7.269786195351065e-01
2.850000000000000e+00	7.088765008505489e-01
2.850000000000000e+00	7.355421423249443e-01
2.850000000000000e+00	7.317903585151270e-01
2.850000000000000e+00	7.131757453179668e-01
2.850000000000000e+00	6.690496697721613e-01
2.850000000000000e+00	8.016956533915737e-01
2.850000000000000e+00	7.253083745864503e-01
2.850000000000000e+00	7.290134572847735e-01
2.850000000000000e+00	7.946109823116112e-01
2.850000000000000e+00	6.458934496574138e-01
2.850000000000000e+00	8.169985717273599e-01
2.850000000000000e+00	7.223391811643652e-01
2.850000000000000e+00	7.908031322867695e-01
2.850000000000000e+00	7.316377944776639e-01
2.850000000000000e+00	7.576711435329366e-01
2.850000000000000e+00	7.459956897305686e-01
2.850000000000000e+00	7.241720753063067e-01
2.850000000000000e+00	7.818982977406186e-01
2.850000000000000e+00	7.362609684144077e-01
2.850000000000000e+00	7.653773864492606e-01
2.850000000000000e+00	7.147818169840829e-01
2.850000000000000e+00	6.866497752259569e-01
2.850000000000000e+00	7.480427191890480e-01
2.850000000000000e+00	7.012484980832360e-01
2.850000000000000e+00	6.844037747633334e-01
2.850000000000000e+00	6.684277692127648e-01
2.850000000000000e+00	7.057933120530808e-01
2.850000000000000e+00	7.844643955448438e-01
2.850000000000000e+00	6.992162882452362e-01
2.850000000000000e+00	7.050744241531172e-01
2.850000000000000e+00	8.519089250256014e-01
2.850000000000000e+00	7.243445837552458e-01
2.850000000000000e+00	6.967050333720258e-01
2.850000000000000e+00	8.459033452495309e-01
2.850000000000000e+00	7.095720492181812e-01
2.850000000000000e+00	6.832172287495657e-01
2.850000000000000e+00	7.132108311470350e-01
2.850000000000000e+00	8.260683902026206e-01
2.850000000000000e+00	7.836685202830369e-01
2.850000000000000e+00	8.198212133785797e-01
2.850000000000000e+00	8.259794967701881e-01
2.850000000000000e+00	7.818632307756835e-01
2.850000000000000e+00	7.624359537310965e-01
2.850000000000000e+00	7.509346369171035e-01
2.850000000000000e+00	8.123691291720733e-01
2.850000000000000e+00	6.587331806687718e-01
2.850000000000000e+00	8.008907569344451e-01
2.850000000000000e+00	7.293164897464016e-01
2.850000000000000e+00	7.607032624639465e-01
2.850000000000000e+00	7.603305343157980e-01
2.850000000000000e+00	7.583306119888958e-01
2.850000000000000e+00	7.257414865034680e-01
2.850000000000000e+00	7.724851547328034e-01
2.850000000000000e+00	7.309955346864612e-01
2.850000000000000e+00	7.949325753051844e-01
2.850000000000000e+00	7.019792294041887e-01
2.850000000000000e+00	6.997731818367262e-01
2.850000000000000e+00	7.528064426656239e-01
2.850000000000000e+00	7.409542838232792e-01
2.850000000000000e+00	7.417701446628595e-01
2.850000000000000e+00	7.319400925633703e-01
2.850000000000000e+00	7.749698551094524e-01
2.850000000000000e+00	7.924127391031802e-01
2.850000000000000e+00	8.312256037331206e-01
2.850000000000000e+00	7.777601959695315e-01
2.850000000000000e+00	7.724466206425915e-01
2.850000000000000e+00	7.430099844732592e-01
2.850000000000000e+00	7.130971238501156e-01
2.850000000000000e+00	7.304792019755806e-01
2.850000000000000e+00	6.637251776974384e-01
2.850000000000000e+00	8.124965602341383e-01
2.850000000000000e+00	7.460010071034955e-01
2.850000000000000e+00	7.299067745616608e-01
2.850000000000000e+00	7.846425998521200e-01
2.850000000000000e+00	6.863013914227313e-01
2.850000000000000e+00	6.922051341487149e-01
2.850000000000000e+00	6.857379365057297e-01
2.850000000000000e+00	7.409372439971541e-01
2.850000000000000e+00	7.592191720797211e-01
2.850000000000000e+00	7.619237757725207e-01
2.850000000000000e+00	7.681807725569361e-01
2.850000000000000e+00	7.450183245401601e-01
2.850000000000000e+00	7.509364620330651e-01
2.850000000000000e+00	7.041490308690738e-01
2.850000000000000e+00	7.400756694004980e-01
2.850000000000000e+00	7.585504419627217e-01
2.850000000000000e+00	7.731788173866888e-01
2.850000000000000e+00	7.387600954695088e-01
2.850000000000000e+00	6.926584797308923e-01
2.850000000000000e+00	6.983406531819382e-01
2.850000000000000e+00	8.495855451860184e-01
2.850000000000000e+00	8.306346253080470e-01
2.850000000000000e+00	6.672703253198319e-01
2.850000000000000e+00	7.550751166264500e-01
2.850000000000000e+00	6.909653663084601e-01
2.850000000000000e+00	7.679119053458809e-01
2.850000000000000e+00	7.842356351038178e-01
2.850000000000000e+00	7.085772721149831e-01
2.850000000000000e+00	7.905208694209622e-01
2.850000000000000e+00	7.725057003506426e-01
2.850000000000000e+00	7.959584682436187e-01
2.850000000000000e+00	7.340603479515817e-01
2.850000000000000e+00	6.731569152171313e-01
2.850000000000000e+00	8.008106890481662e-01
2.850000000000000e+00	6.907762633473037e-01
2.850000000000000e+00	7.489305327651086e-01
2.850000000000000e+00	7.062797027227764e-01
2.850000000000000e+00	8.166849036045188e-01
2.850000000000000e+00	7.849194975835757e-01
2.850000000000000e+00	6.785565416607847e-01
2.850000000000000e+00	7.572861427820183e-01
2.850000000000000e+00	6.728291820830541e-01
2.850000000000000e+00	8.255381066979625e-01
2.850000000000000e+00	7.503628176627342e-01
2.850000000000000e+00	6.891720785116201e-01
2.850000000000000e+00	6.869627110463151e-01
2.850000000000000e+00	8.139983730073985e-01
2.850000000000000e+00	8.093405295802010e-01
2.850000000000000e+00	8.274670368145745e-01
2.850000000000000e+00	7.701247938850074e-01
2.850000000000000e+00	7.700128959836825e-01
2.850000000000000e+00	7.081968144742186e-01
2.850000000000000e+00	7.517130167867392e-01
2.850000000000000e+00	6.921364780065775e-01
2.850000000000000e+00	7.028279276945736e-01
2.850000000000000e+00	7.272534066682929e-01
2.850000000000000e+00	7.086701860977733e-01
2.850000000000000e+00	6.648061013983331e-01
2.850000000000000e+00	7.145617354559555e-01
2.850000000000000e+00	8.337509146094367e-01
2.850000000000000e+00	7.628880022640996e-01
2.850000000000000e+00	7.533535935769969e-01
2.850000000000000e+00	7.918460356016086e-01
2.850000000000000e+00	8.050426678534088e-01
2.850000000000000e+00	6.780244387439235e-01
2.850000000000000e+00	6.674000302930015e-01
2.850000000000000e+00	6.887820163392225e-01
2.850000000000000e+00	7.114260816144818e-01
2.850000000000000e+00	6.907270141750960e-01
2.850000000000000e+00	7.526293213293125e-01
2.850000000000000e+00	7.787961640544436e-01
2.850000000000000e+00	7.642237363939889e-01
2.850000000000000e+00	7.470740537030808e-01
2.850000000000000e+00	7.361912682862897e-01
2.850000000000000e+00	7.623817183587146e-01
2.850000000000000e+00	7.007589705677514e-01
2.850000000000000e+00	7.518588647003164e-01
2.850000000000000e+00	7.731144123330899e-01
2.850000000000000e+00	6.737988906252317e-01
2.850000000000000e+00	7.625742150917924e-01
2.850000000000000e+00	7.230900852353297e-01
2.850000000000000e+00	7.952599885828650e-01
2.850000000000000e+00	6.794064014008597e-01
2.850000000000000e+00	7.483738640050552e-01
2.850000000000000e+00	7.889563812543500e-01
2.850000000000000e+00	7.315489160451860e-01
2.850000000000000e+00	7.550386158030286e-01
2.850000000000000e+00	7.931940181777654e-01
2.850000000000000e+00	8.470135750464514e-01
2.850000000000000e+00	6.993076776120490e-01
2.850000000000000e+00	8.353518550692438e-01
2.850000000000000e+00	7.040869569035114e-01
2.850000000000000e+00	7.862377854007409e-01
2.850000000000000e+00	7.359315910133849e-01
2.850000000000000e+00	7.878660515720142e-01
2.850000000000000e+00	6.845918146871773e-01
2.850000000000000e+00	6.891894550535823e-01
2.850000000000000e+00	7.324150256262795e-01
2.850000000000000e+00	7.051107945052321e-01
2.850000000000000e+00	6.675695203282915e-01
2.850000000000000e+00	8.148201210920365e-01
2.850000000000000e+00	7.719392463213893e-01
2.850000000000000e+00	7.254228084452257e-01
2.850000000000000e+00	6.243238584650518e-01
2.850000000000000e+00	7.523448015100039e-01
2.850000000000000e+00	6.948648205098901e-01
2.850000000000000e+00	7.082858154547083e-01
2.850000000000000e+00	7.461747223197942e-01
2.850000000000000e+00	6.757369008279271e-01
2.850000000000000e+00	6.739456950927546e-01
2.850000000000000e+00	7.122482225868254e-01
2.850000000000000e+00	7.151713899069901e-01
2.850000000000000e+00	7.965957695393457e-01
2.850000000000000e+00	7.266891999767915e-01
2.850000000000000e+00	7.554207977810654e-01
2.850000000000000e+00	7.531440090714960e-01
2.850000000000000e+00	7.084952777482798e-01
2.850000000000000e+00	6.752596438118674e-01
2.850000000000000e+00	6.986080840970925e-01
2.850000000000000e+00	7.131045499163469e-01
2.850000000000000e+00	8.235398265877587e-01
2.850000000000000e+00	6.833766253011541e-01
2.850000000000000e+00	8.666309911327164e-01
2.850000000000000e+00	7.617134406724423e-01
2.850000000000000e+00	7.057954946782128e-01
2.850000000000000e+00	7.716657998371883e-01
2.850000000000000e+00	7.417154995996653e-01
2.850000000000000e+00	7.517703582262021e-01
2.850000000000000e+00	7.621878968661892e-01
2.850000000000000e+00	6.966026008541309e-01
2.850000000000000e+00	6.480207654970899e-01
2.850000000000000e+00	7.845866256602797e-01
2.850000000000000e+00	7.741864282884072e-01
2.850000000000000e+00	7.699422718354592e-01
2.850000000000000e+00	7.444323573701959e-01
2.850000000000000e+00	6.695556440257521e-01
2.850000000000000e+00	7.298357457351856e-01
2.850000000000000e+00	7.405587521891285e-01
2.850000000000000e+00	7.835319320375809e-01
2.850000000000000e+00	7.263066706701602e-01
2.850000000000000e+00	7.020860363756561e-01
2.850000000000000e+00	8.043416359384651e-01
2.850000000000000e+00	7.786846122233138e-01
2.850000000000000e+00	7.194189666482328e-01
2.850000000000000e+00	7.341019251160849e-01
2.850000000000000e+00	7.630842836910884e-01
2.850000000000000e+00	6.585218499076638e-01
2.850000000000000e+00	6.987129580777481e-01
2.850000000000000e+00	7.521258516786528e-01
2.850000000000000e+00	7.903024593946143e-01
2.850000000000000e+00	7.209586560745594e-01
2.850000000000000e+00	6.766615780298441e-01
2.850000000000000e+00	6.997653830801844e-01
2.850000000000000e+00	7.218924918559739e-01
2.850000000000000e+00	7.110214298722067e-01
2.850000000000000e+00	7.195242317238904e-01
2.850000000000000e+00	8.416882765233933e-01
2.850000000000000e+00	7.622464839348516e-01
2.850000000000000e+00	7.473120304323421e-01
2.850000000000000e+00	7.850100710681085e-01
2.850000000000000e+00	7.018485286868066e-01
2.850000000000000e+00	7.014848286022831e-01
2.850000000000000e+00	7.345093615324000e-01
2.850000000000000e+00	6.539552340539789e-01
2.850000000000000e+00	6.904934265351902e-01
2.850000000000000e+00	7.534114742244351e-01
2.850000000000000e+00	7.339330065566811e-01
2.850000000000000e+00	8.793455667858096e-01
2.850000000000000e+00	7.707826718721632e-01
2.850000000000000e+00	6.766386707518676e-01
2.850000000000000e+00	7.068173076178700e-01
2.850000000000000e+00	7.540346361036993e-01
2.850000000000000e+00	7.212016174339940e-01
2.850000000000000e+00	7.167163629271863e-01
2.850000000000000e+00	7.627028729520730e-01
2.850000000000000e+00	7.962181019592345e-01
2.850000000000000e+00	7.300031005424842e-01
2.850000000000000e+00	8.334558097880761e-01
2.850000000000000e+00	7.840825505648146e-01
2.850000000000000e+00	7.278142205097645e-01
2.850000000000000e+00	7.260363824786830e-01
2.850000000000000e+00	7.212679753800971e-01
2.850000000000000e+00	7.245128671227117e-01
2.850000000000000e+00	7.601539561421037e-01
2.850000000000000e+00	7.334477387164575e-01
2.850000000000000e+00	7.695883574366137e-01
2.850000000000000e+00	8.127550328501173e-01
2.850000000000000e+00	7.917709723440586e-01
2.850000000000000e+00	8.139026515808725e-01
2.850000000000000e+00	6.318883559292734e-01
2.850000000000000e+00	7.305547520738279e-01
2.850000000000000e+00	6.780014719046574e-01
2.850000000000000e+00	7.341129732624743e-01
2.850000000000000e+00	7.791142944021929e-01
2.850000000000000e+00	7.315483621706425e-01
2.850000000000000e+00	7.603151700894073e-01
2.850000000000000e+00	7.574891015132593e-01
2.850000000000000e+00	7.898191181977900e-01
2.850000000000000e+00	7.583967993078861e-01
2.850000000000000e+00	7.750662609650315e-01
2.850000000000000e+00	7.909705744271907e-01
2.850000000000000e+00	8.050071581103097e-01
2.850000000000000e+00	7.009201407373000e-01
2.850000000000000e+00	7.659066496313390e-01
2.850000000000000e+00	7.152164358904751e-01
2.850000000000000e+00	7.524334901975491e-01
2.850000000000000e+00	7.735315888987372e-01
2.850000000000000e+00	7.148183077223479e-01
2.850000000000000e+00	7.406638574034627e-01
2.850000000000000e+00	7.161919229545655e-01
2.850000000000000e+00	7.159150387125073e-01
2.850000000000000e+00	7.533048011462727e-01
2.850000000000000e+00	7.990844865228379e-01
2.850000000000000e+00	7.133173431085124e-01
2.850000000000000e+00	6.926880784537592e-01
2.850000000000000e+00	7.940982146503206e-01
2.850000000000000e+00	8.381279168639458e-01
2.850000000000000e+00	6.932738040729735e-01
2.850000000000000e+00	6.952382195473027e-01
2.850000000000000e+00	7.255071848097913e-01
2.850000000000000e+00	7.072001281685796e-01
2.850000000000000e+00	8.489147025994653e-01
2.850000000000000e+00	6.382062109739931e-01
2.850000000000000e+00	6.614209779946781e-01
2.850000000000000e+00	7.292901559011886e-01
2.850000000000000e+00	6.859436265488520e-01
2.850000000000000e+00	7.835169999618236e-01
2.850000000000000e+00	7.831996603261399e-01
2.850000000000000e+00	8.063057687180004e-01
2.850000000000000e+00	7.873154348869575e-01
2.850000000000000e+00	7.851345142052574e-01
2.850000000000000e+00	7.387360988964440e-01
2.850000000000000e+00	7.416004114847452e-01
2.850000000000000e+00	6.865994202714163e-01
2.850000000000000e+00	7.584588064161552e-01
2.850000000000000e+00	7.379588742688225e-01
2.850000000000000e+00	7.570265363856343e-01
2.850000000000000e+00	7.663250349070021e-01
2.850000000000000e+00	7.323634053864729e-01
2.850000000000000e+00	7.263216093563908e-01
2.850000000000000e+00	6.827433064054635e-01
2.850000000000000e+00	7.767107417441854e-01
2.850000000000000e+00	6.797954722768998e-01
2.850000000000000e+00	7.411369944717571e-01
2.850000000000000e+00	7.023846951588447e-01
2.850000000000000e+00	6.544854692033176e-01
2.850000000000000e+00	7.110800840937928e-01
2.850000000000000e+00	7.452633464621992e-01
2.850000000000000e+00	7.783948138214335e-01
2.850000000000000e+00	7.888701464914589e-01
2.850000000000000e+00	7.240245277255375e-01
2.850000000000000e+00	8.411832331186734e-01
2.850000000000000e+00	8.527805067297609e-01
2.850000000000000e+00	7.352848496437479e-01
2.850000000000000e+00	6.704965125607018e-01
2.850000000000000e+00	7.525710120137959e-01
2.850000000000000e+00	6.882174536654120e-01
2.850000000000000e+00	7.419063611590283e-01
2.850000000000000e+00	7.882282169003682e-01
2.850000000000000e+00	8.005997986086494e-01
2.850000000000000e+00	7.178712189144666e-01
2.850000000000000e+00	8.016561458455570e-01
2.850000000000000e+00	6.810034275338491e-01
2.850000000000000e+00	7.347509291797911e-01
2.850000000000000e+00	7.035896468919554e-01
2.850000000000000e+00	7.870188262386608e-01
2.850000000000000e+00	7.454925177263455e-01
2.850000000000000e+00	7.883823072178848e-01
2.850000000000000e+00	6.877041666904379e-01
2.850000000000000e+00	6.674716450391187e-01
2.850000000000000e+00	7.262997960805275e-01
2.850000000000000e+00	6.645163874702386e-01
2.850000000000000e+00	7.694665738855181e-01
2.850000000000000e+00	7.003642562826156e-01
2.850000000000000e+00	6.684680463984254e-01
2.850000000000000e+00	7.738899306911763e-01
2.850000000000000e+00	7.958476198977646e-01
2.850000000000000e+00	8.051244513428356e-01
2.850000000000000e+00	8.257979704750052e-01
2.850000000000000e+00	6.843726361794289e-01
2.850000000000000e+00	6.844067742558588e-01
2.850000000000000e+00	6.788651940733861e-01
2.850000000000000e+00	6.786579411377216e-01
2.850000000000000e+00	6.254691659141087e-01
2.850000000000000e+00	6.917914685246241e-01
2.850000000000000e+00	7.175813725396616e-01
2.850000000000000e+00	7.287767471396420e-01
2.850000000000000e+00	7.103910434252271e-01
2.850000000000000e+00	7.448152317640730e-01
2.850000000000000e+00	7.241157658293906e-01
2.850000000000000e+00	7.668474974481908e-01
2.850000000000000e+00	7.470214173948408e-01
2.850000000000000e+00	6.877355571191464e-01
2.850000000000000e+00	7.513817925725973e-01
2.850000000000000e+00	6.621345348145413e-01
2.850000000000000e+00	7.597012464257461e-01
2.850000000000000e+00	7.547433418015299e-01
2.850000000000000e+00	7.117570108394587e-01
2.850000000000000e+00	7.225719267981654e-01
2.850000000000000e+00	7.301249450006745e-01
2.850000000000000e+00	7.061902714507783e-01
2.850000000000000e+00	7.932987887286178e-01
2.850000000000000e+00	7.510497086973753e-01
2.850000000000000e+00	7.086911420039971e-01
2.850000000000000e+00	7.580107199070939e-01
2.850000000000000e+00	7.831604559817029e-01
2.850000000000000e+00	7.597752727394850e-01
2.850000000000000e+00	8.067055001187146e-01
2.850000000000000e+00	7.139217860161718e-01
2.850000000000000e+00	7.557940644346808e-01
2.850000000000000e+00	7.065112699817241e-01
2.850000000000000e+00	7.615774568250863e-01
2.850000000000000e+00	8.027978282006609e-01
2.850000000000000e+00	7.544615615095556e-01
2.850000000000000e+00	7.363028075116878e-01
2.850000000000000e+00	7.399054549778199e-01
2.850000000000000e+00	7.902818022728552e-01
2.850000000000000e+00	7.834430731345776e-01
2.850000000000000e+00	7.039713886988934e-01
2.850000000000000e+00	8.123346940357460e-01
2.850000000000000e+00	7.396047493300069e-01
2.850000000000000e+00	6.565322616559559e-01
2.850000000000000e+00	7.395711067570171e-01
2.850000000000000e+00	7.984822870940869e-01
2.850000000000000e+00	7.720105435693793e-01
2.850000000000000e+00	7.381152298519771e-01
2.850000000000000e+00	7.502879538002670e-01
2.850000000000000e+00	7.481196157461193e-01
2.850000000000000e+00	6.939109350543360e-01
2.850000000000000e+00	7.440547638747778e-01
2.850000000000000e+00	7.532521421989216e-01
2.850000000000000e+00	7.527355285242704e-01
2.850000000000000e+00	7.482408965044153e-01
2.850000000000000e+00	7.008946376703132e-01
2.850000000000000e+00	7.230631602828687e-01
2.850000000000000e+00	7.545981205332887e-01
2.850000000000000e+00	7.109045601999653e-01
2.850000000000000e+00	8.218830825695874e-01
2.850000000000000e+00	7.593258920755165e-01
2.850000000000000e+00	7.575646614844620e-01
2.850000000000000e+00	7.126668030456975e-01
2.850000000000000e+00	6.785845613169671e-01
2.850000000000000e+00	7.591489671600112e-01
2.850000000000000e+00	7.083158459336191e-01
2.850000000000000e+00	6.718300238928124e-01
2.850000000000000e+00	7.133678708584974e-01
2.850000000000000e+00	7.694131674062168e-01
2.850000000000000e+00	7.307494940158474e-01
2.850000000000000e+00	7.387177882390442e-01
2.850000000000000e+00	7.227010077480981e-01
2.850000000000000e+00	7.937790179553813e-01
2.850000000000000e+00	7.312926984981563e-01
2.850000000000000e+00	7.688274366607928e-01
2.850000000000000e+00	7.283215635453617e-01
2.850000000000000e+00	7.846292453961701e-01
2.850000000000000e+00	8.338256409393898e-01
2.850000000000000e+00	7.220219845955331e-01
2.850000000000000e+00	7.705257625582298e-01
2.850000000000000e+00	6.882072782749871e-01
2.850000000000000e+00	6.871198309691904e-01
2.850000000000000e+00	7.090712246018392e-01
2.850000000000000e+00	6.578256902794632e-01
2.850000000000000e+00	6.227789269717782e-01
2.850000000000000e+00	7.633036880945847e-01
2.850000000000000e+00	7.838545281245054e-01
2.850000000000000e+00	7.145918079743758e-01
2.850000000000000e+00	6.928179212868596e-01
2.850000000000000e+00	6.876240820486947e-01
2.850000000000000e+00	7.677783221936347e-01
2.850000000000000e+00	7.431997516851159e-01
2.850000000000000e+00	7.866218492494723e-01
2.850000000000000e+00	7.073275125568897e-01
2.850000000000000e+00	7.719058075961197e-01
2.850000000000000e+00	7.441567394877846e-01
2.850000000000000e+00	7.250100557638423e-01
2.850000000000000e+00	7.528531105486013e-01
2.850000000000000e+00	7.904933241855292e-01
2.850000000000000e+00	7.631539294888459e-01
2.850000000000000e+00	8.181180774229332e-01
2.850000000000000e+00	7.511658828540779e-01
2.850000000000000e+00	7.230811299227667e-01
2.850000000000000e+00	6.823442655255320e-01
2.850000000000000e+00	7.550067895144531e-01
2.850000000000000e+00	7.282335826632526e-01
2.850000000000000e+00	7.014776129352414e-01
2.850000000000000e+00	7.741997678518703e-01
2.850000000000000e+00	7.348755381395066e-01
2.850000000000000e+00	6.725145958899877e-01
2.850000000000000e+00	8.320986240618700e-01
2.850000000000000e+00	7.729685213470187e-01
2.850000000000000e+00	7.094297156442347e-01
2.850000000000000e+00	7.895654524277465e-01
2.850000000000000e+00	7.271771125866325e-01
2.850000000000000e+00	7.614772399455588e-01
2.850000000000000e+00	6.453001275854099e-01
2.850000000000000e+00	7.758123022838297e-01
2.850000000000000e+00	6.919207959566440e-01
2.850000000000000e+00	7.468269481850651e-01
2.850000000000000e+00	6.886042111809929e-01
2.850000000000000e+00	7.566127163860316e-01
2.850000000000000e+00	7.903038843505016e-01
2.850000000000000e+00	7.909750345194793e-01
2.850000000000000e+00	8.099832624070049e-01
2.850000000000000e+00	7.484680922108975e-01
2.850000000000000e+00	7.094071571598431e-01
2.850000000000000e+00	7.141296148032218e-01
2.850000000000000e+00	7.559060011925631e-01
2.850000000000000e+00	7.440532835538671e-01
2.850000000000000e+00	6.810268800884702e-01
2.850000000000000e+00	7.279904873847088e-01
2.850000000000000e+00	7.651692485806989e-01
2.850000000000000e+00	7.891309758644033e-01
2.850000000000000e+00	7.907329672613088e-01
2.850000000000000e+00	8.081086914260512e-01
2.850000000000000e+00	7.257458148906560e-01
2.850000000000000e+00	7.663280102121728e-01
2.850000000000000e+00	7.135271864511302e-01
2.850000000000000e+00	7.045372606603952e-01
2.850000000000000e+00	6.932297145947766e-01
2.850000000000000e+00	7.465613316171996e-01
2.850000000000000e+00	6.938944882196784e-01
2.850000000000000e+00	7.324498476281874e-01
2.850000000000000e+00	7.472961349961283e-01
2.850000000000000e+00	7.086564216671226e-01
2.850000000000000e+00	7.089434093602559e-01
2.850000000000000e+00	7.614343723482938e-01
2.850000000000000e+00	6.694733366647819e-01
2.850000000000000e+00	7.329160378707553e-01
2.850000000000000e+00	7.570135769433830e-01
2.850000000000000e+00	7.852854389352946e-01
2.850000000000000e+00	7.516767425378241e-01
2.850000000000000e+00	7.522703411198266e-01
2.850000000000000e+00	7.853566794391377e-01
2.850000000000000e+00	7.887851171488606e-01
2.850000000000000e+00	7.716513033614739e-01
2.850000000000000e+00	6.647849203690163e-01
2.850000000000000e+00	7.770250280857588e-01
2.850000000000000e+00	7.324245856455869e-01
2.850000000000000e+00	7.626375591701386e-01
2.850000000000000e+00	7.293392252439183e-01
2.850000000000000e+00	8.034156383305517e-01
2.850000000000000e+00	7.404982509919268e-01
2.850000000000000e+00	7.678984264347523e-01
2.850000000000000e+00	7.242224792943039e-01
2.850000000000000e+00	6.957969726387826e-01
2.850000000000000e+00	8.141872137599557e-01
2.850000000000000e+00	7.136529504606551e-01
2.850000000000000e+00	7.305489087365263e-01
2.850000000000000e+00	7.330791167146481e-01
2.850000000000000e+00	7.879981206407409e-01
2.850000000000000e+00	7.735260046114592e-01
2.850000000000000e+00	7.736959448662463e-01
2.850000000000000e+00	7.201577978669561e-01
2.850000000000000e+00	6.639124249723154e-01
2.850000000000000e+00	6.659491393009773e-01
2.850000000000000e+00	8.022149478007703e-01
2.850000000000000e+00	7.497255636693030e-01
2.850000000000000e+00	7.252997767440026e-01
2.850000000000000e+00	7.857607174230148e-01
2.850000000000000e+00	7.682205297461444e-01
2.850000000000000e+00	7.378896896293307e-01
2.850000000000000e+00	7.099049434622634e-01
2.850000000000000e+00	6.732004631184816e-01
2.850000000000000e+00	7.349060777553029e-01
2.850000000000000e+00	6.970151548232875e-01
2.850000000000000e+00	7.324889853903469e-01
2.850000000000000e+00	7.911072304577363e-01
2.850000000000000e+00	7.520712609072733e-01
2.850000000000000e+00	7.641574966480817e-01
2.850000000000000e+00	7.892208825087228e-01
2.850000000000000e+00	7.663380188524792e-01
2.850000000000000e+00	7.010495398523918e-01
2.850000000000000e+00	7.469344503162952e-01
2.850000000000000e+00	7.270895891345558e-01
2.850000000000000e+00	7.507303383014569e-01
2.850000000000000e+00	7.202082735685706e-01
2.850000000000000e+00	7.266132880405745e-01
2.850000000000000e+00	7.427073268574171e-01
2.850000000000000e+00	7.875911178601548e-01
2.850000000000000e+00	7.341149575347959e-01
2.850000000000000e+00	6.925036271541314e-01
2.850000000000000e+00	6.807373972536899e-01
2.850000000000000e+00	7.260075762745332e-01
2.850000000000000e+00	7.449473789624320e-01
2.850000000000000e+00	6.980289552379200e-01
2.850000000000000e+00	7.700453258971399e-01
2.850000000000000e+00	7.575475931533082e-01
2.850000000000000e+00	7.224012565080909e-01
2.850000000000000e+00	7.990149119360525e-01
2.850000000000000e+00	7.394105358425478e-01
2.850000000000000e+00	6.508292008993584e-01
2.850000000000000e+00	7.221010851472006e-01
2.850000000000000e+00	6.947529868857103e-01
2.850000000000000e+00	6.790978203603496e-01
2.850000000000000e+00	7.537347301602914e-01
2.850000000000000e+00	6.907822230147558e-01
2.850000000000000e+00	7.161838730291050e-01
2.850000000000000e+00	7.579957560969095e-01
2.850000000000000e+00	7.904013175085695e-01
2.850000000000000e+00	7.307814149230139e-01
2.850000000000000e+00	7.124473165865671e-01
2.850000000000000e+00	7.027185656035052e-01
2.850000000000000e+00	7.068561756410616e-01
2.850000000000000e+00	7.317573194097834e-01
2.850000000000000e+00	7.674049061513326e-01
2.850000000000000e+00	7.610791216666950e-01
2.850000000000000e+00	6.389555679295519e-01
2.850000000000000e+00	8.079591607772629e-01
2.850000000000000e+00	6.946849260455601e-01
2.850000000000000e+00	6.970768926872798e-01
2.850000000000000e+00	8.181496532156747e-01
2.850000000000000e+00	7.633825554797736e-01
2.850000000000000e+00	7.409489955462017e-01
2.850000000000000e+00	7.484406211760140e-01
2.850000000000000e+00	7.464109509781800e-01
2.850000000000000e+00	7.844674503722431e-01
2.850000000000000e+00	7.232760963899303e-01
2.850000000000000e+00	7.098272314367641e-01
2.850000000000000e+00	7.012955225697163e-01
2.850000000000000e+00	7.449728732880617e-01
2.850000000000000e+00	8.216830519211266e-01
2.850000000000000e+00	6.932049866408680e-01
2.850000000000000e+00	7.250576544810443e-01
2.850000000000000e+00	7.750218826048768e-01
2.850000000000000e+00	6.712852943785715e-01
