1.500000000000000e+00	9.513979433669041e+00
1.500000000000000e+00	9.560016147384122e+00
1.500000000000000e+00	9.621000894382451e+00
1.500000000000000e+00	9.566051863911721e+00
1.500000000000000e+00	9.588613612893212e+00
1.500000000000000e+00	9.589939214087241e+00
1.500000000000000e+00	9.681007077512387e+00
1.500000000000000e+00	9.637195774362537e+00
1.500000000000000e+00	9.634080541899380e+00
1.500000000000000e+00	9.761835014226923e+00
1.500000000000000e+00	9.816769941379764e+00
1.500000000000000e+00	9.671300025164234e+00
1.500000000000000e+00	9.570146338640033e+00
1.500000000000000e+00	9.625594701589296e+00
1.500000000000000e+00	9.789246457947733e+00
1.500000000000000e+00	9.627585087752891e+00
1.500000000000000e+00	9.680326404898901e+00
1.500000000000000e+00	9.557796413269767e+00
1.500000000000000e+00	9.786737117625226e+00
1.500000000000000e+00	9.533629957630943e+00
1.500000000000000e+00	9.515945638072814e+00
1.500000000000000e+00	9.582312379804256e+00
1.500000000000000e+00	9.709546872052435e+00
1.500000000000000e+00	9.719551105770948e+00
1.500000000000000e+00	9.645648648036378e+00
1.500000000000000e+00	9.565492039777787e+00
1.500000000000000e+00	9.624602760738558e+00
1.500000000000000e+00	9.386660698976485e+00
1.500000000000000e+00	9.590028151980748e+00
1.500000000000000e+00	9.631502425688858e+00
1.500000000000000e+00	9.645259386167087e+00
1.500000000000000e+00	9.646254706365442e+00
1.500000000000000e+00	9.712880540760647e+00
1.500000000000000e+00	9.574132324961365e+00
1.500000000000000e+00	9.656300303242586e+00
1.500000000000000e+00	9.518366720717903e+00
1.500000000000000e+00	9.829013813964535e+00
1.500000000000000e+00	9.551712923405439e+00
1.500000000000000e+00	9.570672730899556e+00
1.500000000000000e+00	9.650823244566830e+00
1.500000000000000e+00	9.422022833942918e+00
1.500000000000000e+00	9.637595497829988e+00
1.500000000000000e+00	9.690648302091294e+00
1.500000000000000e+00	9.558971746023042e+00
1.500000000000000e+00	9.583687884993115e+00
1.500000000000000e+00	9.548846346811516e+00
1.500000000000000e+00	9.836598434252764e+00
1.500000000000000e+00	9.763002113149037e+00
1.500000000000000e+00	9.562921618711792e+00
1.500000000000000e+00	9.682412762595604e+00
1.500000000000000e+00	9.655787832352335e+00
1.500000000000000e+00	9.693179902979736e+00
1.500000000000000e+00	9.557876780825559e+00
1.500000000000000e+00	9.520819377959402e+00
1.500000000000000e+00	9.590377344664667e+00
1.500000000000000e+00	9.648156760262884e+00
1.500000000000000e+00	9.733473632241981e+00
1.500000000000000e+00	9.579060997217928e+00
1.500000000000000e+00	9.517732161500874e+00
1.500000000000000e+00	9.689246664245816e+00
1.500000000000000e+00	9.733401668028066e+00
1.500000000000000e+00	9.715006782157761e+00
1.500000000000000e+00	9.632172700315651e+00
1.500000000000000e+00	9.541049999531253e+00
1.500000000000000e+00	9.596877420099588e+00
1.500000000000000e+00	9.445505219299134e+00
1.500000000000000e+00	9.780828329386821e+00
1.500000000000000e+00	9.690705804307008e+00
1.500000000000000e+00	9.658487362093057e+00
1.500000000000000e+00	9.656816235500076e+00
1.500000000000000e+00	9.705267916150058e+00
1.500000000000000e+00	9.729662743664989e+00
1.500000000000000e+00	9.650156108715338e+00
1.500000000000000e+00	9.685919343131324e+00
1.500000000000000e+00	9.686894599659846e+00
1.500000000000000e+00	9.516956825818193e+00
1.500000000000000e+00	9.489692575116424e+00
1.500000000000000e+00	9.688018097672837e+00
1.500000000000000e+00	9.372444503690357e+00
1.500000000000000e+00	9.500308844979966e+00
1.500000000000000e+00	9.549614899722666e+00
1.500000000000000e+00	9.657139271030257e+00
1.500000000000000e+00	9.591066091918886e+00
1.500000000000000e+00	9.849425424971734e+00
1.500000000000000e+00	9.512742459531136e+00
1.500000000000000e+00	9.537874062456670e+00
1.500000000000000e+00	9.631043062493450e+00
1.500000000000000e+00	9.741302413529876e+00
1.500000000000000e+00	9.621075250262217e+00
1.500000000000000e+00	9.665276847883705e+00
1.500000000000000e+00	9.725581950381363e+00
1.500000000000000e+00	9.572963812492883e+00
1.500000000000000e+00	9.599716901195233e+00
1.500000000000000e+00	9.763753667220545e+00
1.500000000000000e+00	9.537610344187160e+00
1.500000000000000e+00	9.400772196448527e+00
1.500000000000000e+00	9.556997929309915e+00
1.500000000000000e+00	9.705420101082284e+00
1.500000000000000e+00	9.863279415419788e+00
1.500000000000000e+00	9.750715675136604e+00
1.500000000000000e+00	9.604636183556210e+00
1.500000000000000e+00	9.398024851950897e+00
1.500000000000000e+00	9.652300875785818e+00
1.500000000000000e+00	9.628069180994322e+00
1.500000000000000e+00	9.691167552227650e+00
1.500000000000000e+00	9.777487840310091e+00
1.500000000000000e+00	9.775067011678029e+00
1.500000000000000e+00	9.789925806032718e+00
1.500000000000000e+00	9.511182967648461e+00
1.500000000000000e+00	9.667014837698989e+00
1.500000000000000e+00	9.760744640548019e+00
1.500000000000000e+00	9.524105495122264e+00
1.500000000000000e+00	9.610489918432162e+00
1.500000000000000e+00	9.742797707221754e+00
1.500000000000000e+00	9.595111081715567e+00
1.500000000000000e+00	9.641997336774132e+00
1.500000000000000e+00	9.565062279886380e+00
1.500000000000000e+00	9.630889956140148e+00
1.500000000000000e+00	9.656441970373049e+00
1.500000000000000e+00	9.575492448190811e+00
1.500000000000000e+00	9.766578566966453e+00
1.500000000000000e+00	9.677135448371372e+00
1.500000000000000e+00	9.676090869618140e+00
1.500000000000000e+00	9.597499213539603e+00
1.500000000000000e+00	9.553066007493740e+00
1.500000000000000e+00	9.682310152179230e+00
1.500000000000000e+00	9.692032268053174e+00
1.500000000000000e+00	9.501145493610185e+00
1.500000000000000e+00	9.553823032518999e+00
1.500000000000000e+00	9.568554543505760e+00
1.500000000000000e+00	9.706798710063401e+00
1.500000000000000e+00	9.628888139677654e+00
1.500000000000000e+00	9.574038195554392e+00
1.500000000000000e+00	9.546333848880137e+00
1.500000000000000e+00	9.755254522177786e+00
1.500000000000000e+00	9.635307784503830e+00
1.500000000000000e+00	9.596541333442993e+00
1.500000000000000e+00	9.535715350982986e+00
1.500000000000000e+00	9.594486234667102e+00
1.500000000000000e+00	9.503736988016628e+00
1.500000000000000e+00	9.409850520251695e+00
1.500000000000000e+00	9.616888193790254e+00
1.500000000000000e+00	9.667902580727588e+00
1.500000000000000e+00	9.530722195708044e+00
1.500000000000000e+00	9.777685427990503e+00
1.500000000000000e+00	9.643460057089756e+00
1.500000000000000e+00	9.621167092947822e+00
1.500000000000000e+00	9.699703322068217e+00
1.500000000000000e+00	9.606809688395117e+00
1.500000000000000e+00	9.712547974094877e+00
1.500000000000000e+00	9.662162591108221e+00
1.500000000000000e+00	9.696687166467093e+00
1.500000000000000e+00	9.604603508596149e+00
1.500000000000000e+00	9.582289321662715e+00
1.500000000000000e+00	9.765115044368095e+00
1.500000000000000e+00	9.773600208878971e+00
1.500000000000000e+00	9.599922103556102e+00
1.500000000000000e+00	9.545314386023833e+00
1.500000000000000e+00	9.567903557565455e+00
1.500000000000000e+00	9.749660301685319e+00
1.500000000000000e+00	9.611337829269877e+00
1.500000000000000e+00	9.749029168759215e+00
1.500000000000000e+00	9.554121611849096e+00
1.500000000000000e+00	9.661665985346483e+00
1.500000000000000e+00	9.779113911705476e+00
1.500000000000000e+00	9.687770994024021e+00
1.500000000000000e+00	9.653118674827988e+00
1.500000000000000e+00	9.638113378707480e+00
1.500000000000000e+00	9.860223500341672e+00
1.500000000000000e+00	9.593979117774957e+00
1.500000000000000e+00	9.529454236945599e+00
1.500000000000000e+00	9.433620689569860e+00
1.500000000000000e+00	9.438982065932592e+00
1.500000000000000e+00	9.443516768923757e+00
1.500000000000000e+00	9.579930044103227e+00
1.500000000000000e+00	9.527896343959730e+00
1.500000000000000e+00	9.657460496288019e+00
1.500000000000000e+00	9.715972559964081e+00
1.500000000000000e+00	9.776946553301553e+00
1.500000000000000e+00	9.548200728553430e+00
1.500000000000000e+00	9.589871443683855e+00
1.500000000000000e+00	9.748755735335353e+00
1.500000000000000e+00	9.651443382752770e+00
1.500000000000000e+00	9.728215947870112e+00
1.500000000000000e+00	9.863497415343485e+00
1.500000000000000e+00	9.712927991445099e+00
1.500000000000000e+00	9.718047347749717e+00
1.500000000000000e+00	9.622688594009977e+00
1.500000000000000e+00	9.911550203777159e+00
1.500000000000000e+00	9.616971759825974e+00
1.500000000000000e+00	9.602216960413628e+00
1.500000000000000e+00	9.646389234682857e+00
1.500000000000000e+00	9.643656042135866e+00
1.500000000000000e+00	9.597932109024317e+00
1.500000000000000e+00	9.603136808621624e+00
1.500000000000000e+00	9.549977236251213e+00
1.500000000000000e+00	9.655120988556860e+00
1.500000000000000e+00	9.655089170881400e+00
1.500000000000000e+00	9.835361933873383e+00
1.500000000000000e+00	9.632598549479802e+00
1.500000000000000e+00	9.499590157814549e+00
1.500000000000000e+00	9.712252241339364e+00
1.500000000000000e+00	9.577944202215889e+00
1.500000000000000e+00	9.493988148797236e+00
1.500000000000000e+00	9.686666918255302e+00
1.500000000000000e+00	9.521724067746774e+00
1.500000000000000e+00	9.367890014219425e+00
1.500000000000000e+00	9.409642278025771e+00
1.500000000000000e+00	9.568132972428788e+00
1.500000000000000e+00	9.592381818957527e+00
1.500000000000000e+00	9.695059399481526e+00
1.500000000000000e+00	9.676806460096527e+00
1.500000000000000e+00	9.504726698908772e+00
1.500000000000000e+00	9.601261130266117e+00
1.500000000000000e+00	9.699967449664495e+00
1.500000000000000e+00	9.515177807612801e+00
1.500000000000000e+00	9.727851207669278e+00
1.500000000000000e+00	9.573209592299701e+00
1.500000000000000e+00	9.774740298614619e+00
1.500000000000000e+00	9.652858383800318e+00
1.500000000000000e+00	9.643341491449327e+00
1.500000000000000e+00	9.657708561240849e+00
1.500000000000000e+00	9.624762370419097e+00
1.500000000000000e+00	9.607270640767457e+00
1.500000000000000e+00	9.581038995634199e+00
1.500000000000000e+00	9.569364862093515e+00
1.500000000000000e+00	9.660338347630779e+00
1.500000000000000e+00	9.671935651915463e+00
1.500000000000000e+00	9.608404634293343e+00
1.500000000000000e+00	9.648779203839464e+00
1.500000000000000e+00	9.439102650977052e+00
1.500000000000000e+00	9.547739338894047e+00
1.500000000000000e+00	9.626698338157778e+00
1.500000000000000e+00	9.670143423703491e+00
1.500000000000000e+00	9.597579808259802e+00
1.500000000000000e+00	9.623446579255976e+00
1.500000000000000e+00	9.798904292308151e+00
1.500000000000000e+00	9.540807462900297e+00
1.500000000000000e+00	9.735591625845847e+00
1.500000000000000e+00	9.661463019262353e+00
1.500000000000000e+00	9.722976981807701e+00
1.500000000000000e+00	9.615589376957063e+00
1.500000000000000e+00	9.744017317295036e+00
1.500000000000000e+00	9.698316580561244e+00
1.500000000000000e+00	9.745911739193097e+00
1.500000000000000e+00	9.485577333140704e+00
1.500000000000000e+00	9.424130617534745e+00
1.500000000000000e+00	9.669712718424059e+00
1.500000000000000e+00	9.743521175652198e+00
1.500000000000000e+00	9.810200940878303e+00
1.500000000000000e+00	9.627975150876342e+00
1.500000000000000e+00	9.532087279108332e+00
1.500000000000000e+00	9.665499157221490e+00
1.500000000000000e+00	9.639910875919206e+00
1.500000000000000e+00	9.547547291433888e+00
1.500000000000000e+00	9.504173304855396e+00
1.500000000000000e+00	9.608426169107037e+00
1.500000000000000e+00	9.595567725821505e+00
1.500000000000000e+00	9.668932034685252e+00
1.500000000000000e+00	9.684662721615155e+00
1.500000000000000e+00	9.640940624001828e+00
1.500000000000000e+00	9.676748394811247e+00
1.500000000000000e+00	9.699812013399370e+00
1.500000000000000e+00	9.766759095873534e+00
1.500000000000000e+00	9.680882105929642e+00
1.500000000000000e+00	9.693112788513931e+00
1.500000000000000e+00	9.733487717101827e+00
1.500000000000000e+00	9.729472307366681e+00
1.500000000000000e+00	9.647712768040691e+00
1.500000000000000e+00	9.690952654995558e+00
1.500000000000000e+00	9.529239413043552e+00
1.500000000000000e+00	9.680253204165195e+00
1.500000000000000e+00	9.627504539068170e+00
1.500000000000000e+00	9.603775729549575e+00
1.500000000000000e+00	9.453208322186359e+00
1.500000000000000e+00	9.691585831858299e+00
1.500000000000000e+00	9.749194384103813e+00
1.500000000000000e+00	9.523173485774352e+00
1.500000000000000e+00	9.505744695374927e+00
1.500000000000000e+00	9.671208468738762e+00
1.500000000000000e+00	9.746501455962530e+00
1.500000000000000e+00	9.724748386209367e+00
1.500000000000000e+00	9.722042315306467e+00
1.500000000000000e+00	9.553476782233808e+00
1.500000000000000e+00	9.445869190802330e+00
1.500000000000000e+00	9.600941727584374e+00
1.500000000000000e+00	9.600120797570415e+00
1.500000000000000e+00	9.637202949761857e+00
1.500000000000000e+00	9.474427393286135e+00
1.500000000000000e+00	9.625500438589397e+00
1.500000000000000e+00	9.549216452634733e+00
1.500000000000000e+00	9.625764706597280e+00
1.500000000000000e+00	9.615818660820906e+00
1.500000000000000e+00	9.678038521190560e+00
1.500000000000000e+00	9.667503922951028e+00
1.500000000000000e+00	9.566146622905828e+00
1.500000000000000e+00	9.780654651042166e+00
1.500000000000000e+00	9.836279644569705e+00
1.500000000000000e+00	9.663639016690603e+00
1.500000000000000e+00	9.533107048396579e+00
1.500000000000000e+00	9.606356882897490e+00
1.500000000000000e+00	9.559771093799991e+00
1.500000000000000e+00	9.648074686623969e+00
1.500000000000000e+00	9.667759992878493e+00
1.500000000000000e+00	9.592869245380259e+00
1.500000000000000e+00	9.624714796637189e+00
1.500000000000000e+00	9.751888967646863e+00
1.500000000000000e+00	9.498348485954489e+00
1.500000000000000e+00	9.639667762922079e+00
1.500000000000000e+00	9.601007133572542e+00
1.500000000000000e+00	9.665131750512078e+00
1.500000000000000e+00	9.679490180288475e+00
1.500000000000000e+00	9.657010142593034e+00
1.500000000000000e+00	9.587082508232799e+00
1.500000000000000e+00	9.811109665455650e+00
1.500000000000000e+00	9.582489976946750e+00
1.500000000000000e+00	9.801738170729170e+00
1.500000000000000e+00	9.799716791515081e+00
1.500000000000000e+00	9.588329234658303e+00
1.500000000000000e+00	9.650612507602972e+00
1.500000000000000e+00	9.743550811955862e+00
1.500000000000000e+00	9.517248804737431e+00
1.500000000000000e+00	9.589269680668526e+00
1.500000000000000e+00	9.543241034077941e+00
1.500000000000000e+00	9.655268793668135e+00
1.500000000000000e+00	9.612580548032284e+00
1.500000000000000e+00	9.462128907120494e+00
1.500000000000000e+00	9.735706984792280e+00
1.500000000000000e+00	9.588399086071366e+00
1.500000000000000e+00	9.641637754899202e+00
1.500000000000000e+00	9.881070186162312e+00
1.500000000000000e+00	9.620523270010143e+00
1.500000000000000e+00	9.644056985847278e+00
1.500000000000000e+00	9.620938081823420e+00
1.500000000000000e+00	9.629041640459517e+00
1.500000000000000e+00	9.627471691764370e+00
1.500000000000000e+00	9.710053605432314e+00
1.500000000000000e+00	9.572513190256990e+00
1.500000000000000e+00	9.628095499396247e+00
1.500000000000000e+00	9.602908558502159e+00
1.500000000000000e+00	9.671635461020637e+00
1.500000000000000e+00	9.753768917138437e+00
1.500000000000000e+00	9.533166556479994e+00
1.500000000000000e+00	9.691281663268931e+00
1.500000000000000e+00	9.754712190638934e+00
1.500000000000000e+00	9.681669374790093e+00
1.500000000000000e+00	9.727882284393875e+00
1.500000000000000e+00	9.653830249714105e+00
1.500000000000000e+00	9.629464202392573e+00
1.500000000000000e+00	9.751908716091968e+00
1.500000000000000e+00	9.898173634858777e+00
1.500000000000000e+00	9.628700195533700e+00
1.500000000000000e+00	9.638375450766437e+00
1.500000000000000e+00	9.660976532718824e+00
1.500000000000000e+00	9.691810636287045e+00
1.500000000000000e+00	9.665826659462155e+00
1.500000000000000e+00	9.841920974749023e+00
1.500000000000000e+00	9.724290500674785e+00
1.500000000000000e+00	9.661541807667703e+00
1.500000000000000e+00	9.787506313649450e+00
1.500000000000000e+00	9.812265345767244e+00
1.500000000000000e+00	9.710004832109979e+00
1.500000000000000e+00	9.592886645010331e+00
1.500000000000000e+00	9.634779167341145e+00
1.500000000000000e+00	9.523072257921001e+00
1.500000000000000e+00	9.610463852568385e+00
1.500000000000000e+00	9.605035670480309e+00
1.500000000000000e+00	9.593083867918828e+00
1.500000000000000e+00	9.622500098989640e+00
1.500000000000000e+00	9.797561340775207e+00
1.500000000000000e+00	9.649900496150437e+00
1.500000000000000e+00	9.714104194991933e+00
1.500000000000000e+00	9.591144420299980e+00
1.500000000000000e+00	9.587907878764643e+00
1.500000000000000e+00	9.592244715475610e+00
1.500000000000000e+00	9.517518996032395e+00
1.500000000000000e+00	9.545894640406900e+00
1.500000000000000e+00	9.714221000866363e+00
1.500000000000000e+00	9.526884890871546e+00
1.500000000000000e+00	9.738335468939596e+00
1.500000000000000e+00	9.610076834351224e+00
1.500000000000000e+00	9.483881451145180e+00
1.500000000000000e+00	9.520815150386710e+00
1.500000000000000e+00	9.611321678482039e+00
1.500000000000000e+00	9.609714149335488e+00
1.500000000000000e+00	9.597937171254443e+00
1.500000000000000e+00	9.716447966193652e+00
1.500000000000000e+00	9.750676695807279e+00
1.500000000000000e+00	9.687301841648935e+00
1.500000000000000e+00	9.693097843586497e+00
1.500000000000000e+00	9.775650562606746e+00
1.500000000000000e+00	9.633333771136448e+00
1.500000000000000e+00	9.686479640668106e+00
1.500000000000000e+00	9.677934822237242e+00
1.500000000000000e+00	9.552121921511041e+00
1.500000000000000e+00	9.564800352107810e+00
1.500000000000000e+00	9.698926087290294e+00
1.500000000000000e+00	9.479693226721981e+00
1.500000000000000e+00	9.539418532695844e+00
1.500000000000000e+00	9.707767953071578e+00
1.500000000000000e+00	9.694830787842321e+00
1.500000000000000e+00	9.602801279378314e+00
1.500000000000000e+00	9.576992232847873e+00
1.500000000000000e+00	9.694887454513452e+00
1.500000000000000e+00	9.516928789882346e+00
1.500000000000000e+00	9.582788353353987e+00
1.500000000000000e+00	9.600913315094258e+00
1.500000000000000e+00	9.551500620222845e+00
1.500000000000000e+00	9.592789609158142e+00
1.500000000000000e+00	9.380410376833638e+00
1.500000000000000e+00	9.727753361691684e+00
1.500000000000000e+00	9.511867530004361e+00
1.500000000000000e+00	9.780041642545136e+00
1.500000000000000e+00	9.875397413309823e+00
1.500000000000000e+00	9.751015572755232e+00
1.500000000000000e+00	9.626098150954769e+00
1.500000000000000e+00	9.669077216511777e+00
1.500000000000000e+00	9.668778019035805e+00
1.500000000000000e+00	9.715705039710880e+00
1.500000000000000e+00	9.661318210957820e+00
1.500000000000000e+00	9.562115203266552e+00
1.500000000000000e+00	9.706741879572181e+00
1.500000000000000e+00	9.625247679152682e+00
1.500000000000000e+00	9.498150464151630e+00
1.500000000000000e+00	9.582658824565545e+00
1.500000000000000e+00	9.688331302097192e+00
1.500000000000000e+00	9.671655009158361e+00
1.500000000000000e+00	9.678598141302736e+00
1.500000000000000e+00	9.539179611933324e+00
1.500000000000000e+00	9.539346967814549e+00
1.500000000000000e+00	9.730172775533127e+00
1.500000000000000e+00	9.573573270263276e+00
1.500000000000000e+00	9.766873269548828e+00
1.500000000000000e+00	9.672420364107127e+00
1.500000000000000e+00	9.656257760514386e+00
1.500000000000000e+00	9.497170164074337e+00
1.500000000000000e+00	9.617329758633463e+00
1.500000000000000e+00	9.501767625343273e+00
1.500000000000000e+00	9.857404211762663e+00
1.500000000000000e+00	9.542866510900886e+00
1.500000000000000e+00	9.761601026022195e+00
1.500000000000000e+00	9.598529033772035e+00
1.500000000000000e+00	9.800467792840765e+00
1.500000000000000e+00	9.743531883472420e+00
1.500000000000000e+00	9.584260517968437e+00
1.500000000000000e+00	9.565403126294418e+00
1.500000000000000e+00	9.462111134414076e+00
1.500000000000000e+00	9.614499530708802e+00
1.500000000000000e+00	9.662756135589769e+00
1.500000000000000e+00	9.502640011804887e+00
1.500000000000000e+00	9.569804771650205e+00
1.500000000000000e+00	9.680289741421353e+00
1.500000000000000e+00	9.608830200491884e+00
1.500000000000000e+00	9.484630486534341e+00
1.500000000000000e+00	9.876842300887233e+00
1.500000000000000e+00	9.686765115425390e+00
1.500000000000000e+00	9.567815100787655e+00
1.500000000000000e+00	9.639682577792842e+00
1.500000000000000e+00	9.600854624981460e+00
1.500000000000000e+00	9.531878352853029e+00
1.500000000000000e+00	9.460232895471965e+00
1.500000000000000e+00	9.563925866695802e+00
1.500000000000000e+00	9.683577894585408e+00
1.500000000000000e+00	9.646047774005627e+00
1.500000000000000e+00	9.590598979378434e+00
1.500000000000000e+00	9.507224817667009e+00
1.500000000000000e+00	9.499365418466327e+00
1.500000000000000e+00	9.692696919144677e+00
1.500000000000000e+00	9.692985360982728e+00
1.500000000000000e+00	9.778878513687197e+00
1.500000000000000e+00	9.742390676845478e+00
1.500000000000000e+00	9.783558544955671e+00
1.500000000000000e+00	9.560209326009259e+00
1.500000000000000e+00	9.716298238866031e+00
1.500000000000000e+00	9.600645229445661e+00
1.500000000000000e+00	9.629466910506107e+00
1.500000000000000e+00	9.663369236310063e+00
1.500000000000000e+00	9.555488197302356e+00
1.500000000000000e+00	9.756193190700236e+00
1.500000000000000e+00	9.384559457731342e+00
1.500000000000000e+00	9.661413095252623e+00
1.500000000000000e+00	9.715587828480164e+00
1.500000000000000e+00	9.697101497525901e+00
1.500000000000000e+00	9.735169118781741e+00
1.500000000000000e+00	9.606213316926898e+00
1.500000000000000e+00	9.515379535362031e+00
1.500000000000000e+00	9.550834675538450e+00
1.500000000000000e+00	9.698521137359691e+00
1.500000000000000e+00	9.660357352086439e+00
1.500000000000000e+00	9.631259121623973e+00
1.500000000000000e+00	9.640833674520996e+00
1.500000000000000e+00	9.438082191677415e+00
1.500000000000000e+00	9.842018215451310e+00
1.500000000000000e+00	9.535199229679080e+00
1.500000000000000e+00	9.566273754710746e+00
1.500000000000000e+00	9.670681700259596e+00
1.500000000000000e+00	9.737980604142995e+00
1.500000000000000e+00	9.792214344588952e+00
1.500000000000000e+00	9.623310183388648e+00
1.500000000000000e+00	9.555490355811816e+00
1.500000000000000e+00	9.534638618256526e+00
1.500000000000000e+00	9.626169397039108e+00
1.500000000000000e+00	9.369844351434558e+00
1.500000000000000e+00	9.652829529522499e+00
1.500000000000000e+00	9.810297524428355e+00
1.500000000000000e+00	9.662935079948351e+00
1.500000000000000e+00	9.652983064693187e+00
1.500000000000000e+00	9.456393836041430e+00
1.500000000000000e+00	9.705937371935239e+00
1.500000000000000e+00	9.461653204955883e+00
1.500000000000000e+00	9.611430079065313e+00
1.500000000000000e+00	9.777893553975012e+00
1.500000000000000e+00	9.751706232582151e+00
1.500000000000000e+00	9.691609911893147e+00
1.500000000000000e+00	9.574537121271710e+00
1.500000000000000e+00	9.682447904160945e+00
1.500000000000000e+00	9.529953841338212e+00
1.500000000000000e+00	9.697872793036675e+00
1.500000000000000e+00	9.589113226170983e+00
1.500000000000000e+00	9.642592148394364e+00
1.500000000000000e+00	9.691344420346400e+00
1.500000000000000e+00	9.724761338923610e+00
1.500000000000000e+00	9.609664808266041e+00
1.500000000000000e+00	9.568178440092741e+00
1.500000000000000e+00	9.754459085192416e+00
1.500000000000000e+00	9.614288100910311e+00
1.500000000000000e+00	9.712653563411266e+00
1.500000000000000e+00	9.496938975579333e+00
1.500000000000000e+00	9.633015793335224e+00
1.500000000000000e+00	9.659385475099153e+00
1.500000000000000e+00	9.660865795524096e+00
1.500000000000000e+00	9.673499441927881e+00
1.500000000000000e+00	9.430854410117583e+00
1.500000000000000e+00	9.557704252433959e+00
1.500000000000000e+00	9.607050039928369e+00
1.500000000000000e+00	9.610056313780447e+00
1.500000000000000e+00	9.711492736412101e+00
1.500000000000000e+00	9.719346750077346e+00
1.500000000000000e+00	9.693041940495640e+00
1.500000000000000e+00	9.611709852741123e+00
1.500000000000000e+00	9.526747260429813e+00
1.500000000000000e+00	9.613651697836030e+00
1.500000000000000e+00	9.702483896490316e+00
1.500000000000000e+00	9.736258957655222e+00
1.500000000000000e+00	9.654713192988032e+00
1.500000000000000e+00	9.613710620348424e+00
1.500000000000000e+00	9.737498797508231e+00
1.500000000000000e+00	9.383551697318975e+00
1.500000000000000e+00	9.587648428508773e+00
1.500000000000000e+00	9.504548240870070e+00
1.500000000000000e+00	9.715273761673053e+00
1.500000000000000e+00	9.572385997308416e+00
1.500000000000000e+00	9.456287839622998e+00
1.500000000000000e+00	9.511623268378852e+00
1.500000000000000e+00	9.749122585838641e+00
1.500000000000000e+00	9.706004160348591e+00
1.500000000000000e+00	9.632093169875077e+00
1.500000000000000e+00	9.664031504147630e+00
1.500000000000000e+00	9.583316509349679e+00
1.500000000000000e+00	9.635211170832122e+00
1.500000000000000e+00	9.652175585389541e+00
1.500000000000000e+00	9.554305647608402e+00
1.500000000000000e+00	9.462170553897305e+00
1.500000000000000e+00	9.637212832120671e+00
1.500000000000000e+00	9.496263325171061e+00
1.500000000000000e+00	9.635159282344874e+00
1.500000000000000e+00	9.692021820796990e+00
1.500000000000000e+00	9.586368391475080e+00
1.500000000000000e+00	9.700410118393862e+00
1.500000000000000e+00	9.683872883010910e+00
1.500000000000000e+00	9.678799357809865e+00
1.500000000000000e+00	9.657397354807976e+00
1.500000000000000e+00	9.483228801290625e+00
1.500000000000000e+00	9.618503254672639e+00
1.500000000000000e+00	9.673779377377553e+00
1.500000000000000e+00	9.607704578898817e+00
1.500000000000000e+00	9.364053430271550e+00
1.500000000000000e+00	9.629707170929144e+00
1.500000000000000e+00	9.672937303826059e+00
1.500000000000000e+00	9.724803908750864e+00
1.500000000000000e+00	9.406008406998263e+00
1.500000000000000e+00	9.684314173241411e+00
1.500000000000000e+00	9.646475987853925e+00
1.500000000000000e+00	9.573513166894303e+00
1.500000000000000e+00	9.625338677964550e+00
1.500000000000000e+00	9.912006788935336e+00
1.500000000000000e+00	9.699487696184281e+00
1.500000000000000e+00	9.600547403649655e+00
1.500000000000000e+00	9.555724412445141e+00
1.500000000000000e+00	9.575262275369198e+00
1.500000000000000e+00	9.483477286448549e+00
1.500000000000000e+00	9.562824460475571e+00
1.500000000000000e+00	9.651073400737820e+00
1.500000000000000e+00	9.422854753191960e+00
1.500000000000000e+00	9.609751087405703e+00
1.500000000000000e+00	9.649546964707698e+00
1.500000000000000e+00	9.684148803443286e+00
1.500000000000000e+00	9.735596977263565e+00
1.500000000000000e+00	9.669380720246867e+00
1.500000000000000e+00	9.791847631698850e+00
1.500000000000000e+00	9.654030789024826e+00
1.500000000000000e+00	9.624895323373732e+00
1.500000000000000e+00	9.644674004616592e+00
1.500000000000000e+00	9.803047696802761e+00
1.500000000000000e+00	9.558117658524857e+00
1.500000000000000e+00	9.724392276190866e+00
1.500000000000000e+00	9.720085126595214e+00
1.500000000000000e+00	9.597470901914798e+00
1.500000000000000e+00	9.697527626178484e+00
1.500000000000000e+00	9.695984511917894e+00
1.500000000000000e+00	9.468396026985483e+00
1.500000000000000e+00	9.519067813649556e+00
1.500000000000000e+00	9.733214878851250e+00
1.500000000000000e+00	9.700976220556200e+00
1.500000000000000e+00	9.569893628725119e+00
1.500000000000000e+00	9.545370017570393e+00
1.500000000000000e+00	9.577420344868365e+00
1.500000000000000e+00	9.539382116721422e+00
1.500000000000000e+00	9.659560402292779e+00
1.500000000000000e+00	9.523305386680544e+00
1.500000000000000e+00	9.504244677050298e+00
1.500000000000000e+00	9.436469861882369e+00
1.500000000000000e+00	9.622523150795807e+00
1.500000000000000e+00	9.574032552156122e+00
1.500000000000000e+00	9.565664824939976e+00
1.500000000000000e+00	9.602757095663954e+00
1.500000000000000e+00	9.526065614086534e+00
1.500000000000000e+00	9.539947421975793e+00
1.500000000000000e+00	9.653647383429922e+00
1.500000000000000e+00	9.657958098985610e+00
1.500000000000000e+00	9.688996909451028e+00
1.500000000000000e+00	9.599034228106486e+00
1.500000000000000e+00	9.576984613177816e+00
1.500000000000000e+00	9.621089576302490e+00
1.500000000000000e+00	9.650408898288664e+00
1.500000000000000e+00	9.696507167094701e+00
1.500000000000000e+00	9.706427220593145e+00
1.500000000000000e+00	9.648418988939792e+00
1.500000000000000e+00	9.759319069614277e+00
1.500000000000000e+00	9.576703559157156e+00
1.500000000000000e+00	9.752083611871985e+00
1.500000000000000e+00	9.468675721266607e+00
1.500000000000000e+00	9.653588352265983e+00
1.500000000000000e+00	9.778537815343659e+00
1.500000000000000e+00	9.666389617066951e+00
1.500000000000000e+00	9.501908874032351e+00
1.500000000000000e+00	9.728825765520398e+00
1.500000000000000e+00	9.412660767640933e+00
1.500000000000000e+00	9.709482455741096e+00
1.500000000000000e+00	9.729938771394041e+00
1.500000000000000e+00	9.590998564503787e+00
1.500000000000000e+00	9.579517961388776e+00
1.500000000000000e+00	9.606667263309980e+00
1.500000000000000e+00	9.576145315881408e+00
1.500000000000000e+00	9.422556838255908e+00
1.500000000000000e+00	9.704900406885846e+00
1.500000000000000e+00	9.664351271208480e+00
1.500000000000000e+00	9.502534133597985e+00
1.500000000000000e+00	9.805245927108938e+00
1.500000000000000e+00	9.589308708235089e+00
1.500000000000000e+00	9.438282352231777e+00
1.500000000000000e+00	9.493161383045477e+00
1.500000000000000e+00	9.521478374518875e+00
1.500000000000000e+00	9.451489949586858e+00
1.500000000000000e+00	9.639607820836789e+00
1.500000000000000e+00	9.649792378448161e+00
1.500000000000000e+00	9.618255601292676e+00
1.500000000000000e+00	9.647154969708961e+00
1.500000000000000e+00	9.886964092159038e+00
1.500000000000000e+00	9.741731243556035e+00
1.500000000000000e+00	9.513240929390092e+00
1.500000000000000e+00	9.631479213541240e+00
1.500000000000000e+00	9.683805789427012e+00
1.500000000000000e+00	9.477666077862883e+00
1.500000000000000e+00	9.647168525304982e+00
1.500000000000000e+00	9.814961243733467e+00
1.500000000000000e+00	9.630260262408376e+00
1.500000000000000e+00	9.779920356731525e+00
1.500000000000000e+00	9.828043171925598e+00
1.500000000000000e+00	9.645965577578075e+00
1.500000000000000e+00	9.489449293951997e+00
1.500000000000000e+00	9.487594372938503e+00
1.500000000000000e+00	9.653134670455682e+00
1.500000000000000e+00	9.748237702992769e+00
1.500000000000000e+00	9.606382836501902e+00
1.500000000000000e+00	9.580399195530324e+00
1.500000000000000e+00	9.583018985631059e+00
1.500000000000000e+00	9.581725719591805e+00
1.500000000000000e+00	9.592161698213058e+00
1.500000000000000e+00	9.664341958312731e+00
1.500000000000000e+00	9.544792046442980e+00
1.500000000000000e+00	9.659067297639565e+00
1.500000000000000e+00	9.683675132589471e+00
1.500000000000000e+00	9.562312550321929e+00
1.500000000000000e+00	9.679379895038497e+00
1.500000000000000e+00	9.521198878817458e+00
1.500000000000000e+00	9.761943655197966e+00
1.500000000000000e+00	9.655607686168725e+00
1.500000000000000e+00	9.721243616322203e+00
1.500000000000000e+00	9.621451488881528e+00
1.500000000000000e+00	9.624110067022000e+00
1.500000000000000e+00	9.701983174335972e+00
1.500000000000000e+00	9.499220911291067e+00
1.500000000000000e+00	9.629880225710775e+00
1.500000000000000e+00	9.684190337554284e+00
1.500000000000000e+00	9.708668901052643e+00
1.500000000000000e+00	9.639040791006755e+00
1.500000000000000e+00	9.807272030941927e+00
1.500000000000000e+00	9.618036692682768e+00
1.500000000000000e+00	9.541487520439993e+00
1.500000000000000e+00	9.500976858282741e+00
1.500000000000000e+00	9.494501528328520e+00
1.500000000000000e+00	9.621635059618812e+00
1.500000000000000e+00	9.475025006071053e+00
1.500000000000000e+00	9.585450905561709e+00
1.500000000000000e+00	9.734491759675054e+00
1.500000000000000e+00	9.666540056138134e+00
1.500000000000000e+00	9.636839013667245e+00
1.500000000000000e+00	9.654735578071236e+00
1.500000000000000e+00	9.624940219922124e+00
1.500000000000000e+00	9.460458407946764e+00
1.500000000000000e+00	9.601906350274977e+00
1.500000000000000e+00	9.537752982357844e+00
1.500000000000000e+00	9.721220888048862e+00
1.500000000000000e+00	9.628399171159973e+00
1.500000000000000e+00	9.691702340564543e+00
1.500000000000000e+00	9.616745897355505e+00
1.500000000000000e+00	9.495386450715955e+00
1.500000000000000e+00	9.551593336783045e+00
1.500000000000000e+00	9.822615712748748e+00
1.500000000000000e+00	9.700365492968910e+00
1.500000000000000e+00	9.563995844640592e+00
1.500000000000000e+00	9.424517780548928e+00
1.500000000000000e+00	9.614935359766102e+00
1.500000000000000e+00	9.600271594788303e+00
1.500000000000000e+00	9.766412031223094e+00
1.500000000000000e+00	9.690751640629184e+00
1.500000000000000e+00	9.672419104426140e+00
1.500000000000000e+00	9.764313737418041e+00
1.500000000000000e+00	9.694269725235289e+00
1.500000000000000e+00	9.613581299007695e+00
1.500000000000000e+00	9.703441565351802e+00
1.500000000000000e+00	9.808007441560544e+00
1.500000000000000e+00	9.715803724325074e+00
1.500000000000000e+00	9.542639992947180e+00
1.500000000000000e+00	9.742116462630268e+00
1.500000000000000e+00	9.653652751582722e+00
1.500000000000000e+00	9.698817597165490e+00
1.500000000000000e+00	9.767909192901872e+00
1.500000000000000e+00	9.587614498885600e+00
1.500000000000000e+00	9.698415258737061e+00
1.500000000000000e+00	9.604219333011528e+00
1.500000000000000e+00	9.546005086348259e+00
1.500000000000000e+00	9.435503210979423e+00
1.500000000000000e+00	9.668598380180464e+00
1.500000000000000e+00	9.683554842794139e+00
1.500000000000000e+00	9.867119929246220e+00
1.500000000000000e+00	9.744176533490666e+00
1.500000000000000e+00	9.637169802077663e+00
1.500000000000000e+00	9.502337303046433e+00
1.500000000000000e+00	9.671369198554462e+00
1.500000000000000e+00	9.527268850041239e+00
1.500000000000000e+00	9.705385876205268e+00
1.500000000000000e+00	9.551557198828696e+00
1.500000000000000e+00	9.586562833750801e+00
1.500000000000000e+00	9.515013435478545e+00
1.500000000000000e+00	9.483895431900390e+00
1.500000000000000e+00	9.689459347000733e+00
1.500000000000000e+00	9.859142568625732e+00
1.500000000000000e+00	9.749444882425438e+00
1.500000000000000e+00	9.815336353436514e+00
1.500000000000000e+00	9.590597964527181e+00
1.500000000000000e+00	9.795958715038953e+00
1.500000000000000e+00	9.567845767025705e+00
1.500000000000000e+00	9.514900619074041e+00
1.500000000000000e+00	9.828503460359871e+00
1.500000000000000e+00	9.662593199220275e+00
1.500000000000000e+00	9.734388317347006e+00
1.500000000000000e+00	9.764610654834209e+00
1.500000000000000e+00	9.697041335378803e+00
1.500000000000000e+00	9.613147921653329e+00
1.500000000000000e+00	9.783997800053729e+00
1.500000000000000e+00	9.626143177044124e+00
1.500000000000000e+00	9.705736138250888e+00
1.500000000000000e+00	9.585213024638691e+00
1.500000000000000e+00	9.510763023803756e+00
1.500000000000000e+00	9.600623837991616e+00
1.500000000000000e+00	9.490687253281209e+00
1.500000000000000e+00	9.760976183241732e+00
1.500000000000000e+00	9.688213470800958e+00
1.500000000000000e+00	9.606064112905822e+00
1.500000000000000e+00	9.403158040134237e+00
1.500000000000000e+00	9.626561871211669e+00
1.500000000000000e+00	9.674873930439244e+00
1.500000000000000e+00	9.407804646631217e+00
1.500000000000000e+00	9.661296006009596e+00
1.500000000000000e+00	9.697143193009367e+00
1.500000000000000e+00	9.622712494134243e+00
1.500000000000000e+00	9.599624294336069e+00
1.500000000000000e+00	9.560725950776558e+00
1.500000000000000e+00	9.736559356465232e+00
1.500000000000000e+00	9.502467601561563e+00
1.500000000000000e+00	9.638889465884256e+00
1.500000000000000e+00	9.752699826870431e+00
1.500000000000000e+00	9.795187218428769e+00
1.500000000000000e+00	9.717968382074023e+00
1.500000000000000e+00	9.724156287490317e+00
1.500000000000000e+00	9.630309800148130e+00
1.500000000000000e+00	9.687507515432429e+00
1.500000000000000e+00	9.686432930323750e+00
1.500000000000000e+00	9.554941282894479e+00
1.500000000000000e+00	9.766486980804528e+00
1.500000000000000e+00	9.775927719575295e+00
1.500000000000000e+00	9.744319563962961e+00
1.500000000000000e+00	9.680773669930330e+00
1.500000000000000e+00	9.664861640872417e+00
1.500000000000000e+00	9.576155078640022e+00
1.500000000000000e+00	9.544189429999548e+00
1.500000000000000e+00	9.667122745749239e+00
1.500000000000000e+00	9.821802416782720e+00
1.500000000000000e+00	9.615313981009912e+00
1.500000000000000e+00	9.880733084180219e+00
1.500000000000000e+00	9.357715633186501e+00
1.500000000000000e+00	9.568149604618498e+00
1.500000000000000e+00	9.681066235589830e+00
1.500000000000000e+00	9.595058359155388e+00
1.500000000000000e+00	9.463397514270564e+00
1.500000000000000e+00	9.623695707447663e+00
1.500000000000000e+00	9.521604892979024e+00
1.500000000000000e+00	9.786816084531315e+00
1.500000000000000e+00	9.593845806937750e+00
1.500000000000000e+00	9.716392261956003e+00
1.500000000000000e+00	9.562122980975611e+00
1.500000000000000e+00	9.653224206112867e+00
1.500000000000000e+00	9.874063219533745e+00
1.500000000000000e+00	9.709542473988028e+00
1.500000000000000e+00	9.637281133641991e+00
1.500000000000000e+00	9.685866306536706e+00
1.500000000000000e+00	9.546071790461630e+00
1.500000000000000e+00	9.645799153076533e+00
1.500000000000000e+00	9.608449850538598e+00
1.500000000000000e+00	9.679603569918687e+00
1.500000000000000e+00	9.631649403430879e+00
1.500000000000000e+00	9.752650177229851e+00
1.500000000000000e+00	9.722618597646125e+00
1.500000000000000e+00	9.746766293636716e+00
1.500000000000000e+00	9.600587493579262e+00
1.500000000000000e+00	9.570038830568755e+00
1.500000000000000e+00	9.549348393222946e+00
1.500000000000000e+00	9.731022575953295e+00
1.500000000000000e+00	9.679836784193849e+00
1.500000000000000e+00	9.647326742381024e+00
1.500000000000000e+00	9.740453323011414e+00
1.500000000000000e+00	9.573140955380488e+00
1.500000000000000e+00	9.650167973802134e+00
1.500000000000000e+00	9.787816816901479e+00
1.500000000000000e+00	9.494499868778343e+00
1.500000000000000e+00	9.533581970639563e+00
1.500000000000000e+00	9.671969992997683e+00
1.500000000000000e+00	9.526027084034563e+00
1.500000000000000e+00	9.584303048522589e+00
1.500000000000000e+00	9.688347582229065e+00
1.500000000000000e+00	9.601451828828985e+00
1.500000000000000e+00	9.585351539366314e+00
1.500000000000000e+00	9.680588738814079e+00
1.500000000000000e+00	9.598784904491069e+00
1.500000000000000e+00	9.572709622480030e+00
1.500000000000000e+00	9.734056965443678e+00
1.500000000000000e+00	9.702459227413438e+00
1.500000000000000e+00	9.516842200876418e+00
1.500000000000000e+00	9.607507386614010e+00
1.500000000000000e+00	9.592635387768798e+00
1.500000000000000e+00	9.568801535772959e+00
1.500000000000000e+00	9.571899667572209e+00
1.500000000000000e+00	9.912473343491964e+00
1.500000000000000e+00	9.692682932097853e+00
1.500000000000000e+00	9.632967417595944e+00
1.500000000000000e+00	9.591445084372809e+00
1.500000000000000e+00	9.638109846187639e+00
1.500000000000000e+00	9.634718585368931e+00
1.500000000000000e+00	9.480710835914801e+00
1.500000000000000e+00	9.595811667725140e+00
1.500000000000000e+00	9.600421053630047e+00
1.500000000000000e+00	9.580341963588985e+00
1.500000000000000e+00	9.651639943397573e+00
1.500000000000000e+00	9.665315143920669e+00
1.500000000000000e+00	9.498532446490927e+00
1.500000000000000e+00	9.582572910776353e+00
1.500000000000000e+00	9.570381407312372e+00
1.500000000000000e+00	9.552124949620520e+00
1.500000000000000e+00	9.652396735086050e+00
1.500000000000000e+00	9.631360247137538e+00
1.500000000000000e+00	9.737415662049610e+00
1.500000000000000e+00	9.514763206299136e+00
1.500000000000000e+00	9.703227415321575e+00
1.500000000000000e+00	9.422285294624380e+00
1.500000000000000e+00	9.757777931388020e+00
1.500000000000000e+00	9.673409831482275e+00
1.500000000000000e+00	9.542546165231093e+00
1.500000000000000e+00	9.727009913668699e+00
1.500000000000000e+00	9.557034917442651e+00
1.500000000000000e+00	9.770812548616773e+00
1.500000000000000e+00	9.470812084538604e+00
1.500000000000000e+00	9.479193656660314e+00
1.500000000000000e+00	9.553994626542339e+00
1.500000000000000e+00	9.466040661299269e+00
1.500000000000000e+00	9.698264666083652e+00
1.500000000000000e+00	9.543242157568230e+00
1.500000000000000e+00	9.638041897602607e+00
1.500000000000000e+00	9.712869844236748e+00
1.500000000000000e+00	9.546876998107813e+00
1.500000000000000e+00	9.581757423829371e+00
1.500000000000000e+00	9.525689623759295e+00
1.500000000000000e+00	9.905359749900338e+00
1.500000000000000e+00	9.718423293989524e+00
1.500000000000000e+00	9.478824301920710e+00
1.500000000000000e+00	9.426777662442710e+00
1.500000000000000e+00	9.510089911541435e+00
1.500000000000000e+00	9.624080180801522e+00
1.500000000000000e+00	9.680839844222159e+00
1.500000000000000e+00	9.706066626753691e+00
1.500000000000000e+00	9.457757825825801e+00
1.500000000000000e+00	9.543685218432582e+00
1.500000000000000e+00	9.724931489157619e+00
1.500000000000000e+00	9.723891146953843e+00
1.500000000000000e+00	9.637491027773102e+00
1.500000000000000e+00	9.673642986922694e+00
1.500000000000000e+00	9.469925018585592e+00
1.500000000000000e+00	9.670847252956603e+00
1.500000000000000e+00	9.721891031467838e+00
1.500000000000000e+00	9.716430162693328e+00
1.500000000000000e+00	9.575303204094261e+00
1.500000000000000e+00	9.485531747423913e+00
1.500000000000000e+00	9.736561331440086e+00
1.500000000000000e+00	9.518453524525000e+00
1.500000000000000e+00	9.764765767239403e+00
1.500000000000000e+00	9.732093739945423e+00
1.500000000000000e+00	9.763210184570212e+00
1.500000000000000e+00	9.826711982464253e+00
1.500000000000000e+00	9.694131906228366e+00
1.500000000000000e+00	9.474791618409521e+00
1.500000000000000e+00	9.613394183382328e+00
1.500000000000000e+00	9.756982084399286e+00
1.500000000000000e+00	9.640727400920881e+00
1.500000000000000e+00	9.750615855682920e+00
1.500000000000000e+00	9.604203183823365e+00
1.500000000000000e+00	9.532115922462808e+00
1.500000000000000e+00	9.525372967999528e+00
1.500000000000000e+00	9.502555769170389e+00
1.500000000000000e+00	9.726870914191824e+00
1.500000000000000e+00	9.339247774166598e+00
1.500000000000000e+00	9.578348253414676e+00
1.500000000000000e+00	9.694540443402254e+00
1.500000000000000e+00	9.680521577616464e+00
1.500000000000000e+00	9.632284138540440e+00
1.500000000000000e+00	9.591002941887195e+00
1.500000000000000e+00	9.694871553175563e+00
1.500000000000000e+00	9.601069547041156e+00
1.500000000000000e+00	9.621302028755053e+00
1.500000000000000e+00	9.673484753805447e+00
1.500000000000000e+00	9.722984332342275e+00
1.500000000000000e+00	9.679885921021034e+00
1.500000000000000e+00	9.766611151670046e+00
1.500000000000000e+00	9.641928062102217e+00
1.500000000000000e+00	9.707260043698366e+00
1.500000000000000e+00	9.466022976214376e+00
1.500000000000000e+00	9.714782060891938e+00
1.500000000000000e+00	9.668147789457148e+00
1.500000000000000e+00	9.766907552945108e+00
1.500000000000000e+00	9.510732646936972e+00
1.500000000000000e+00	9.505240369189405e+00
1.500000000000000e+00	9.482027821539365e+00
1.500000000000000e+00	9.616635037422437e+00
1.500000000000000e+00	9.488034985669401e+00
1.500000000000000e+00	9.621301768825868e+00
1.500000000000000e+00	9.660620946581309e+00
1.500000000000000e+00	9.623647405651813e+00
1.500000000000000e+00	9.687788432488084e+00
1.500000000000000e+00	9.684399081321015e+00
1.500000000000000e+00	9.695348769395826e+00
1.500000000000000e+00	9.718539180209490e+00
1.500000000000000e+00	9.711869646367919e+00
1.500000000000000e+00	9.646000548810875e+00
1.500000000000000e+00	9.655539984353462e+00
1.500000000000000e+00	9.695149606743980e+00
1.500000000000000e+00	9.635578454816262e+00
1.500000000000000e+00	9.521543878378079e+00
1.500000000000000e+00	9.610172018933799e+00
1.500000000000000e+00	9.848692604073108e+00
1.500000000000000e+00	9.601528738595183e+00
1.500000000000000e+00	9.790201184227747e+00
1.500000000000000e+00	9.555772386179640e+00
1.500000000000000e+00	9.666936095575046e+00
1.500000000000000e+00	9.601048169717407e+00
1.500000000000000e+00	9.764392829512175e+00
1.500000000000000e+00	9.741131472786392e+00
1.500000000000000e+00	9.579051722703873e+00
1.500000000000000e+00	9.681282787921983e+00
1.500000000000000e+00	9.625991982275709e+00
1.500000000000000e+00	9.523723407816853e+00
