1.650000000000000e+00	3.143647509614958e-01
1.650000000000000e+00	3.152909413261215e-01
1.650000000000000e+00	3.102789095332740e-01
1.650000000000000e+00	3.159859207002558e-01
1.650000000000000e+00	3.157660450101443e-01
1.650000000000000e+00	3.101479081526249e-01
1.650000000000000e+00	3.472966676288956e-01
1.650000000000000e+00	3.040505288978905e-01
1.650000000000000e+00	3.526148347373786e-01
1.650000000000000e+00	2.683539214204723e-01
1.650000000000000e+00	2.829214905593316e-01
1.650000000000000e+00	2.716808231814876e-01
1.650000000000000e+00	3.309495022777439e-01
1.650000000000000e+00	3.138965427505180e-01
1.650000000000000e+00	2.341714427746314e-01
1.650000000000000e+00	3.352720749720501e-01
1.650000000000000e+00	3.418964524869655e-01
1.650000000000000e+00	3.187369900130798e-01
1.650000000000000e+00	3.083939648209281e-01
1.650000000000000e+00	3.102624651921868e-01
1.650000000000000e+00	2.824358218459005e-01
1.650000000000000e+00	3.182240079648048e-01
1.650000000000000e+00	3.247870651468097e-01
1.650000000000000e+00	3.078548514427430e-01
1.650000000000000e+00	2.821389268175115e-01
1.650000000000000e+00	2.956912015216683e-01
1.650000000000000e+00	2.862970398394460e-01
1.650000000000000e+00	3.327165755517398e-01
1.650000000000000e+00	3.581908123822225e-01
1.650000000000000e+00	3.367354941946734e-01
1.650000000000000e+00	3.193240266511094e-01
1.650000000000000e+00	3.389527881412549e-01
1.650000000000000e+00	2.767803494234767e-01
1.650000000000000e+00	3.561732155008410e-01
1.650000000000000e+00	2.872030307751638e-01
1.650000000000000e+00	2.868004244624721e-01
1.650000000000000e+00	2.789373406895226e-01
1.650000000000000e+00	3.426411838759160e-01
1.650000000000000e+00	2.934636769140070e-01
1.650000000000000e+00	2.575833274081105e-01
1.650000000000000e+00	2.734494366132164e-01
1.650000000000000e+00	3.320906859854336e-01
1.650000000000000e+00	2.986890631840428e-01
1.650000000000000e+00	2.818666171858404e-01
1.650000000000000e+00	3.334014266947113e-01
1.650000000000000e+00	3.546838766274867e-01
1.650000000000000e+00	3.298792123190198e-01
1.650000000000000e+00	3.230741187519375e-01
1.650000000000000e+00	2.736687278544066e-01
1.650000000000000e+00	3.095813647255163e-01
1.650000000000000e+00	3.047485186541338e-01
1.650000000000000e+00	2.732172552839551e-01
1.650000000000000e+00	2.915698860301507e-01
1.650000000000000e+00	3.473037938045042e-01
1.650000000000000e+00	3.308272515755783e-01
1.650000000000000e+00	3.101267663814142e-01
1.650000000000000e+00	3.037365559449111e-01
1.650000000000000e+00	3.383546666813492e-01
1.650000000000000e+00	2.887309188443667e-01
1.650000000000000e+00	3.179131913692790e-01
1.650000000000000e+00	2.587402272052479e-01
1.650000000000000e+00	2.800122234765445e-01
1.650000000000000e+00	3.222353835291636e-01
1.650000000000000e+00	3.123201613705751e-01
1.650000000000000e+00	3.394354098110225e-01
1.650000000000000e+00	2.812362306372074e-01
1.650000000000000e+00	2.923446775268804e-01
1.650000000000000e+00	2.986627419331448e-01
1.650000000000000e+00	3.091267747510986e-01
1.650000000000000e+00	3.238762356448989e-01
1.650000000000000e+00	2.972073260605970e-01
1.650000000000000e+00	3.088495309233324e-01
1.650000000000000e+00	2.840532393801173e-01
1.650000000000000e+00	3.041577480755936e-01
1.650000000000000e+00	3.106762684675681e-01
1.650000000000000e+00	3.391025216571288e-01
1.650000000000000e+00	2.679940778734295e-01
1.650000000000000e+00	3.064388350797841e-01
1.650000000000000e+00	2.998532300308024e-01
1.650000000000000e+00	2.726289461173550e-01
1.650000000000000e+00	3.128909602018887e-01
1.650000000000000e+00	3.364486691462215e-01
1.650000000000000e+00	3.292034923466627e-01
1.650000000000000e+00	3.022044410139039e-01
1.650000000000000e+00	3.146379639540172e-01
1.650000000000000e+00	3.430897102218564e-01
1.650000000000000e+00	2.872075269993274e-01
1.650000000000000e+00	3.146722434312548e-01
1.650000000000000e+00	3.172795916071529e-01
1.650000000000000e+00	3.271411329074134e-01
1.650000000000000e+00	3.291379774948197e-01
1.650000000000000e+00	2.931989181782143e-01
1.650000000000000e+00	3.414884361949274e-01
1.650000000000000e+00	2.621497879394251e-01
1.650000000000000e+00	3.047873437431914e-01
1.650000000000000e+00	2.917973334919921e-01
1.650000000000000e+00	2.952920299528644e-01
1.650000000000000e+00	3.182225282281698e-01
1.650000000000000e+00	2.973281036663900e-01
1.650000000000000e+00	2.883205536942907e-01
1.650000000000000e+00	3.406355124169662e-01
1.650000000000000e+00	3.086608114966602e-01
1.650000000000000e+00	2.832261482585111e-01
1.650000000000000e+00	2.833677767864278e-01
1.650000000000000e+00	3.162719514890512e-01
1.650000000000000e+00	3.303037024005548e-01
1.650000000000000e+00	3.329239032189040e-01
1.650000000000000e+00	3.373459739115868e-01
1.650000000000000e+00	2.594779262231439e-01
1.650000000000000e+00	2.846175593502159e-01
1.650000000000000e+00	2.834451608821283e-01
1.650000000000000e+00	2.959748200638714e-01
1.650000000000000e+00	3.073766350282770e-01
1.650000000000000e+00	2.492858334812336e-01
1.650000000000000e+00	3.075124130818278e-01
1.650000000000000e+00	3.361915700591416e-01
1.650000000000000e+00	3.206789876303881e-01
1.650000000000000e+00	2.862726013088211e-01
1.650000000000000e+00	3.610704198416096e-01
1.650000000000000e+00	3.606282676265510e-01
1.650000000000000e+00	3.101434644036349e-01
1.650000000000000e+00	3.279581364616577e-01
1.650000000000000e+00	2.986478215831915e-01
1.650000000000000e+00	2.907526628953224e-01
1.650000000000000e+00	2.869450610176902e-01
1.650000000000000e+00	3.365649994575772e-01
1.650000000000000e+00	3.286140827540045e-01
1.650000000000000e+00	3.312001314027691e-01
1.650000000000000e+00	3.003766946846493e-01
1.650000000000000e+00	3.061205428831635e-01
1.650000000000000e+00	2.988395086384941e-01
1.650000000000000e+00	2.850783600882559e-01
1.650000000000000e+00	3.326056653298627e-01
1.650000000000000e+00	3.190070071381932e-01
1.650000000000000e+00	3.481260241199989e-01
1.650000000000000e+00	3.372616938621214e-01
1.650000000000000e+00	3.280109739985098e-01
1.650000000000000e+00	2.934176305841900e-01
1.650000000000000e+00	3.260803976279107e-01
1.650000000000000e+00	3.161559264376066e-01
1.650000000000000e+00	3.183698194701661e-01
1.650000000000000e+00	3.194847974737808e-01
1.650000000000000e+00	3.168018215003066e-01
1.650000000000000e+00	3.221892290230836e-01
1.650000000000000e+00	3.054741964360042e-01
1.650000000000000e+00	3.585445426344452e-01
1.650000000000000e+00	3.298187816297791e-01
1.650000000000000e+00	2.948533327796369e-01
1.650000000000000e+00	3.295617466136948e-01
1.650000000000000e+00	3.085916484899739e-01
1.650000000000000e+00	3.013452326770287e-01
1.650000000000000e+00	2.853434291337172e-01
1.650000000000000e+00	3.170907757767185e-01
1.650000000000000e+00	3.106764542571566e-01
1.650000000000000e+00	3.013939489744188e-01
1.650000000000000e+00	2.729501317672542e-01
1.650000000000000e+00	3.019343994653282e-01
1.650000000000000e+00	3.184760854187046e-01
1.650000000000000e+00	3.759897118549815e-01
1.650000000000000e+00	2.854997400824889e-01
1.650000000000000e+00	2.754488422502011e-01
1.650000000000000e+00	3.149797868921434e-01
1.650000000000000e+00	3.285571730247299e-01
1.650000000000000e+00	3.304613347963716e-01
1.650000000000000e+00	3.522846951376591e-01
1.650000000000000e+00	3.701472180130508e-01
1.650000000000000e+00	3.636689022677550e-01
1.650000000000000e+00	3.192485762909243e-01
1.650000000000000e+00	2.860479543243701e-01
1.650000000000000e+00	3.085113947910741e-01
1.650000000000000e+00	2.925700390410463e-01
1.650000000000000e+00	3.131965910719291e-01
1.650000000000000e+00	2.972023655834361e-01
1.650000000000000e+00	3.184606648812536e-01
1.650000000000000e+00	2.855465355646419e-01
1.650000000000000e+00	3.242968798415071e-01
1.650000000000000e+00	3.182380416967429e-01
1.650000000000000e+00	3.154894639349191e-01
1.650000000000000e+00	3.189520583348239e-01
1.650000000000000e+00	2.761365421812315e-01
1.650000000000000e+00	3.100738842664540e-01
1.650000000000000e+00	3.088317255335040e-01
1.650000000000000e+00	3.347871345339948e-01
1.650000000000000e+00	2.954123311656531e-01
1.650000000000000e+00	2.898050964060036e-01
1.650000000000000e+00	2.853211542464558e-01
1.650000000000000e+00	3.113910153859724e-01
1.650000000000000e+00	3.171944932703651e-01
1.650000000000000e+00	3.247371803307214e-01
1.650000000000000e+00	2.945923140878690e-01
1.650000000000000e+00	3.058990016404700e-01
1.650000000000000e+00	3.138155136332108e-01
1.650000000000000e+00	3.318999835990697e-01
1.650000000000000e+00	2.853048766770470e-01
1.650000000000000e+00	2.716125821910700e-01
1.650000000000000e+00	3.007282421752344e-01
1.650000000000000e+00	2.745068664319913e-01
1.650000000000000e+00	2.545347184426887e-01
1.650000000000000e+00	2.966984028044879e-01
1.650000000000000e+00	3.091477442973337e-01
1.650000000000000e+00	2.936708547348948e-01
1.650000000000000e+00	3.030599095969105e-01
1.650000000000000e+00	3.123323209072248e-01
1.650000000000000e+00	3.017398801854003e-01
1.650000000000000e+00	3.445150964481315e-01
1.650000000000000e+00	2.736225819026920e-01
1.650000000000000e+00	3.125552950941264e-01
1.650000000000000e+00	3.028986579965872e-01
1.650000000000000e+00	2.760053909478257e-01
1.650000000000000e+00	2.961337009231597e-01
1.650000000000000e+00	3.252381471588269e-01
1.650000000000000e+00	2.966249038950430e-01
1.650000000000000e+00	2.976779321990621e-01
1.650000000000000e+00	2.697277963670363e-01
1.650000000000000e+00	2.772431504463019e-01
1.650000000000000e+00	3.321820094748774e-01
1.650000000000000e+00	3.408373706116842e-01
1.650000000000000e+00	3.104377597149787e-01
1.650000000000000e+00	3.369074514985537e-01
1.650000000000000e+00	3.084770957649888e-01
1.650000000000000e+00	3.398929882765177e-01
1.650000000000000e+00	3.523832321946882e-01
1.650000000000000e+00	3.109077840041226e-01
1.650000000000000e+00	3.077555807031568e-01
1.650000000000000e+00	2.971016307109808e-01
1.650000000000000e+00	3.756404102537840e-01
1.650000000000000e+00	2.980714323212226e-01
1.650000000000000e+00	3.062199282296675e-01
1.650000000000000e+00	2.800538608727083e-01
1.650000000000000e+00	3.111504246859993e-01
1.650000000000000e+00	3.325259875604848e-01
1.650000000000000e+00	3.128838412136113e-01
1.650000000000000e+00	2.931323424110491e-01
1.650000000000000e+00	3.236913503752507e-01
1.650000000000000e+00	3.048370591998895e-01
1.650000000000000e+00	3.738993689270921e-01
1.650000000000000e+00	3.224870196323795e-01
1.650000000000000e+00	3.071280949678802e-01
1.650000000000000e+00	2.968832159837834e-01
1.650000000000000e+00	2.792618817015479e-01
1.650000000000000e+00	2.893686459627368e-01
1.650000000000000e+00	2.850494141515167e-01
1.650000000000000e+00	2.910667343763400e-01
1.650000000000000e+00	3.412432473205341e-01
1.650000000000000e+00	3.012387417016529e-01
1.650000000000000e+00	3.272837429264320e-01
1.650000000000000e+00	2.930136634257909e-01
1.650000000000000e+00	3.289238919835116e-01
1.650000000000000e+00	3.042729134584602e-01
1.650000000000000e+00	3.279753618061300e-01
1.650000000000000e+00	3.178933887969435e-01
1.650000000000000e+00	3.101292639190123e-01
1.650000000000000e+00	2.863771696747164e-01
1.650000000000000e+00	3.014359278073486e-01
1.650000000000000e+00	2.972893055340309e-01
1.650000000000000e+00	3.321125710732346e-01
1.650000000000000e+00	3.165456586072323e-01
1.650000000000000e+00	3.312109723227159e-01
1.650000000000000e+00	3.332258398431402e-01
1.650000000000000e+00	2.930517948163670e-01
1.650000000000000e+00	2.813299531165840e-01
1.650000000000000e+00	2.935459824469198e-01
1.650000000000000e+00	3.110975895445720e-01
1.650000000000000e+00	3.006210952672178e-01
1.650000000000000e+00	3.221744492504223e-01
1.650000000000000e+00	3.188253479021975e-01
1.650000000000000e+00	3.204442248501807e-01
1.650000000000000e+00	3.415818745007606e-01
1.650000000000000e+00	2.717010159987595e-01
1.650000000000000e+00	3.356896645443909e-01
1.650000000000000e+00	3.439141258135551e-01
1.650000000000000e+00	3.212434792567745e-01
1.650000000000000e+00	3.137541978193483e-01
1.650000000000000e+00	2.814372859077862e-01
1.650000000000000e+00	3.333506735147369e-01
1.650000000000000e+00	3.285526988850064e-01
1.650000000000000e+00	2.813049156609889e-01
1.650000000000000e+00	2.976814259793938e-01
1.650000000000000e+00	3.212220998462337e-01
1.650000000000000e+00	3.024527408882890e-01
1.650000000000000e+00	2.977197955147214e-01
1.650000000000000e+00	2.998688731840840e-01
1.650000000000000e+00	2.834668284412545e-01
1.650000000000000e+00	3.246414483389136e-01
1.650000000000000e+00	3.234252567624606e-01
1.650000000000000e+00	2.667928879088568e-01
1.650000000000000e+00	2.788971920830285e-01
1.650000000000000e+00	2.570171559177657e-01
1.650000000000000e+00	3.208449196872166e-01
1.650000000000000e+00	3.482145804369943e-01
1.650000000000000e+00	3.223259362828755e-01
1.650000000000000e+00	3.443606640974258e-01
1.650000000000000e+00	3.482048965590486e-01
1.650000000000000e+00	3.142715318639590e-01
1.650000000000000e+00	3.377999398039931e-01
1.650000000000000e+00	3.343413505933415e-01
1.650000000000000e+00	3.232780965188943e-01
1.650000000000000e+00	3.178386380521736e-01
1.650000000000000e+00	3.290692171205212e-01
1.650000000000000e+00	3.040800569626559e-01
1.650000000000000e+00	3.411824667911098e-01
1.650000000000000e+00	3.212789393556997e-01
1.650000000000000e+00	3.466313843699474e-01
1.650000000000000e+00	3.103254131950217e-01
1.650000000000000e+00	3.119832346254120e-01
1.650000000000000e+00	3.398331010951376e-01
1.650000000000000e+00	3.007701285678943e-01
1.650000000000000e+00	2.925597589234614e-01
1.650000000000000e+00	3.815165007543920e-01
1.650000000000000e+00	2.876586627285816e-01
1.650000000000000e+00	3.429366250055256e-01
1.650000000000000e+00	2.764198689542284e-01
1.650000000000000e+00	2.977672579503913e-01
1.650000000000000e+00	2.974628314430078e-01
1.650000000000000e+00	2.962790862650145e-01
1.650000000000000e+00	3.816435407186894e-01
1.650000000000000e+00	3.446066216675456e-01
1.650000000000000e+00	2.885322081350560e-01
1.650000000000000e+00	2.668205222492272e-01
1.650000000000000e+00	2.920633439025089e-01
1.650000000000000e+00	3.409812104785512e-01
1.650000000000000e+00	3.024077764661705e-01
1.650000000000000e+00	3.336944689404306e-01
1.650000000000000e+00	3.139284920665647e-01
1.650000000000000e+00	3.401981179257251e-01
1.650000000000000e+00	3.398281141860278e-01
1.650000000000000e+00	3.184817247001791e-01
1.650000000000000e+00	3.269066333352409e-01
1.650000000000000e+00	3.094570219635844e-01
1.650000000000000e+00	2.771592753838811e-01
1.650000000000000e+00	2.906293624418396e-01
1.650000000000000e+00	2.483294019208495e-01
1.650000000000000e+00	2.982323712253684e-01
1.650000000000000e+00	3.472127420779513e-01
1.650000000000000e+00	2.859115394461254e-01
1.650000000000000e+00	3.499818233898976e-01
1.650000000000000e+00	3.274068158741830e-01
1.650000000000000e+00	2.878590764796256e-01
1.650000000000000e+00	3.471112300124297e-01
1.650000000000000e+00	2.953145418160986e-01
1.650000000000000e+00	3.354639831794005e-01
1.650000000000000e+00	3.077888769257329e-01
1.650000000000000e+00	3.349911626304547e-01
1.650000000000000e+00	3.181425558041104e-01
1.650000000000000e+00	3.344460268225505e-01
1.650000000000000e+00	3.245582484074983e-01
1.650000000000000e+00	3.260186595783393e-01
1.650000000000000e+00	3.036739281060182e-01
1.650000000000000e+00	2.949897350167566e-01
1.650000000000000e+00	2.792127178173760e-01
1.650000000000000e+00	2.938656241826703e-01
1.650000000000000e+00	3.049652391175792e-01
1.650000000000000e+00	3.351270083510543e-01
1.650000000000000e+00	2.711451927369157e-01
1.650000000000000e+00	3.390207698128498e-01
1.650000000000000e+00	3.345047746560355e-01
1.650000000000000e+00	2.806275078253359e-01
1.650000000000000e+00	2.844845791189155e-01
1.650000000000000e+00	2.691666567638313e-01
1.650000000000000e+00	3.170332451990110e-01
1.650000000000000e+00	2.627705942402079e-01
1.650000000000000e+00	2.973652387170360e-01
1.650000000000000e+00	3.464660279580639e-01
1.650000000000000e+00	2.801411603829430e-01
1.650000000000000e+00	2.730283480395973e-01
1.650000000000000e+00	2.972935576124618e-01
1.650000000000000e+00	3.202485009730909e-01
1.650000000000000e+00	3.045630198235869e-01
1.650000000000000e+00	2.813164540888514e-01
1.650000000000000e+00	2.911713934463717e-01
1.650000000000000e+00	2.973814494556444e-01
1.650000000000000e+00	2.991186126362907e-01
1.650000000000000e+00	2.974023537599555e-01
1.650000000000000e+00	2.966216130953076e-01
1.650000000000000e+00	3.246238452868672e-01
1.650000000000000e+00	2.644975679124175e-01
1.650000000000000e+00	3.112642914826357e-01
1.650000000000000e+00	3.333820732190039e-01
1.650000000000000e+00	3.166677288043880e-01
1.650000000000000e+00	3.250379504487934e-01
1.650000000000000e+00	3.261257796493620e-01
1.650000000000000e+00	2.780402566019428e-01
1.650000000000000e+00	3.011078421423932e-01
1.650000000000000e+00	2.908124170912052e-01
1.650000000000000e+00	3.059572647234287e-01
1.650000000000000e+00	3.408318833810513e-01
1.650000000000000e+00	3.129739054079471e-01
1.650000000000000e+00	3.406093237267874e-01
1.650000000000000e+00	3.113250208900702e-01
1.650000000000000e+00	3.152400616517496e-01
1.650000000000000e+00	2.909433806352308e-01
1.650000000000000e+00	3.062181839658270e-01
1.650000000000000e+00	3.217399661671597e-01
1.650000000000000e+00	3.248808618466206e-01
1.650000000000000e+00	2.945295693502695e-01
1.650000000000000e+00	3.022288136243273e-01
1.650000000000000e+00	2.796397081894740e-01
1.650000000000000e+00	2.999991537952612e-01
1.650000000000000e+00	3.082222841097270e-01
1.650000000000000e+00	3.047679686059101e-01
1.650000000000000e+00	3.481619868907018e-01
1.650000000000000e+00	3.191481618722704e-01
1.650000000000000e+00	2.805546475776257e-01
1.650000000000000e+00	2.981033658516207e-01
1.650000000000000e+00	2.847525783451020e-01
1.650000000000000e+00	2.963436992504590e-01
1.650000000000000e+00	2.742745571647781e-01
1.650000000000000e+00	3.587442902981046e-01
1.650000000000000e+00	2.863640685655588e-01
1.650000000000000e+00	2.944507620976958e-01
1.650000000000000e+00	3.056532647929098e-01
1.650000000000000e+00	2.723160447055108e-01
1.650000000000000e+00	3.369934745450369e-01
1.650000000000000e+00	3.280474512880444e-01
1.650000000000000e+00	3.357849051960402e-01
1.650000000000000e+00	2.925165021219631e-01
1.650000000000000e+00	2.888979996677828e-01
1.650000000000000e+00	3.122676143268887e-01
1.650000000000000e+00	3.109561251334635e-01
1.650000000000000e+00	2.997517664366013e-01
1.650000000000000e+00	2.729319258359171e-01
1.650000000000000e+00	3.132312217354129e-01
1.650000000000000e+00	3.226639901472426e-01
1.650000000000000e+00	2.943851338953685e-01
1.650000000000000e+00	3.232317684263352e-01
1.650000000000000e+00	3.005492069366654e-01
1.650000000000000e+00	3.317803541124024e-01
1.650000000000000e+00	2.886667034384212e-01
1.650000000000000e+00	3.150171300532531e-01
1.650000000000000e+00	3.245408262574669e-01
1.650000000000000e+00	3.054645815091249e-01
1.650000000000000e+00	3.370999871332166e-01
1.650000000000000e+00	3.006763950689109e-01
1.650000000000000e+00	2.778286349288628e-01
1.650000000000000e+00	3.522815377861073e-01
1.650000000000000e+00	3.222995843973737e-01
1.650000000000000e+00	3.140587690544352e-01
1.650000000000000e+00	3.018728016000350e-01
1.650000000000000e+00	2.746760748153501e-01
1.650000000000000e+00	3.259419286103201e-01
1.650000000000000e+00	3.105352915155855e-01
1.650000000000000e+00	3.241778471758960e-01
1.650000000000000e+00	3.290170626788986e-01
1.650000000000000e+00	3.136001348422031e-01
1.650000000000000e+00	3.180326331017945e-01
1.650000000000000e+00	3.357247624278240e-01
1.650000000000000e+00	2.984597393329319e-01
1.650000000000000e+00	3.472910594225172e-01
1.650000000000000e+00	3.294643079596863e-01
1.650000000000000e+00	2.632788563309070e-01
1.650000000000000e+00	2.667826176165284e-01
1.650000000000000e+00	3.283013834809625e-01
1.650000000000000e+00	3.252276294631771e-01
1.650000000000000e+00	3.113154479789146e-01
1.650000000000000e+00	2.824168921406175e-01
1.650000000000000e+00	3.812041941428950e-01
1.650000000000000e+00	3.224528684202499e-01
1.650000000000000e+00	2.888547497048197e-01
1.650000000000000e+00	3.114110301812708e-01
1.650000000000000e+00	2.968153096231016e-01
1.650000000000000e+00	3.023285720924521e-01
1.650000000000000e+00	3.179668245056320e-01
1.650000000000000e+00	2.849843300740768e-01
1.650000000000000e+00	3.233596770113382e-01
1.650000000000000e+00	3.085624960007912e-01
1.650000000000000e+00	3.056331961315980e-01
1.650000000000000e+00	3.064049004868734e-01
1.650000000000000e+00	3.236610600719572e-01
1.650000000000000e+00	2.904349234427733e-01
1.650000000000000e+00	3.526349888911978e-01
1.650000000000000e+00	2.764540794434936e-01
1.650000000000000e+00	3.065560025576552e-01
1.650000000000000e+00	2.923143390030225e-01
1.650000000000000e+00	3.203429181293891e-01
1.650000000000000e+00	3.022964480670997e-01
1.650000000000000e+00	3.800328157940736e-01
1.650000000000000e+00	3.565960461333191e-01
1.650000000000000e+00	3.542737239167932e-01
1.650000000000000e+00	2.754419073127560e-01
1.650000000000000e+00	2.765118771323828e-01
1.650000000000000e+00	2.985620144779970e-01
1.650000000000000e+00	3.554379542565449e-01
1.650000000000000e+00	2.842553192725463e-01
1.650000000000000e+00	2.986182427771955e-01
1.650000000000000e+00	2.590471875248415e-01
1.650000000000000e+00	3.185375335705432e-01
1.650000000000000e+00	2.953031824501328e-01
1.650000000000000e+00	2.855776826705301e-01
1.650000000000000e+00	2.946501126421137e-01
1.650000000000000e+00	3.036852560167900e-01
1.650000000000000e+00	2.963228972326392e-01
1.650000000000000e+00	2.944541800533545e-01
1.650000000000000e+00	3.068756377030930e-01
1.650000000000000e+00	2.895882600421947e-01
1.650000000000000e+00	2.996432682762111e-01
1.650000000000000e+00	3.015249045234795e-01
1.650000000000000e+00	3.504548279142655e-01
1.650000000000000e+00	3.361166641475077e-01
1.650000000000000e+00	3.446006271085571e-01
1.650000000000000e+00	3.438169934632818e-01
1.650000000000000e+00	3.422387354128967e-01
1.650000000000000e+00	3.679288143239304e-01
1.650000000000000e+00	3.333001524343586e-01
1.650000000000000e+00	3.388056493984911e-01
1.650000000000000e+00	2.796138423386118e-01
1.650000000000000e+00	3.256226014013224e-01
1.650000000000000e+00	3.206507714849835e-01
1.650000000000000e+00	3.226405697004537e-01
1.650000000000000e+00	2.862410243818488e-01
1.650000000000000e+00	2.631668827866591e-01
1.650000000000000e+00	3.138509960513647e-01
1.650000000000000e+00	3.083662868354511e-01
1.650000000000000e+00	2.937069329427334e-01
1.650000000000000e+00	2.887717210397029e-01
1.650000000000000e+00	3.192086656344020e-01
1.650000000000000e+00	2.780573340998773e-01
1.650000000000000e+00	3.286550035640950e-01
1.650000000000000e+00	3.000862633750428e-01
1.650000000000000e+00	3.170312207870484e-01
1.650000000000000e+00	3.322530392614942e-01
1.650000000000000e+00	3.128485227706568e-01
1.650000000000000e+00	3.281998615038306e-01
1.650000000000000e+00	3.122168927564701e-01
1.650000000000000e+00	3.023511656055867e-01
1.650000000000000e+00	2.650390923347831e-01
1.650000000000000e+00	2.997233815402971e-01
1.650000000000000e+00	2.803384742689158e-01
1.650000000000000e+00	2.995562531858803e-01
1.650000000000000e+00	3.322865091441278e-01
1.650000000000000e+00	3.398107605355931e-01
1.650000000000000e+00	3.304763708193192e-01
1.650000000000000e+00	3.245191936638128e-01
1.650000000000000e+00	3.345088269529732e-01
1.650000000000000e+00	2.741588829544117e-01
1.650000000000000e+00	3.201678972829415e-01
1.650000000000000e+00	2.990481541877250e-01
1.650000000000000e+00	2.821380078876484e-01
1.650000000000000e+00	3.241112137382029e-01
1.650000000000000e+00	3.235405377739774e-01
1.650000000000000e+00	2.908552170244775e-01
1.650000000000000e+00	3.091681039368095e-01
1.650000000000000e+00	3.217740982835948e-01
1.650000000000000e+00	3.194631550995001e-01
1.650000000000000e+00	2.838045384107582e-01
1.650000000000000e+00	3.533466583675716e-01
1.650000000000000e+00	3.205157485028006e-01
1.650000000000000e+00	3.059107289630003e-01
1.650000000000000e+00	3.059966665631964e-01
1.650000000000000e+00	3.101081572181136e-01
1.650000000000000e+00	2.943642963154074e-01
1.650000000000000e+00	3.239666201499000e-01
1.650000000000000e+00	2.970547719410208e-01
1.650000000000000e+00	3.081847626161170e-01
1.650000000000000e+00	2.900005700257323e-01
1.650000000000000e+00	3.071503855063777e-01
1.650000000000000e+00	3.220421396163655e-01
1.650000000000000e+00	2.920886183593927e-01
1.650000000000000e+00	3.329565101145983e-01
1.650000000000000e+00	2.986387445055775e-01
1.650000000000000e+00	3.257487938151847e-01
1.650000000000000e+00	2.874296491168581e-01
1.650000000000000e+00	2.674880354835388e-01
1.650000000000000e+00	2.815754339497091e-01
1.650000000000000e+00	2.992242715994795e-01
1.650000000000000e+00	3.067967694507833e-01
1.650000000000000e+00	3.180124875878442e-01
1.650000000000000e+00	2.579645774168393e-01
1.650000000000000e+00	3.247819312158431e-01
1.650000000000000e+00	2.889507491605090e-01
1.650000000000000e+00	3.340882590810803e-01
1.650000000000000e+00	3.038186877134756e-01
1.650000000000000e+00	2.824880371083840e-01
1.650000000000000e+00	3.032155357999766e-01
1.650000000000000e+00	2.841790813745934e-01
1.650000000000000e+00	3.033719577095736e-01
1.650000000000000e+00	2.978703350815817e-01
1.650000000000000e+00	2.805902824599358e-01
1.650000000000000e+00	2.985955344532770e-01
1.650000000000000e+00	3.036113594953938e-01
1.650000000000000e+00	2.589541692996740e-01
1.650000000000000e+00	2.960137670617368e-01
1.650000000000000e+00	3.549448365737963e-01
1.650000000000000e+00	3.290135163838708e-01
1.650000000000000e+00	3.131867088419573e-01
1.650000000000000e+00	3.095990816617947e-01
1.650000000000000e+00	2.969002586915180e-01
1.650000000000000e+00	3.507533007476177e-01
1.650000000000000e+00	3.704946940229698e-01
1.650000000000000e+00	2.996350290046972e-01
1.650000000000000e+00	3.406300518375445e-01
1.650000000000000e+00	2.829445969190883e-01
1.650000000000000e+00	3.162347408969037e-01
1.650000000000000e+00	3.462493626195671e-01
1.650000000000000e+00	3.181896952109605e-01
1.650000000000000e+00	3.259392571249714e-01
1.650000000000000e+00	3.359390066517688e-01
1.650000000000000e+00	2.758888308878840e-01
1.650000000000000e+00	3.328228832594339e-01
1.650000000000000e+00	2.868476253171869e-01
1.650000000000000e+00	3.724995696165786e-01
1.650000000000000e+00	3.340621085557965e-01
1.650000000000000e+00	3.323169203674906e-01
1.650000000000000e+00	3.112814989376833e-01
1.650000000000000e+00	3.093385623456955e-01
1.650000000000000e+00	3.130516033414887e-01
1.650000000000000e+00	2.673586001904810e-01
1.650000000000000e+00	3.081628211842475e-01
1.650000000000000e+00	3.121486145552971e-01
1.650000000000000e+00	3.035180504566956e-01
1.650000000000000e+00	2.942847239084818e-01
1.650000000000000e+00	2.796459530649010e-01
1.650000000000000e+00	2.898204396842413e-01
1.650000000000000e+00	3.568329094498339e-01
1.650000000000000e+00	3.553926741514555e-01
1.650000000000000e+00	3.494875556312081e-01
1.650000000000000e+00	2.719379875299693e-01
1.650000000000000e+00	3.157652395323197e-01
1.650000000000000e+00	3.044540519484707e-01
1.650000000000000e+00	2.919806725825705e-01
1.650000000000000e+00	2.905806685518285e-01
1.650000000000000e+00	3.142596794438301e-01
1.650000000000000e+00	3.091137806805292e-01
1.650000000000000e+00	3.191565508967179e-01
1.650000000000000e+00	2.723924709696717e-01
1.650000000000000e+00	3.227195872477195e-01
1.650000000000000e+00	3.228238807375898e-01
1.650000000000000e+00	3.517637939410547e-01
1.650000000000000e+00	3.285006205601053e-01
1.650000000000000e+00	3.447735377449608e-01
1.650000000000000e+00	3.275616163951516e-01
1.650000000000000e+00	3.296809434356266e-01
1.650000000000000e+00	3.174852195338267e-01
1.650000000000000e+00	3.012741139695952e-01
1.650000000000000e+00	2.958156638491050e-01
1.650000000000000e+00	3.101838448991916e-01
1.650000000000000e+00	3.051056006534353e-01
1.650000000000000e+00	2.879818895761158e-01
1.650000000000000e+00	2.756174548120272e-01
1.650000000000000e+00	3.004796412216607e-01
1.650000000000000e+00	2.970192342868890e-01
1.650000000000000e+00	3.080847964826725e-01
1.650000000000000e+00	3.165310521516524e-01
1.650000000000000e+00	2.901345114408495e-01
1.650000000000000e+00	3.055412034384395e-01
1.650000000000000e+00	3.109377494745982e-01
1.650000000000000e+00	3.207011091482340e-01
1.650000000000000e+00	3.215924601553502e-01
1.650000000000000e+00	2.903634386092968e-01
1.650000000000000e+00	3.288558428613609e-01
1.650000000000000e+00	2.839484996379811e-01
1.650000000000000e+00	3.153485452283372e-01
1.650000000000000e+00	3.107568185230398e-01
1.650000000000000e+00	3.123152558316071e-01
1.650000000000000e+00	3.130163239404510e-01
1.650000000000000e+00	2.850335612688918e-01
1.650000000000000e+00	2.790952443778026e-01
1.650000000000000e+00	3.258028802454628e-01
1.650000000000000e+00	2.980112781992695e-01
1.650000000000000e+00	2.964556149844201e-01
1.650000000000000e+00	2.963980883300044e-01
1.650000000000000e+00	3.456473733548410e-01
1.650000000000000e+00	2.897066552274847e-01
1.650000000000000e+00	3.292766105140481e-01
1.650000000000000e+00	2.733468027374060e-01
1.650000000000000e+00	3.010739355122100e-01
1.650000000000000e+00	3.098808330969298e-01
1.650000000000000e+00	3.334319702897952e-01
1.650000000000000e+00	3.257657484706830e-01
1.650000000000000e+00	3.180101701459058e-01
1.650000000000000e+00	3.294555691818585e-01
1.650000000000000e+00	2.841240802799369e-01
1.650000000000000e+00	2.933312322497531e-01
1.650000000000000e+00	2.743924436250313e-01
1.650000000000000e+00	3.324197400929311e-01
1.650000000000000e+00	2.887728047092367e-01
1.650000000000000e+00	3.278272148174310e-01
1.650000000000000e+00	3.553760404579993e-01
1.650000000000000e+00	3.028206093283979e-01
1.650000000000000e+00	3.264708483681457e-01
1.650000000000000e+00	3.049885900172683e-01
1.650000000000000e+00	3.340634815147983e-01
1.650000000000000e+00	3.107669916862988e-01
1.650000000000000e+00	3.717745857086017e-01
1.650000000000000e+00	2.751167086123217e-01
1.650000000000000e+00	3.141072464330795e-01
1.650000000000000e+00	2.806837836659671e-01
1.650000000000000e+00	3.250485353867382e-01
1.650000000000000e+00	3.177097638244066e-01
1.650000000000000e+00	3.511162715177946e-01
1.650000000000000e+00	3.290255863462992e-01
1.650000000000000e+00	3.379467159911974e-01
1.650000000000000e+00	3.235166219903611e-01
1.650000000000000e+00	3.331854740151645e-01
1.650000000000000e+00	3.161405065800466e-01
1.650000000000000e+00	2.887317606858805e-01
1.650000000000000e+00	3.501473513483815e-01
1.650000000000000e+00	2.993983133649388e-01
1.650000000000000e+00	2.612535581629284e-01
1.650000000000000e+00	2.991023578078111e-01
1.650000000000000e+00	3.483833782588226e-01
1.650000000000000e+00	3.183192917935060e-01
1.650000000000000e+00	3.026966265815710e-01
1.650000000000000e+00	3.092592590445643e-01
1.650000000000000e+00	3.008335871515025e-01
1.650000000000000e+00	2.872688396180661e-01
1.650000000000000e+00	3.284401477564640e-01
1.650000000000000e+00	3.557959238599470e-01
1.650000000000000e+00	3.330331177544043e-01
1.650000000000000e+00	2.733444460114253e-01
1.650000000000000e+00	3.252513033001619e-01
1.650000000000000e+00	3.190768997081110e-01
1.650000000000000e+00	3.464127120508932e-01
1.650000000000000e+00	3.662249688338936e-01
1.650000000000000e+00	2.939599625716670e-01
1.650000000000000e+00	2.984861352390967e-01
1.650000000000000e+00	3.202256203464642e-01
1.650000000000000e+00	3.271460280902108e-01
1.650000000000000e+00	3.454782532963167e-01
1.650000000000000e+00	3.116009434202400e-01
1.650000000000000e+00	3.298644740671701e-01
1.650000000000000e+00	3.299719609391195e-01
1.650000000000000e+00	3.177036362265732e-01
1.650000000000000e+00	3.573091760773234e-01
1.650000000000000e+00	3.414110737124341e-01
1.650000000000000e+00	3.254335855803109e-01
1.650000000000000e+00	3.318258312983766e-01
1.650000000000000e+00	3.002193260818832e-01
1.650000000000000e+00	3.176674950082328e-01
1.650000000000000e+00	2.954950234141919e-01
1.650000000000000e+00	3.244486518757955e-01
1.650000000000000e+00	3.250511357734814e-01
1.650000000000000e+00	2.965270713893727e-01
1.650000000000000e+00	2.941131059213845e-01
1.650000000000000e+00	3.301848172040934e-01
1.650000000000000e+00	2.962769868549950e-01
1.650000000000000e+00	3.218204958527339e-01
1.650000000000000e+00	3.459428029406663e-01
1.650000000000000e+00	3.150674024892945e-01
1.650000000000000e+00	2.629566649622655e-01
1.650000000000000e+00	2.937828146792815e-01
1.650000000000000e+00	2.911894825779133e-01
1.650000000000000e+00	3.231158183163085e-01
1.650000000000000e+00	2.987919827845000e-01
1.650000000000000e+00	3.453845474925514e-01
1.650000000000000e+00	3.342355723675420e-01
1.650000000000000e+00	3.272314351874811e-01
1.650000000000000e+00	3.344607644855002e-01
1.650000000000000e+00	3.394799121903404e-01
1.650000000000000e+00	2.713028988096683e-01
1.650000000000000e+00	3.045590129175360e-01
1.650000000000000e+00	2.804447130416121e-01
1.650000000000000e+00	3.124309656140731e-01
1.650000000000000e+00	3.707377449321173e-01
1.650000000000000e+00	3.413271627417724e-01
1.650000000000000e+00	2.681930260287944e-01
1.650000000000000e+00	2.843984475659183e-01
1.650000000000000e+00	2.799402962077935e-01
1.650000000000000e+00	3.148424879773259e-01
1.650000000000000e+00	2.846764313498346e-01
1.650000000000000e+00	2.969234890024653e-01
1.650000000000000e+00	2.799019410292597e-01
1.650000000000000e+00	3.185253288185425e-01
1.650000000000000e+00	3.439006277462369e-01
1.650000000000000e+00	3.098950682000357e-01
1.650000000000000e+00	3.225571797395797e-01
1.650000000000000e+00	3.299737272186437e-01
1.650000000000000e+00	2.988640545096947e-01
1.650000000000000e+00	2.988305047056230e-01
1.650000000000000e+00	3.249950094602407e-01
1.650000000000000e+00	2.863233073888263e-01
1.650000000000000e+00	3.206264375581284e-01
1.650000000000000e+00	3.066897779613066e-01
1.650000000000000e+00	3.156911060791204e-01
1.650000000000000e+00	3.434969216909179e-01
1.650000000000000e+00	3.327391737693869e-01
1.650000000000000e+00	3.390518680685522e-01
1.650000000000000e+00	2.793407602771578e-01
1.650000000000000e+00	3.551056036675401e-01
1.650000000000000e+00	2.958864198176649e-01
1.650000000000000e+00	3.118787791947651e-01
1.650000000000000e+00	3.131652488643450e-01
1.650000000000000e+00	2.735148696834472e-01
1.650000000000000e+00	3.004671944916541e-01
1.650000000000000e+00	2.732592357279111e-01
1.650000000000000e+00	3.207981871751804e-01
1.650000000000000e+00	3.516870649310768e-01
1.650000000000000e+00	2.785249390392403e-01
1.650000000000000e+00	2.936607364856382e-01
1.650000000000000e+00	3.462482818398891e-01
1.650000000000000e+00	3.212511352992884e-01
1.650000000000000e+00	3.370982291662962e-01
1.650000000000000e+00	3.214685308224821e-01
1.650000000000000e+00	3.250581485465619e-01
1.650000000000000e+00	3.361336169009291e-01
1.650000000000000e+00	3.142728720779993e-01
1.650000000000000e+00	3.379629021483233e-01
1.650000000000000e+00	3.361392352094804e-01
1.650000000000000e+00	3.391334367845993e-01
1.650000000000000e+00	2.986811314488516e-01
1.650000000000000e+00	3.103731404666395e-01
1.650000000000000e+00	3.388662576663347e-01
1.650000000000000e+00	3.424583283698732e-01
1.650000000000000e+00	3.109161142909165e-01
1.650000000000000e+00	2.960703844464875e-01
1.650000000000000e+00	3.106669706076988e-01
1.650000000000000e+00	3.033395344131565e-01
1.650000000000000e+00	3.003594635355309e-01
1.650000000000000e+00	2.687743866136261e-01
1.650000000000000e+00	2.755502364812195e-01
1.650000000000000e+00	2.978666461433117e-01
1.650000000000000e+00	3.311586330098077e-01
1.650000000000000e+00	3.446385776620624e-01
1.650000000000000e+00	3.049384759345625e-01
1.650000000000000e+00	3.284669635864245e-01
1.650000000000000e+00	2.862324883021958e-01
1.650000000000000e+00	3.180245478121507e-01
1.650000000000000e+00	3.215645957728342e-01
1.650000000000000e+00	2.873462231839540e-01
1.650000000000000e+00	2.793298992471607e-01
1.650000000000000e+00	3.063985075440468e-01
1.650000000000000e+00	3.091863790196087e-01
1.650000000000000e+00	3.137344349714051e-01
1.650000000000000e+00	3.373466043725346e-01
1.650000000000000e+00	3.065515855287039e-01
1.650000000000000e+00	3.812437818632083e-01
1.650000000000000e+00	2.851304707408377e-01
1.650000000000000e+00	2.899050620424012e-01
1.650000000000000e+00	3.302086065829711e-01
1.650000000000000e+00	3.165581728180105e-01
1.650000000000000e+00	2.943966859575489e-01
1.650000000000000e+00	3.242722946339805e-01
1.650000000000000e+00	3.450143938855328e-01
1.650000000000000e+00	2.798955092216173e-01
1.650000000000000e+00	3.149863003479315e-01
1.650000000000000e+00	3.176496276171782e-01
1.650000000000000e+00	3.067929828733006e-01
1.650000000000000e+00	3.230079519626116e-01
1.650000000000000e+00	2.970882628816687e-01
1.650000000000000e+00	3.308473625104750e-01
1.650000000000000e+00	2.927188330847751e-01
1.650000000000000e+00	3.391630718216128e-01
1.650000000000000e+00	3.230302667777005e-01
1.650000000000000e+00	2.843173325994875e-01
1.650000000000000e+00	3.129286451149328e-01
1.650000000000000e+00	3.284763648120849e-01
1.650000000000000e+00	2.857885539664808e-01
1.650000000000000e+00	2.854765744673690e-01
1.650000000000000e+00	3.239195919655996e-01
1.650000000000000e+00	3.242456685016219e-01
1.650000000000000e+00	2.991561778076407e-01
1.650000000000000e+00	3.284596683252964e-01
1.650000000000000e+00	2.685712228273151e-01
1.650000000000000e+00	2.692782548954799e-01
1.650000000000000e+00	3.062085177276219e-01
1.650000000000000e+00	2.985696408403981e-01
1.650000000000000e+00	3.054889876620295e-01
1.650000000000000e+00	2.946266854447880e-01
1.650000000000000e+00	3.473114506654912e-01
1.650000000000000e+00	2.443807354194268e-01
1.650000000000000e+00	3.507075252389993e-01
1.650000000000000e+00	3.117448837144058e-01
1.650000000000000e+00	3.167219659016174e-01
1.650000000000000e+00	3.218160545630502e-01
1.650000000000000e+00	3.326005103790251e-01
1.650000000000000e+00	3.075217513054435e-01
1.650000000000000e+00	2.984426355147996e-01
1.650000000000000e+00	3.220797306977952e-01
1.650000000000000e+00	4.035741217806191e-01
1.650000000000000e+00	3.714063603424014e-01
1.650000000000000e+00	3.377459754839136e-01
1.650000000000000e+00	3.392566044940325e-01
1.650000000000000e+00	3.269034426919282e-01
1.650000000000000e+00	3.356992239975434e-01
1.650000000000000e+00	3.305062858406609e-01
1.650000000000000e+00	2.866748177798029e-01
1.650000000000000e+00	2.969185947871582e-01
1.650000000000000e+00	3.258165172254656e-01
1.650000000000000e+00	2.806217163588660e-01
1.650000000000000e+00	3.302093471434093e-01
1.650000000000000e+00	2.806370195318929e-01
1.650000000000000e+00	3.172635034087401e-01
1.650000000000000e+00	2.966148588007795e-01
1.650000000000000e+00	2.993292719185743e-01
1.650000000000000e+00	3.415714621190561e-01
1.650000000000000e+00	3.165074841454805e-01
1.650000000000000e+00	3.461291916628895e-01
1.650000000000000e+00	2.950611225596854e-01
1.650000000000000e+00	3.244151405753170e-01
1.650000000000000e+00	2.923786874506396e-01
1.650000000000000e+00	2.900643500159795e-01
1.650000000000000e+00	3.014856553161520e-01
1.650000000000000e+00	3.302367924727335e-01
1.650000000000000e+00	2.809683236232715e-01
1.650000000000000e+00	3.594988037585301e-01
1.650000000000000e+00	3.262503909756844e-01
1.650000000000000e+00	3.225893770217966e-01
1.650000000000000e+00	2.943934964882021e-01
1.650000000000000e+00	3.040172316930672e-01
1.650000000000000e+00	3.090008388115739e-01
1.650000000000000e+00	3.778856579509292e-01
1.650000000000000e+00	3.132798360765128e-01
1.650000000000000e+00	3.027933438486565e-01
1.650000000000000e+00	3.268424494151630e-01
1.650000000000000e+00	3.402572812644905e-01
1.650000000000000e+00	2.824801160897105e-01
1.650000000000000e+00	2.645356255235823e-01
1.650000000000000e+00	3.251402997556515e-01
1.650000000000000e+00	3.473492892809261e-01
1.650000000000000e+00	3.183986459628511e-01
1.650000000000000e+00	3.294224846495198e-01
1.650000000000000e+00	3.177984797633163e-01
1.650000000000000e+00	3.281512117162549e-01
1.650000000000000e+00	3.302247512914210e-01
1.650000000000000e+00	3.619625187895735e-01
1.650000000000000e+00	3.363041323958280e-01
1.650000000000000e+00	3.392680242360235e-01
1.650000000000000e+00	3.252429620996982e-01
1.650000000000000e+00	2.801256331361907e-01
1.650000000000000e+00	3.326932030506587e-01
1.650000000000000e+00	3.465474799181797e-01
1.650000000000000e+00	2.946316070460513e-01
1.650000000000000e+00	2.733837359169892e-01
1.650000000000000e+00	3.014871778767769e-01
1.650000000000000e+00	3.025237633851949e-01
1.650000000000000e+00	3.146973318662531e-01
1.650000000000000e+00	3.635153476045053e-01
1.650000000000000e+00	3.094317898809936e-01
1.650000000000000e+00	3.390937718765510e-01
1.650000000000000e+00	3.458388037057398e-01
1.650000000000000e+00	2.658625840034284e-01
1.650000000000000e+00	3.006942663500624e-01
1.650000000000000e+00	3.046892475710311e-01
1.650000000000000e+00	3.222006295413924e-01
1.650000000000000e+00	3.175021482583279e-01
1.650000000000000e+00	3.116904306111815e-01
1.650000000000000e+00	3.051022328653132e-01
1.650000000000000e+00	3.248198410628206e-01
1.650000000000000e+00	2.916698930552105e-01
1.650000000000000e+00	3.360147889926851e-01
1.650000000000000e+00	3.062833593772830e-01
1.650000000000000e+00	3.067062839972474e-01
1.650000000000000e+00	3.189020512892310e-01
1.650000000000000e+00	3.090540515772879e-01
1.650000000000000e+00	2.985131176258529e-01
1.650000000000000e+00	2.799108091275478e-01
1.650000000000000e+00	2.800946559082205e-01
1.650000000000000e+00	2.870887925047000e-01
1.650000000000000e+00	2.938663459409045e-01
1.650000000000000e+00	3.017888281339430e-01
1.650000000000000e+00	3.096512032943895e-01
1.650000000000000e+00	3.379726233655717e-01
1.650000000000000e+00	3.064242940803237e-01
1.650000000000000e+00	2.757582615967327e-01
1.650000000000000e+00	2.868386215300378e-01
1.650000000000000e+00	2.822237719545015e-01
1.650000000000000e+00	2.630262085359433e-01
1.650000000000000e+00	2.738514121313926e-01
1.650000000000000e+00	2.719810728846862e-01
1.650000000000000e+00	2.783939679815408e-01
1.650000000000000e+00	3.338394533871618e-01
1.650000000000000e+00	3.434687696337458e-01
1.650000000000000e+00	2.886031258826972e-01
1.650000000000000e+00	2.945889592191879e-01
1.650000000000000e+00	3.080767916845712e-01
1.650000000000000e+00	3.065866744745467e-01
1.650000000000000e+00	3.116035098570555e-01
1.650000000000000e+00	3.213071668510228e-01
1.650000000000000e+00	3.111923107778633e-01
1.650000000000000e+00	3.240619436270539e-01
1.650000000000000e+00	3.351431173582016e-01
1.650000000000000e+00	3.564651052571131e-01
1.650000000000000e+00	3.474626884560066e-01
1.650000000000000e+00	2.887228357188243e-01
1.650000000000000e+00	2.973166554645870e-01
1.650000000000000e+00	3.040359307100593e-01
1.650000000000000e+00	3.032715240084836e-01
1.650000000000000e+00	3.102436514452098e-01
1.650000000000000e+00	3.317163001102815e-01
1.650000000000000e+00	2.762014506179932e-01
1.650000000000000e+00	3.594707353079075e-01
1.650000000000000e+00	2.763316498413725e-01
1.650000000000000e+00	3.316333984344025e-01
1.650000000000000e+00	3.328210280347475e-01
1.650000000000000e+00	3.005072138691964e-01
1.650000000000000e+00	2.879140386651371e-01
1.650000000000000e+00	2.575980632574522e-01
1.650000000000000e+00	3.227069762250366e-01
1.650000000000000e+00	3.019481751744951e-01
1.650000000000000e+00	3.134482424782870e-01
1.650000000000000e+00	3.075792303890737e-01
1.650000000000000e+00	3.416017393685292e-01
1.650000000000000e+00	3.200068859977999e-01
1.650000000000000e+00	2.968045222398322e-01
1.650000000000000e+00	3.233810361813796e-01
1.650000000000000e+00	2.883270601932283e-01
1.650000000000000e+00	3.042288319341805e-01
1.650000000000000e+00	2.966050665236686e-01
1.650000000000000e+00	3.354098002801194e-01
1.650000000000000e+00	2.772739963372222e-01
1.650000000000000e+00	3.315859148633510e-01
