3.550000000000000e+00	4.703443307394711e+00
3.550000000000000e+00	4.693496066042878e+00
3.550000000000000e+00	4.635293880202038e+00
3.550000000000000e+00	4.616413108051628e+00
3.550000000000000e+00	4.826557241892406e+00
3.550000000000000e+00	4.788694521885481e+00
3.550000000000000e+00	4.734966826377418e+00
3.550000000000000e+00	4.762616235331656e+00
3.550000000000000e+00	4.799606289919063e+00
3.550000000000000e+00	4.707291160743137e+00
3.550000000000000e+00	4.798036097631209e+00
3.550000000000000e+00	4.897741677747629e+00
3.550000000000000e+00	4.670757032211334e+00
3.550000000000000e+00	4.720377541101685e+00
3.550000000000000e+00	4.836537652829881e+00
3.550000000000000e+00	4.706566452169548e+00
3.550000000000000e+00	4.661931913462643e+00
3.550000000000000e+00	4.810832165446421e+00
3.550000000000000e+00	4.768634398734264e+00
3.550000000000000e+00	4.836247185161155e+00
3.550000000000000e+00	4.654385789864883e+00
3.550000000000000e+00	4.647180088789655e+00
3.550000000000000e+00	4.750099172430602e+00
3.550000000000000e+00	4.802461174282936e+00
3.550000000000000e+00	4.679301048677344e+00
3.550000000000000e+00	4.760050211462104e+00
3.550000000000000e+00	4.821518938784070e+00
3.550000000000000e+00	4.692786177421699e+00
3.550000000000000e+00	4.817984804763290e+00
3.550000000000000e+00	4.643832143547480e+00
3.550000000000000e+00	4.758820982667123e+00
3.550000000000000e+00	4.717621068648310e+00
3.550000000000000e+00	4.626356683031197e+00
3.550000000000000e+00	4.730701809257448e+00
3.550000000000000e+00	4.738539560601534e+00
3.550000000000000e+00	4.615371136791159e+00
3.550000000000000e+00	4.715047499924582e+00
3.550000000000000e+00	4.813413340040825e+00
3.550000000000000e+00	4.750449999424022e+00
3.550000000000000e+00	4.961504265818817e+00
3.550000000000000e+00	4.742345233880366e+00
3.550000000000000e+00	4.682704426922840e+00
3.550000000000000e+00	4.787055142409378e+00
3.550000000000000e+00	4.794582631014864e+00
3.550000000000000e+00	4.907563739461423e+00
3.550000000000000e+00	4.733116979797986e+00
3.550000000000000e+00	4.734070620344317e+00
3.550000000000000e+00	4.859895218068135e+00
3.550000000000000e+00	4.801132115203407e+00
3.550000000000000e+00	4.571799085023918e+00
3.550000000000000e+00	4.662234593623382e+00
3.550000000000000e+00	4.698648659786190e+00
3.550000000000000e+00	4.784071401539870e+00
3.550000000000000e+00	4.771752378538528e+00
3.550000000000000e+00	4.685806335232281e+00
3.550000000000000e+00	4.733433575117971e+00
3.550000000000000e+00	4.832847024138211e+00
3.550000000000000e+00	4.745827074412152e+00
3.550000000000000e+00	4.796117025027898e+00
3.550000000000000e+00	4.706395232848273e+00
3.550000000000000e+00	4.806167332868817e+00
3.550000000000000e+00	4.799849996891471e+00
3.550000000000000e+00	4.793288041293986e+00
3.550000000000000e+00	4.718273862120711e+00
3.550000000000000e+00	4.625465280921122e+00
3.550000000000000e+00	4.696537109732282e+00
3.550000000000000e+00	4.797857356021466e+00
3.550000000000000e+00	4.754670461079385e+00
3.550000000000000e+00	4.798626272166493e+00
3.550000000000000e+00	4.589845964992811e+00
3.550000000000000e+00	4.669344816316267e+00
3.550000000000000e+00	4.808566240010189e+00
3.550000000000000e+00	4.738228556036153e+00
3.550000000000000e+00	4.799036715490876e+00
3.550000000000000e+00	4.660922288396011e+00
3.550000000000000e+00	4.777138992992036e+00
3.550000000000000e+00	4.701615937172637e+00
3.550000000000000e+00	4.738904514557124e+00
3.550000000000000e+00	4.742721661529115e+00
3.550000000000000e+00	4.790128589172898e+00
3.550000000000000e+00	4.754730071860367e+00
3.550000000000000e+00	4.842863310994148e+00
3.550000000000000e+00	4.720013636461237e+00
3.550000000000000e+00	4.651849770666785e+00
3.550000000000000e+00	4.757694458991285e+00
3.550000000000000e+00	4.729187782345965e+00
3.550000000000000e+00	4.663479938492349e+00
3.550000000000000e+00	4.759802292798851e+00
3.550000000000000e+00	4.690082831544181e+00
3.550000000000000e+00	4.631206181854867e+00
3.550000000000000e+00	4.760240577164994e+00
3.550000000000000e+00	4.813057862461558e+00
3.550000000000000e+00	4.721361171573478e+00
3.550000000000000e+00	4.896616809184552e+00
3.550000000000000e+00	4.787891900484936e+00
3.550000000000000e+00	4.724997577341909e+00
3.550000000000000e+00	4.774374391403185e+00
3.550000000000000e+00	4.716555910053357e+00
3.550000000000000e+00	4.745548689252060e+00
3.550000000000000e+00	4.848204602047309e+00
3.550000000000000e+00	4.715176181358409e+00
3.550000000000000e+00	4.755552701576118e+00
3.550000000000000e+00	4.746801954219330e+00
3.550000000000000e+00	4.812526786620657e+00
3.550000000000000e+00	4.865084686369048e+00
3.550000000000000e+00	4.774776963607669e+00
3.550000000000000e+00	4.705521635177076e+00
3.550000000000000e+00	4.865637870739499e+00
3.550000000000000e+00	4.747071464377823e+00
3.550000000000000e+00	4.721068935849630e+00
3.550000000000000e+00	4.693092863395576e+00
3.550000000000000e+00	4.624975787275742e+00
3.550000000000000e+00	4.796809600091957e+00
3.550000000000000e+00	4.726850800576784e+00
3.550000000000000e+00	4.789054614603661e+00
3.550000000000000e+00	4.784608690079688e+00
3.550000000000000e+00	4.807391562933845e+00
3.550000000000000e+00	4.813985519413004e+00
3.550000000000000e+00	4.715656538604810e+00
3.550000000000000e+00	4.740402535187254e+00
3.550000000000000e+00	4.674268194635578e+00
3.550000000000000e+00	4.612774940545586e+00
3.550000000000000e+00	4.627441170408575e+00
3.550000000000000e+00	4.664851098721176e+00
3.550000000000000e+00	4.735480043871950e+00
3.550000000000000e+00	4.798631795120447e+00
3.550000000000000e+00	4.673614507906557e+00
3.550000000000000e+00	4.860378007175151e+00
3.550000000000000e+00	4.802779933229566e+00
3.550000000000000e+00	4.661051828763101e+00
3.550000000000000e+00	4.895924983389246e+00
3.550000000000000e+00	4.820689845799321e+00
3.550000000000000e+00	4.795927348140584e+00
3.550000000000000e+00	4.864927163290038e+00
3.550000000000000e+00	4.706980692812502e+00
3.550000000000000e+00	4.862887544862444e+00
3.550000000000000e+00	4.699060988281719e+00
3.550000000000000e+00	4.688694499374532e+00
3.550000000000000e+00	4.711821940514747e+00
3.550000000000000e+00	4.848204575409677e+00
3.550000000000000e+00	4.776779914071595e+00
3.550000000000000e+00	4.781725538832098e+00
3.550000000000000e+00	4.856000084283433e+00
3.550000000000000e+00	4.837566655194554e+00
3.550000000000000e+00	4.717272642200035e+00
3.550000000000000e+00	4.791941493243163e+00
3.550000000000000e+00	4.753953079735036e+00
3.550000000000000e+00	4.764369378677923e+00
3.550000000000000e+00	4.548950976259293e+00
3.550000000000000e+00	4.800126523470201e+00
3.550000000000000e+00	4.840992440322655e+00
3.550000000000000e+00	4.747706950050381e+00
3.550000000000000e+00	4.871745991864654e+00
3.550000000000000e+00	4.763087166847811e+00
3.550000000000000e+00	4.622109493591616e+00
3.550000000000000e+00	4.734652282003192e+00
3.550000000000000e+00	4.803747886246190e+00
3.550000000000000e+00	4.771022545928811e+00
3.550000000000000e+00	4.793953453609974e+00
3.550000000000000e+00	4.913542802863933e+00
3.550000000000000e+00	4.706972379584592e+00
3.550000000000000e+00	4.798543639150114e+00
3.550000000000000e+00	4.811895850020151e+00
3.550000000000000e+00	4.867568355400478e+00
3.550000000000000e+00	4.814143215331175e+00
3.550000000000000e+00	4.728981346813653e+00
3.550000000000000e+00	4.752109805763123e+00
3.550000000000000e+00	4.868684016011308e+00
3.550000000000000e+00	4.791121305557818e+00
3.550000000000000e+00	4.713210646600317e+00
3.550000000000000e+00	4.724781228562328e+00
3.550000000000000e+00	4.821767820981028e+00
3.550000000000000e+00	4.698753689514790e+00
3.550000000000000e+00	4.841298517534807e+00
3.550000000000000e+00	4.768401367373380e+00
3.550000000000000e+00	4.858457710759560e+00
3.550000000000000e+00	4.666852788891509e+00
3.550000000000000e+00	4.782909328569144e+00
3.550000000000000e+00	4.714184805076026e+00
3.550000000000000e+00	4.687114403148859e+00
3.550000000000000e+00	4.797964665738940e+00
3.550000000000000e+00	4.803831083129138e+00
3.550000000000000e+00	4.679407853947020e+00
3.550000000000000e+00	4.643339545424611e+00
3.550000000000000e+00	4.779397212069879e+00
3.550000000000000e+00	4.761286876103142e+00
3.550000000000000e+00	4.740105286204439e+00
3.550000000000000e+00	4.785602148003441e+00
3.550000000000000e+00	4.646729965268032e+00
3.550000000000000e+00	4.710527923140159e+00
3.550000000000000e+00	4.826516235705695e+00
3.550000000000000e+00	4.769898432036606e+00
3.550000000000000e+00	4.680390450477635e+00
3.550000000000000e+00	4.735958496494090e+00
3.550000000000000e+00	4.670418017217360e+00
3.550000000000000e+00	4.600456540331910e+00
3.550000000000000e+00	4.864296192809599e+00
3.550000000000000e+00	4.772090545421490e+00
3.550000000000000e+00	4.756403859787921e+00
3.550000000000000e+00	4.832880265880133e+00
3.550000000000000e+00	4.752012685018822e+00
3.550000000000000e+00	4.802513774020053e+00
3.550000000000000e+00	4.639640437206340e+00
3.550000000000000e+00	4.817759609490600e+00
3.550000000000000e+00	4.776517218630729e+00
3.550000000000000e+00	4.577030196247780e+00
3.550000000000000e+00	4.801624369117402e+00
3.550000000000000e+00	4.799077155972117e+00
3.550000000000000e+00	4.764742934182177e+00
3.550000000000000e+00	4.750435391718907e+00
3.550000000000000e+00	4.710366001043580e+00
3.550000000000000e+00	4.738317362028578e+00
3.550000000000000e+00	4.696542738633367e+00
3.550000000000000e+00	4.691902315950076e+00
3.550000000000000e+00	4.700350801718498e+00
3.550000000000000e+00	4.791765765437608e+00
3.550000000000000e+00	4.816133685953043e+00
3.550000000000000e+00	4.714837636864065e+00
3.550000000000000e+00	4.842590819431500e+00
3.550000000000000e+00	4.826458974664052e+00
3.550000000000000e+00	4.718868063315486e+00
3.550000000000000e+00	4.678163150363518e+00
3.550000000000000e+00	4.776033551784370e+00
3.550000000000000e+00	4.790332944758756e+00
3.550000000000000e+00	4.831630176840658e+00
3.550000000000000e+00	4.842253509760256e+00
3.550000000000000e+00	4.734047982805036e+00
3.550000000000000e+00	4.772542403483579e+00
3.550000000000000e+00	4.775191741336725e+00
3.550000000000000e+00	4.819407507721948e+00
3.550000000000000e+00	4.816329609032536e+00
3.550000000000000e+00	4.732763690036982e+00
3.550000000000000e+00	4.711963577534444e+00
3.550000000000000e+00	4.735524417413419e+00
3.550000000000000e+00	4.805505101674928e+00
3.550000000000000e+00	4.694831570991646e+00
3.550000000000000e+00	4.762419148603531e+00
3.550000000000000e+00	4.772248475187562e+00
3.550000000000000e+00	4.791459509946661e+00
3.550000000000000e+00	4.808370398781362e+00
3.550000000000000e+00	4.545734655859942e+00
3.550000000000000e+00	4.784399661112272e+00
3.550000000000000e+00	4.623231804614187e+00
3.550000000000000e+00	4.797873471710556e+00
3.550000000000000e+00	4.958906624722933e+00
3.550000000000000e+00	4.843537123362116e+00
3.550000000000000e+00	4.753633471283714e+00
3.550000000000000e+00	4.826942352465342e+00
3.550000000000000e+00	4.636331152383260e+00
3.550000000000000e+00	4.683920537706206e+00
3.550000000000000e+00	4.784041966599684e+00
3.550000000000000e+00	4.651774960688222e+00
3.550000000000000e+00	4.770326859994609e+00
3.550000000000000e+00	4.793424199472042e+00
3.550000000000000e+00	4.726202693625257e+00
3.550000000000000e+00	4.697953463907507e+00
3.550000000000000e+00	4.731003205233590e+00
3.550000000000000e+00	4.731247178997965e+00
3.550000000000000e+00	4.745790688063485e+00
3.550000000000000e+00	4.737803258482105e+00
3.550000000000000e+00	4.825374065058622e+00
3.550000000000000e+00	4.645938280311047e+00
3.550000000000000e+00	4.655992546533210e+00
3.550000000000000e+00	4.719522329196566e+00
3.550000000000000e+00	4.645659404771674e+00
3.550000000000000e+00	4.726492108866211e+00
3.550000000000000e+00	4.796615275235662e+00
3.550000000000000e+00	4.856720258292916e+00
3.550000000000000e+00	4.729748289411002e+00
3.550000000000000e+00	4.743374354532370e+00
3.550000000000000e+00	4.837278271980929e+00
3.550000000000000e+00	4.683835330292180e+00
3.550000000000000e+00	4.793613665745676e+00
3.550000000000000e+00	4.799204972290530e+00
3.550000000000000e+00	4.807900790871814e+00
3.550000000000000e+00	4.789757312047161e+00
3.550000000000000e+00	4.677675464066003e+00
3.550000000000000e+00	4.841325240081089e+00
3.550000000000000e+00	4.658781514639816e+00
3.550000000000000e+00	4.745407020561279e+00
3.550000000000000e+00	4.707031953442268e+00
3.550000000000000e+00	4.864360614138949e+00
3.550000000000000e+00	4.731533488285628e+00
3.550000000000000e+00	4.682298571005516e+00
3.550000000000000e+00	4.749895501906824e+00
3.550000000000000e+00	4.594775580350180e+00
3.550000000000000e+00	4.710336181067857e+00
3.550000000000000e+00	4.792166295493466e+00
3.550000000000000e+00	4.649703725045270e+00
3.550000000000000e+00	4.700174306062285e+00
3.550000000000000e+00	4.810971436246145e+00
3.550000000000000e+00	4.675683552024806e+00
3.550000000000000e+00	4.787874021083588e+00
3.550000000000000e+00	4.637295067470172e+00
3.550000000000000e+00	4.776481506999191e+00
3.550000000000000e+00	4.817030529052551e+00
3.550000000000000e+00	4.767067183102032e+00
3.550000000000000e+00	4.679372471616361e+00
3.550000000000000e+00	4.699083566912111e+00
3.550000000000000e+00	4.756235019048804e+00
3.550000000000000e+00	4.759083492389705e+00
3.550000000000000e+00	4.804196644989037e+00
3.550000000000000e+00	4.817708766017426e+00
3.550000000000000e+00	4.678832419520440e+00
3.550000000000000e+00	4.678384012168772e+00
3.550000000000000e+00	4.787119932722620e+00
3.550000000000000e+00	4.767394722893170e+00
3.550000000000000e+00	4.686490496437918e+00
3.550000000000000e+00	4.737559147358694e+00
3.550000000000000e+00	4.787463113993617e+00
3.550000000000000e+00	4.801338569686686e+00
3.550000000000000e+00	4.742551972776545e+00
3.550000000000000e+00	4.769866193017179e+00
3.550000000000000e+00	4.801188749555963e+00
3.550000000000000e+00	4.852254875821346e+00
3.550000000000000e+00	4.823494284535758e+00
3.550000000000000e+00	4.661963124571293e+00
3.550000000000000e+00	4.763055682239290e+00
3.550000000000000e+00	4.697100901718246e+00
3.550000000000000e+00	4.847539863668297e+00
3.550000000000000e+00	4.806996876566755e+00
3.550000000000000e+00	4.721029538532932e+00
3.550000000000000e+00	4.752362056701068e+00
3.550000000000000e+00	4.657044668214557e+00
3.550000000000000e+00	4.781931506846055e+00
3.550000000000000e+00	4.711066955791963e+00
3.550000000000000e+00	4.802603876036946e+00
3.550000000000000e+00	4.742258217217292e+00
3.550000000000000e+00	4.782599209663569e+00
3.550000000000000e+00	4.824923287143266e+00
3.550000000000000e+00	4.837624359725852e+00
3.550000000000000e+00	4.782506239520410e+00
3.550000000000000e+00	4.604146769267457e+00
3.550000000000000e+00	4.791717556143237e+00
3.550000000000000e+00	4.846886658085880e+00
3.550000000000000e+00	4.820882763880300e+00
3.550000000000000e+00	4.964425306133659e+00
3.550000000000000e+00	4.715889770834124e+00
3.550000000000000e+00	4.741875296130798e+00
3.550000000000000e+00	4.631477175028775e+00
3.550000000000000e+00	4.787195600132329e+00
3.550000000000000e+00	4.669055781442994e+00
3.550000000000000e+00	4.797035799450707e+00
3.550000000000000e+00	4.741362695806243e+00
3.550000000000000e+00	4.700096879835813e+00
3.550000000000000e+00	4.757769158002803e+00
3.550000000000000e+00	4.745068856911761e+00
3.550000000000000e+00	4.769000260483512e+00
3.550000000000000e+00	4.793543921526904e+00
3.550000000000000e+00	4.862924721408254e+00
3.550000000000000e+00	4.911811082770860e+00
3.550000000000000e+00	4.872208781677550e+00
3.550000000000000e+00	4.687333707350779e+00
3.550000000000000e+00	4.724424918244917e+00
3.550000000000000e+00	4.809209202633864e+00
3.550000000000000e+00	4.734941624652782e+00
3.550000000000000e+00	4.772850279643608e+00
3.550000000000000e+00	4.670912693098059e+00
3.550000000000000e+00	4.710563666554631e+00
3.550000000000000e+00	4.703905547951674e+00
3.550000000000000e+00	4.736586534721938e+00
3.550000000000000e+00	4.755639460257870e+00
3.550000000000000e+00	4.826951053781361e+00
3.550000000000000e+00	4.823619106945733e+00
3.550000000000000e+00	4.689474692335025e+00
3.550000000000000e+00	4.745533499268718e+00
3.550000000000000e+00	4.841917303954540e+00
3.550000000000000e+00	4.764208064604039e+00
3.550000000000000e+00	4.711256407786673e+00
3.550000000000000e+00	4.695275010003620e+00
3.550000000000000e+00	4.665195942528856e+00
3.550000000000000e+00	4.747873591195605e+00
3.550000000000000e+00	4.756783801591249e+00
3.550000000000000e+00	4.660066141930906e+00
3.550000000000000e+00	4.714562060019531e+00
3.550000000000000e+00	4.805167397654656e+00
3.550000000000000e+00	4.672181004989115e+00
3.550000000000000e+00	4.692095515047029e+00
3.550000000000000e+00	4.641880271544991e+00
3.550000000000000e+00	4.732644610911231e+00
3.550000000000000e+00	4.839340299224761e+00
3.550000000000000e+00	4.678789634350670e+00
3.550000000000000e+00	4.811938209007579e+00
3.550000000000000e+00	4.721884721850155e+00
3.550000000000000e+00	4.716540394029654e+00
3.550000000000000e+00	4.716609725108135e+00
3.550000000000000e+00	4.771631161576872e+00
3.550000000000000e+00	4.723724888265359e+00
3.550000000000000e+00	4.769684596224353e+00
3.550000000000000e+00	4.924071736567795e+00
3.550000000000000e+00	4.811853229340916e+00
3.550000000000000e+00	4.818396578806801e+00
3.550000000000000e+00	4.774462269596916e+00
3.550000000000000e+00	4.759692410788316e+00
3.550000000000000e+00	4.802727239811408e+00
3.550000000000000e+00	4.793506936587423e+00
3.550000000000000e+00	4.785714182972761e+00
3.550000000000000e+00	4.836083712029273e+00
3.550000000000000e+00	4.682394565002888e+00
3.550000000000000e+00	4.634468919251768e+00
3.550000000000000e+00	4.729355901282144e+00
3.550000000000000e+00	4.706817769871066e+00
3.550000000000000e+00	4.771777683914840e+00
3.550000000000000e+00	4.811424911830155e+00
3.550000000000000e+00	4.716172638867978e+00
3.550000000000000e+00	4.816980724795158e+00
3.550000000000000e+00	4.789799541652271e+00
3.550000000000000e+00	4.766135860810953e+00
3.550000000000000e+00	4.594504571214779e+00
3.550000000000000e+00	4.748209926703085e+00
3.550000000000000e+00	4.703492809302237e+00
3.550000000000000e+00	4.819854405350847e+00
3.550000000000000e+00	4.747782838928504e+00
3.550000000000000e+00	4.709024492963301e+00
3.550000000000000e+00	4.766814137194556e+00
3.550000000000000e+00	4.855967551022998e+00
3.550000000000000e+00	4.799524420769357e+00
3.550000000000000e+00	4.743093705401164e+00
3.550000000000000e+00	4.701651389806068e+00
3.550000000000000e+00	4.703995084807254e+00
3.550000000000000e+00	4.725674331835538e+00
3.550000000000000e+00	4.765402314101348e+00
3.550000000000000e+00	4.573399038125328e+00
3.550000000000000e+00	4.824647777689917e+00
3.550000000000000e+00	4.700251323405382e+00
3.550000000000000e+00	4.915827634592072e+00
3.550000000000000e+00	4.744661146078428e+00
3.550000000000000e+00	4.760352017341957e+00
3.550000000000000e+00	4.723227744664238e+00
3.550000000000000e+00	4.772815450509411e+00
3.550000000000000e+00	4.751743793949139e+00
3.550000000000000e+00	4.752283920191459e+00
3.550000000000000e+00	4.845750260660000e+00
3.550000000000000e+00	4.721096314767717e+00
3.550000000000000e+00	4.772408142207219e+00
3.550000000000000e+00	4.839727777703325e+00
3.550000000000000e+00	4.762114805585739e+00
3.550000000000000e+00	4.893636139504050e+00
3.550000000000000e+00	4.784309075844147e+00
3.550000000000000e+00	4.707884007467432e+00
3.550000000000000e+00	4.702385010037585e+00
3.550000000000000e+00	4.663755180574846e+00
3.550000000000000e+00	4.811422379418114e+00
3.550000000000000e+00	4.729171614832786e+00
3.550000000000000e+00	4.705573638237598e+00
3.550000000000000e+00	4.789360121220951e+00
3.550000000000000e+00	4.785962379639253e+00
3.550000000000000e+00	4.851624086474581e+00
3.550000000000000e+00	4.633394031162790e+00
3.550000000000000e+00	4.703934324257816e+00
3.550000000000000e+00	4.722122982625258e+00
3.550000000000000e+00	4.758574115591034e+00
3.550000000000000e+00	4.741819565473774e+00
3.550000000000000e+00	4.676171389057656e+00
3.550000000000000e+00	4.744467365887974e+00
3.550000000000000e+00	4.709913293990100e+00
3.550000000000000e+00	4.798989425574642e+00
3.550000000000000e+00	4.728111404394514e+00
3.550000000000000e+00	4.625831244740104e+00
3.550000000000000e+00	4.768041581897475e+00
3.550000000000000e+00	4.693384218159714e+00
3.550000000000000e+00	4.818084014537653e+00
3.550000000000000e+00	4.700530316504041e+00
3.550000000000000e+00	4.767078053650982e+00
3.550000000000000e+00	4.839866643508496e+00
3.550000000000000e+00	4.863677781151111e+00
3.550000000000000e+00	4.643569526100514e+00
3.550000000000000e+00	4.689781730254177e+00
3.550000000000000e+00	4.729747809432921e+00
3.550000000000000e+00	4.673109195541688e+00
3.550000000000000e+00	4.769892146813968e+00
3.550000000000000e+00	4.826401005785422e+00
3.550000000000000e+00	4.679415401117611e+00
3.550000000000000e+00	4.718163995716036e+00
3.550000000000000e+00	4.805974105769462e+00
3.550000000000000e+00	4.799870754806035e+00
3.550000000000000e+00	4.715784729049185e+00
3.550000000000000e+00	4.657611068292945e+00
3.550000000000000e+00	4.743169197114621e+00
3.550000000000000e+00	4.798113127655587e+00
3.550000000000000e+00	4.785103453548173e+00
3.550000000000000e+00	4.701702439266986e+00
3.550000000000000e+00	4.712558282102048e+00
3.550000000000000e+00	4.782015254208423e+00
3.550000000000000e+00	4.782159423452863e+00
3.550000000000000e+00	4.755005359421804e+00
3.550000000000000e+00	4.709652703022819e+00
3.550000000000000e+00	4.723448144805309e+00
3.550000000000000e+00	4.905781666659702e+00
3.550000000000000e+00	4.786470866367432e+00
3.550000000000000e+00	4.674840101910624e+00
3.550000000000000e+00	4.704495132921143e+00
3.550000000000000e+00	4.698419754827865e+00
3.550000000000000e+00	4.811356562404452e+00
3.550000000000000e+00	4.762671852184962e+00
3.550000000000000e+00	4.750840427122406e+00
3.550000000000000e+00	4.802168205319228e+00
3.550000000000000e+00	4.765950509984887e+00
3.550000000000000e+00	4.728389919932836e+00
3.550000000000000e+00	4.721009487942993e+00
3.550000000000000e+00	4.663628126657262e+00
3.550000000000000e+00	4.860339911584745e+00
3.550000000000000e+00	4.837576494594515e+00
3.550000000000000e+00	4.827724656290852e+00
3.550000000000000e+00	4.739643461898178e+00
3.550000000000000e+00	4.633822133458703e+00
3.550000000000000e+00	4.613128399028867e+00
3.550000000000000e+00	4.659203238658793e+00
3.550000000000000e+00	4.807714768539422e+00
3.550000000000000e+00	4.861592720385714e+00
3.550000000000000e+00	4.843181643724124e+00
3.550000000000000e+00	4.735317060444935e+00
3.550000000000000e+00	4.658419787252901e+00
3.550000000000000e+00	4.710850327202046e+00
3.550000000000000e+00	4.780428111838497e+00
3.550000000000000e+00	4.723177928418245e+00
3.550000000000000e+00	4.772609515337820e+00
3.550000000000000e+00	4.764727549435677e+00
3.550000000000000e+00	4.806366016726088e+00
3.550000000000000e+00	4.750297231032071e+00
3.550000000000000e+00	4.751809637587203e+00
3.550000000000000e+00	4.884210553227231e+00
3.550000000000000e+00	4.811665872626889e+00
3.550000000000000e+00	4.655482342650268e+00
3.550000000000000e+00	4.779878091063571e+00
3.550000000000000e+00	4.692985247301169e+00
3.550000000000000e+00	4.732517636941900e+00
3.550000000000000e+00	4.770421287792693e+00
3.550000000000000e+00	4.674659734879891e+00
3.550000000000000e+00	4.735347947642259e+00
3.550000000000000e+00	4.830861314968393e+00
3.550000000000000e+00	4.781095882086265e+00
3.550000000000000e+00	4.790088602178843e+00
3.550000000000000e+00	4.731656544197304e+00
3.550000000000000e+00	4.715880838185772e+00
3.550000000000000e+00	4.533159065134003e+00
3.550000000000000e+00	4.780671234031777e+00
3.550000000000000e+00	4.718187620539541e+00
3.550000000000000e+00	4.839754197651822e+00
3.550000000000000e+00	4.665646059728605e+00
3.550000000000000e+00	4.796295072034590e+00
3.550000000000000e+00	4.721429031185197e+00
3.550000000000000e+00	4.746627173677075e+00
3.550000000000000e+00	4.734569713620158e+00
3.550000000000000e+00	4.777318541574041e+00
3.550000000000000e+00	4.819327033761631e+00
3.550000000000000e+00	4.663867133690454e+00
3.550000000000000e+00	4.714054714365400e+00
3.550000000000000e+00	4.792742953631048e+00
3.550000000000000e+00	4.784915660433309e+00
3.550000000000000e+00	4.670881600790676e+00
3.550000000000000e+00	4.762203518406644e+00
3.550000000000000e+00	4.689933956584585e+00
3.550000000000000e+00	4.768627980413452e+00
3.550000000000000e+00	4.623645883145229e+00
3.550000000000000e+00	4.735015160860078e+00
3.550000000000000e+00	4.729646051456848e+00
3.550000000000000e+00	4.753357038016517e+00
3.550000000000000e+00	4.894005348989155e+00
3.550000000000000e+00	4.741734425245062e+00
3.550000000000000e+00	4.838613121826484e+00
3.550000000000000e+00	4.792481390968701e+00
3.550000000000000e+00	4.670304362785656e+00
3.550000000000000e+00	4.847593275575464e+00
3.550000000000000e+00	4.672754460739445e+00
3.550000000000000e+00	4.840564751561617e+00
3.550000000000000e+00	4.721436852305434e+00
3.550000000000000e+00	4.746639562100717e+00
3.550000000000000e+00	4.735473143489015e+00
3.550000000000000e+00	4.792720815654782e+00
3.550000000000000e+00	4.675369990099119e+00
3.550000000000000e+00	4.635177103859391e+00
3.550000000000000e+00	4.677106026179256e+00
3.550000000000000e+00	4.894248746736273e+00
3.550000000000000e+00	4.717362441377461e+00
3.550000000000000e+00	4.842745357340855e+00
3.550000000000000e+00	4.686552855551712e+00
3.550000000000000e+00	4.699235227780660e+00
3.550000000000000e+00	4.801426686200843e+00
3.550000000000000e+00	4.649878952739049e+00
3.550000000000000e+00	4.787949343887529e+00
3.550000000000000e+00	4.818384379680544e+00
3.550000000000000e+00	4.845524494018496e+00
3.550000000000000e+00	4.817465930790691e+00
3.550000000000000e+00	4.791331590672008e+00
3.550000000000000e+00	4.684824133431688e+00
3.550000000000000e+00	4.607983855494482e+00
3.550000000000000e+00	4.826664284402089e+00
3.550000000000000e+00	4.728875036636115e+00
3.550000000000000e+00	4.650210863167429e+00
3.550000000000000e+00	4.763707801880555e+00
3.550000000000000e+00	4.675932046697485e+00
3.550000000000000e+00	4.738170089431948e+00
3.550000000000000e+00	4.763123361444204e+00
3.550000000000000e+00	4.780381908103136e+00
3.550000000000000e+00	4.714183012477950e+00
3.550000000000000e+00	4.765518566191217e+00
3.550000000000000e+00	4.837714822536897e+00
3.550000000000000e+00	4.779427832164660e+00
3.550000000000000e+00	4.771053127053167e+00
3.550000000000000e+00	4.768486711132678e+00
3.550000000000000e+00	4.783381654734574e+00
3.550000000000000e+00	4.811640417810204e+00
3.550000000000000e+00	4.762368136343492e+00
3.550000000000000e+00	4.876282996561914e+00
3.550000000000000e+00	4.804366269332732e+00
3.550000000000000e+00	4.859270477304135e+00
3.550000000000000e+00	4.741753250567103e+00
3.550000000000000e+00	4.804103781783381e+00
3.550000000000000e+00	4.824146205008438e+00
3.550000000000000e+00	4.664446628853081e+00
3.550000000000000e+00	4.596670243236591e+00
3.550000000000000e+00	4.791786121025032e+00
3.550000000000000e+00	4.801896767536558e+00
3.550000000000000e+00	4.880303345463584e+00
3.550000000000000e+00	4.802822546102906e+00
3.550000000000000e+00	4.635063822797273e+00
3.550000000000000e+00	4.750887655336895e+00
3.550000000000000e+00	4.891419454358868e+00
3.550000000000000e+00	4.650953230201348e+00
3.550000000000000e+00	4.856755864972765e+00
3.550000000000000e+00	4.729117331995108e+00
3.550000000000000e+00	4.784251904525137e+00
3.550000000000000e+00	4.909653569709782e+00
3.550000000000000e+00	4.760937062332673e+00
3.550000000000000e+00	4.751416271577256e+00
3.550000000000000e+00	4.743067487372759e+00
3.550000000000000e+00	4.829423349578095e+00
3.550000000000000e+00	4.792428013795352e+00
3.550000000000000e+00	4.785194890613672e+00
3.550000000000000e+00	4.709265536639399e+00
3.550000000000000e+00	4.714572790002233e+00
3.550000000000000e+00	4.770769724979430e+00
3.550000000000000e+00	4.732807646601504e+00
3.550000000000000e+00	4.703135455220790e+00
3.550000000000000e+00	4.691874887036240e+00
3.550000000000000e+00	4.715384392305487e+00
3.550000000000000e+00	4.829401254062193e+00
3.550000000000000e+00	4.815956555465790e+00
3.550000000000000e+00	4.748474832562737e+00
3.550000000000000e+00	4.829447364097204e+00
3.550000000000000e+00	4.753998632163327e+00
3.550000000000000e+00	4.806027638227970e+00
3.550000000000000e+00	4.699359570882852e+00
3.550000000000000e+00	4.717474068642451e+00
3.550000000000000e+00	4.720744220778984e+00
3.550000000000000e+00	4.794084985572773e+00
3.550000000000000e+00	4.723299214120923e+00
3.550000000000000e+00	4.858258308826084e+00
3.550000000000000e+00	4.679188030948477e+00
3.550000000000000e+00	4.701415131293954e+00
3.550000000000000e+00	4.700623406868987e+00
3.550000000000000e+00	4.750633850676035e+00
3.550000000000000e+00	4.824249186078515e+00
3.550000000000000e+00	4.782969013779872e+00
3.550000000000000e+00	4.766467690489880e+00
3.550000000000000e+00	4.908229471391554e+00
3.550000000000000e+00	4.839655263570373e+00
3.550000000000000e+00	4.775616931254623e+00
3.550000000000000e+00	4.733102734867476e+00
3.550000000000000e+00	4.769762175303920e+00
3.550000000000000e+00	4.802501684991324e+00
3.550000000000000e+00	4.766088610419744e+00
3.550000000000000e+00	4.798934669111873e+00
3.550000000000000e+00	4.652342722809881e+00
3.550000000000000e+00	4.763353225004075e+00
3.550000000000000e+00	4.786872405001791e+00
3.550000000000000e+00	4.629662141781772e+00
3.550000000000000e+00	4.932214206328381e+00
3.550000000000000e+00	4.876091925103492e+00
3.550000000000000e+00	4.737390005656345e+00
3.550000000000000e+00	4.738987533443675e+00
3.550000000000000e+00	4.817921584166539e+00
3.550000000000000e+00	4.674690243875657e+00
3.550000000000000e+00	4.780910199902640e+00
3.550000000000000e+00	4.804241115121660e+00
3.550000000000000e+00	4.837561246897092e+00
3.550000000000000e+00	4.685312105988851e+00
3.550000000000000e+00	4.620581743754772e+00
3.550000000000000e+00	4.735348740920987e+00
3.550000000000000e+00	4.554931388708061e+00
3.550000000000000e+00	4.695688392400903e+00
3.550000000000000e+00	4.768779262145977e+00
3.550000000000000e+00	4.737343226726989e+00
3.550000000000000e+00	4.745555966540393e+00
3.550000000000000e+00	4.706839444047625e+00
3.550000000000000e+00	4.793109012524636e+00
3.550000000000000e+00	4.686273093996091e+00
3.550000000000000e+00	4.855701017893742e+00
3.550000000000000e+00	4.800137137832309e+00
3.550000000000000e+00	4.654419938460173e+00
3.550000000000000e+00	4.799637588219866e+00
3.550000000000000e+00	4.713782627736444e+00
3.550000000000000e+00	4.827745219987685e+00
3.550000000000000e+00	4.812272842491600e+00
3.550000000000000e+00	4.687863384945238e+00
3.550000000000000e+00	4.733681872965459e+00
3.550000000000000e+00	4.694580636492206e+00
3.550000000000000e+00	4.796090999229288e+00
3.550000000000000e+00	4.665375838289579e+00
3.550000000000000e+00	4.868568339827009e+00
3.550000000000000e+00	4.702012990262517e+00
3.550000000000000e+00	4.713455687369104e+00
3.550000000000000e+00	4.703020476019069e+00
3.550000000000000e+00	4.665184566067854e+00
3.550000000000000e+00	4.888188394844201e+00
3.550000000000000e+00	4.685544533620199e+00
3.550000000000000e+00	4.630392044780132e+00
3.550000000000000e+00	4.777532562176390e+00
3.550000000000000e+00	4.864069146439620e+00
3.550000000000000e+00	4.742076786803633e+00
3.550000000000000e+00	4.711254348643242e+00
3.550000000000000e+00	4.878009697442788e+00
3.550000000000000e+00	4.733783918500148e+00
3.550000000000000e+00	4.653283415510979e+00
3.550000000000000e+00	4.796494330074720e+00
3.550000000000000e+00	4.742269651661912e+00
3.550000000000000e+00	4.710702049351882e+00
3.550000000000000e+00	4.641562421422823e+00
3.550000000000000e+00	4.836794312398006e+00
3.550000000000000e+00	4.707138165902447e+00
3.550000000000000e+00	4.670758456240780e+00
3.550000000000000e+00	4.675330273168449e+00
3.550000000000000e+00	4.701509003443457e+00
3.550000000000000e+00	4.768177971146963e+00
3.550000000000000e+00	4.844106336149169e+00
3.550000000000000e+00	4.803960279900132e+00
3.550000000000000e+00	4.633154766811489e+00
3.550000000000000e+00	4.703062646902121e+00
3.550000000000000e+00	4.721072725663852e+00
3.550000000000000e+00	4.791337348044359e+00
3.550000000000000e+00	4.733949901956509e+00
3.550000000000000e+00	4.745096499736864e+00
3.550000000000000e+00	4.749624534888751e+00
3.550000000000000e+00	4.764131473545348e+00
3.550000000000000e+00	4.723092284437037e+00
3.550000000000000e+00	4.552981056558326e+00
3.550000000000000e+00	4.755593781685063e+00
3.550000000000000e+00	4.690029213871240e+00
3.550000000000000e+00	4.675849923767306e+00
3.550000000000000e+00	4.702261436401258e+00
3.550000000000000e+00	4.864590856761671e+00
3.550000000000000e+00	4.715140349418236e+00
3.550000000000000e+00	4.845755449721380e+00
3.550000000000000e+00	4.706570421336069e+00
3.550000000000000e+00	4.737072135232171e+00
3.550000000000000e+00	4.926044032916738e+00
3.550000000000000e+00	4.723959146167267e+00
3.550000000000000e+00	4.767305009798551e+00
3.550000000000000e+00	4.919482589165202e+00
3.550000000000000e+00	4.697802755021442e+00
3.550000000000000e+00	4.726564503076354e+00
3.550000000000000e+00	4.805549242104745e+00
3.550000000000000e+00	4.741767599297081e+00
3.550000000000000e+00	4.732767927661531e+00
3.550000000000000e+00	4.866796831666079e+00
3.550000000000000e+00	4.706153428018046e+00
3.550000000000000e+00	4.816853509689753e+00
3.550000000000000e+00	4.706990271078004e+00
3.550000000000000e+00	4.744015457794228e+00
3.550000000000000e+00	4.792713600846965e+00
3.550000000000000e+00	4.742357993719128e+00
3.550000000000000e+00	4.726714368606165e+00
3.550000000000000e+00	4.685742173275533e+00
3.550000000000000e+00	4.689703995270294e+00
3.550000000000000e+00	4.752748053694986e+00
3.550000000000000e+00	4.810482905243851e+00
3.550000000000000e+00	4.693021779754611e+00
3.550000000000000e+00	4.753444532374667e+00
3.550000000000000e+00	4.841552547454191e+00
3.550000000000000e+00	4.815178188315465e+00
3.550000000000000e+00	4.666514717902096e+00
3.550000000000000e+00	4.748811992073017e+00
3.550000000000000e+00	4.711389448760404e+00
3.550000000000000e+00	4.805022120842693e+00
3.550000000000000e+00	4.744337448721044e+00
3.550000000000000e+00	4.695479180481641e+00
3.550000000000000e+00	4.734856652636769e+00
3.550000000000000e+00	4.731509258926848e+00
3.550000000000000e+00	4.703456498164587e+00
3.550000000000000e+00	4.771429708523097e+00
3.550000000000000e+00	4.671590213753356e+00
3.550000000000000e+00	4.739326974451672e+00
3.550000000000000e+00	4.822657827471470e+00
3.550000000000000e+00	4.793902257613000e+00
3.550000000000000e+00	4.668808124836080e+00
3.550000000000000e+00	4.747959206137923e+00
3.550000000000000e+00	4.776050862841409e+00
3.550000000000000e+00	4.750260899352721e+00
3.550000000000000e+00	4.767641302581803e+00
3.550000000000000e+00	4.744463998240763e+00
3.550000000000000e+00	4.672035429443338e+00
3.550000000000000e+00	4.815285847372921e+00
3.550000000000000e+00	4.745775915360712e+00
3.550000000000000e+00	4.589614944119536e+00
3.550000000000000e+00	4.689034209776625e+00
3.550000000000000e+00	4.752256071428526e+00
3.550000000000000e+00	4.648108946003846e+00
3.550000000000000e+00	4.797056848698508e+00
3.550000000000000e+00	4.646434015081050e+00
3.550000000000000e+00	4.685369423809090e+00
3.550000000000000e+00	4.757305362630912e+00
3.550000000000000e+00	4.832860355883093e+00
3.550000000000000e+00	4.786384081223241e+00
3.550000000000000e+00	4.834083002970386e+00
3.550000000000000e+00	4.663352341569100e+00
3.550000000000000e+00	4.887978733365756e+00
3.550000000000000e+00	4.643451392546583e+00
3.550000000000000e+00	4.811609361468841e+00
3.550000000000000e+00	4.678503918175409e+00
3.550000000000000e+00	4.919250467939421e+00
3.550000000000000e+00	4.757608829367987e+00
3.550000000000000e+00	4.782863252322365e+00
3.550000000000000e+00	4.835121360394119e+00
3.550000000000000e+00	4.709655537225193e+00
3.550000000000000e+00	4.760091849776968e+00
3.550000000000000e+00	4.778946707564275e+00
3.550000000000000e+00	4.664522026713946e+00
3.550000000000000e+00	4.880195572355086e+00
3.550000000000000e+00	4.626303141414768e+00
3.550000000000000e+00	4.808247752065450e+00
3.550000000000000e+00	4.821608872293652e+00
3.550000000000000e+00	4.824081614893750e+00
3.550000000000000e+00	4.666044395015805e+00
3.550000000000000e+00	4.706500049785841e+00
3.550000000000000e+00	4.670177394597173e+00
3.550000000000000e+00	4.655972612649286e+00
3.550000000000000e+00	4.833163776807882e+00
3.550000000000000e+00	4.740422982561554e+00
3.550000000000000e+00	4.813673461023736e+00
3.550000000000000e+00	4.843758484009101e+00
3.550000000000000e+00	4.703920507234727e+00
3.550000000000000e+00	4.719085581500662e+00
3.550000000000000e+00	4.652199989161574e+00
3.550000000000000e+00	4.949908837597663e+00
3.550000000000000e+00	4.758659808359888e+00
3.550000000000000e+00	4.707394705981610e+00
3.550000000000000e+00	4.774262569100160e+00
3.550000000000000e+00	4.706417500945894e+00
3.550000000000000e+00	4.757622064371894e+00
3.550000000000000e+00	4.864417534768829e+00
3.550000000000000e+00	4.773550032277161e+00
3.550000000000000e+00	4.810214318094115e+00
3.550000000000000e+00	4.790756963418451e+00
3.550000000000000e+00	4.779920519248734e+00
3.550000000000000e+00	4.779660069321698e+00
3.550000000000000e+00	4.837344490422037e+00
3.550000000000000e+00	4.858329243460036e+00
3.550000000000000e+00	4.752678014808629e+00
3.550000000000000e+00	4.782552035837960e+00
3.550000000000000e+00	4.682587185823409e+00
3.550000000000000e+00	4.756213094286048e+00
3.550000000000000e+00	4.714893608888749e+00
3.550000000000000e+00	4.741477995165427e+00
3.550000000000000e+00	4.583680945810956e+00
3.550000000000000e+00	4.647822259442504e+00
3.550000000000000e+00	4.855280190892474e+00
3.550000000000000e+00	4.773866546401422e+00
3.550000000000000e+00	4.652301874609135e+00
3.550000000000000e+00	4.851450491292262e+00
3.550000000000000e+00	4.708212689997254e+00
3.550000000000000e+00	4.720801064816763e+00
3.550000000000000e+00	4.853836494234379e+00
3.550000000000000e+00	4.763460076653374e+00
3.550000000000000e+00	4.686519836744920e+00
3.550000000000000e+00	4.736450338250977e+00
3.550000000000000e+00	4.665777080443350e+00
3.550000000000000e+00	4.859422481837328e+00
3.550000000000000e+00	4.796968004055626e+00
3.550000000000000e+00	4.744089442564725e+00
3.550000000000000e+00	4.659798705660966e+00
3.550000000000000e+00	4.948359268571278e+00
3.550000000000000e+00	4.696770064319469e+00
3.550000000000000e+00	4.796246462101504e+00
3.550000000000000e+00	4.663909849578060e+00
3.550000000000000e+00	4.840087221215757e+00
3.550000000000000e+00	4.666095987303079e+00
3.550000000000000e+00	4.787220865144350e+00
3.550000000000000e+00	4.793674153025982e+00
3.550000000000000e+00	4.639335255937955e+00
3.550000000000000e+00	4.835404696681478e+00
3.550000000000000e+00	4.681073829453282e+00
3.550000000000000e+00	4.690386035609644e+00
3.550000000000000e+00	4.732559931391563e+00
3.550000000000000e+00	4.684905774299426e+00
3.550000000000000e+00	4.771635825564723e+00
3.550000000000000e+00	4.734204111458847e+00
3.550000000000000e+00	4.827895921009289e+00
3.550000000000000e+00	4.867111313690525e+00
3.550000000000000e+00	4.695684935075166e+00
3.550000000000000e+00	4.798889526886254e+00
3.550000000000000e+00	4.757449098979899e+00
3.550000000000000e+00	4.768099225027744e+00
3.550000000000000e+00	4.698122788265256e+00
3.550000000000000e+00	4.766366190549176e+00
3.550000000000000e+00	4.785635758285768e+00
3.550000000000000e+00	4.756854954280612e+00
3.550000000000000e+00	4.779093091015659e+00
3.550000000000000e+00	4.854543546875417e+00
3.550000000000000e+00	4.666514273944864e+00
3.550000000000000e+00	4.693401738956760e+00
3.550000000000000e+00	4.768188322714678e+00
3.550000000000000e+00	4.796400159864005e+00
3.550000000000000e+00	4.748008961732346e+00
3.550000000000000e+00	4.750537502715741e+00
3.550000000000000e+00	4.792267785728447e+00
3.550000000000000e+00	4.669790448387503e+00
3.550000000000000e+00	4.803453132962500e+00
3.550000000000000e+00	4.785233904213443e+00
3.550000000000000e+00	4.650282839604905e+00
3.550000000000000e+00	4.827044665684933e+00
3.550000000000000e+00	4.667743841380618e+00
3.550000000000000e+00	4.590699221694143e+00
3.550000000000000e+00	4.801733461274214e+00
3.550000000000000e+00	4.791102592251853e+00
3.550000000000000e+00	4.690808641163477e+00
3.550000000000000e+00	4.779823597537481e+00
3.550000000000000e+00	4.792700880531171e+00
3.550000000000000e+00	4.778512513046043e+00
3.550000000000000e+00	4.756295242289077e+00
3.550000000000000e+00	4.752031671392468e+00
3.550000000000000e+00	4.792640401261359e+00
3.550000000000000e+00	4.727612447500882e+00
3.550000000000000e+00	4.642574935040844e+00
3.550000000000000e+00	4.752377313289585e+00
3.550000000000000e+00	4.763470629500750e+00
3.550000000000000e+00	4.612295093425852e+00
3.550000000000000e+00	4.641292886578562e+00
3.550000000000000e+00	4.691614759547139e+00
3.550000000000000e+00	4.693932367325317e+00
3.550000000000000e+00	4.848558208390116e+00
3.550000000000000e+00	4.791294946951568e+00
3.550000000000000e+00	4.776880155233673e+00
3.550000000000000e+00	4.729932506290315e+00
3.550000000000000e+00	4.676362944546598e+00
3.550000000000000e+00	4.845956249468342e+00
3.550000000000000e+00	4.782871227891499e+00
3.550000000000000e+00	4.702571287832749e+00
3.550000000000000e+00	4.704209894985405e+00
3.550000000000000e+00	4.832830368363547e+00
3.550000000000000e+00	4.720497024580043e+00
3.550000000000000e+00	4.760467453102285e+00
3.550000000000000e+00	4.662210931582822e+00
3.550000000000000e+00	4.928610450143536e+00
3.550000000000000e+00	4.795701012992472e+00
3.550000000000000e+00	4.784171778434949e+00
3.550000000000000e+00	4.737826979786679e+00
3.550000000000000e+00	4.758536711823376e+00
3.550000000000000e+00	4.815860056620532e+00
3.550000000000000e+00	4.698581815890151e+00
3.550000000000000e+00	4.610656390260788e+00
3.550000000000000e+00	4.634198820117145e+00
3.550000000000000e+00	4.749740349599159e+00
3.550000000000000e+00	4.780443437423774e+00
3.550000000000000e+00	4.798922673475216e+00
3.550000000000000e+00	4.695021069987888e+00
3.550000000000000e+00	4.749432077763759e+00
3.550000000000000e+00	4.597637229303503e+00
3.550000000000000e+00	4.712843287272320e+00
3.550000000000000e+00	4.871032470955014e+00
3.550000000000000e+00	4.655847195108839e+00
3.550000000000000e+00	4.718232113027762e+00
3.550000000000000e+00	4.678306118537838e+00
3.550000000000000e+00	4.839030970668772e+00
3.550000000000000e+00	4.613144548310971e+00
3.550000000000000e+00	4.780128512914254e+00
3.550000000000000e+00	4.731624460157635e+00
3.550000000000000e+00	4.681021584683386e+00
3.550000000000000e+00	4.714927690835744e+00
3.550000000000000e+00	4.758589303926604e+00
3.550000000000000e+00	4.663953571160341e+00
3.550000000000000e+00	4.817548465537357e+00
3.550000000000000e+00	4.699578121685268e+00
3.550000000000000e+00	4.809789837699633e+00
3.550000000000000e+00	4.638947487786261e+00
3.550000000000000e+00	4.819476224219310e+00
3.550000000000000e+00	4.695405185187756e+00
3.550000000000000e+00	4.704357559475637e+00
3.550000000000000e+00	4.744441998175263e+00
3.550000000000000e+00	4.762685154016282e+00
3.550000000000000e+00	4.722605969751292e+00
3.550000000000000e+00	4.753015877016947e+00
3.550000000000000e+00	4.693636517503527e+00
3.550000000000000e+00	4.841359705336753e+00
3.550000000000000e+00	4.745086209836828e+00
3.550000000000000e+00	4.838342065861731e+00
3.550000000000000e+00	4.803270949991045e+00
3.550000000000000e+00	4.643089542769175e+00
3.550000000000000e+00	4.760211025903581e+00
3.550000000000000e+00	4.830272239892421e+00
3.550000000000000e+00	4.755866364552365e+00
3.550000000000000e+00	4.693612495545770e+00
3.550000000000000e+00	4.863697645956870e+00
3.550000000000000e+00	4.792852001263175e+00
3.550000000000000e+00	4.837041565639298e+00
3.550000000000000e+00	4.717570675613018e+00
3.550000000000000e+00	4.752241820286242e+00
3.550000000000000e+00	4.774198273485425e+00
3.550000000000000e+00	4.824842630176445e+00
3.550000000000000e+00	4.723159453886025e+00
