2.950000000000000e+00	7.471608351056565e-01
2.950000000000000e+00	8.240634935042723e-01
2.950000000000000e+00	7.641708157160653e-01
2.950000000000000e+00	8.414011828784255e-01
2.950000000000000e+00	7.525467145803760e-01
2.950000000000000e+00	8.494273149550432e-01
2.950000000000000e+00	7.117535573892600e-01
2.950000000000000e+00	7.389175377799728e-01
2.950000000000000e+00	8.157498488194203e-01
2.950000000000000e+00	7.339741819554160e-01
2.950000000000000e+00	8.156563319903624e-01
2.950000000000000e+00	8.424255823494106e-01
2.950000000000000e+00	7.800809630199035e-01
2.950000000000000e+00	7.636154600808863e-01
2.950000000000000e+00	7.298348434364185e-01
2.950000000000000e+00	7.126351674140606e-01
2.950000000000000e+00	7.530043222360656e-01
2.950000000000000e+00	7.689582827241064e-01
2.950000000000000e+00	7.596285827744597e-01
2.950000000000000e+00	7.506953180842135e-01
2.950000000000000e+00	7.361514740448319e-01
2.950000000000000e+00	8.217876177231489e-01
2.950000000000000e+00	7.200123537711280e-01
2.950000000000000e+00	8.035921312953835e-01
2.950000000000000e+00	7.379828464793271e-01
2.950000000000000e+00	7.707829536796671e-01
2.950000000000000e+00	7.152377360018903e-01
2.950000000000000e+00	8.575113158036702e-01
2.950000000000000e+00	7.539208358986972e-01
2.950000000000000e+00	7.537990099464978e-01
2.950000000000000e+00	6.375581761946182e-01
2.950000000000000e+00	7.646990806081598e-01
2.950000000000000e+00	8.827002007324479e-01
2.950000000000000e+00	8.152648803562719e-01
2.950000000000000e+00	7.387902674139352e-01
2.950000000000000e+00	7.411384708968988e-01
2.950000000000000e+00	8.235514362121428e-01
2.950000000000000e+00	8.417224487385169e-01
2.950000000000000e+00	8.443099140678948e-01
2.950000000000000e+00	8.850664244483247e-01
2.950000000000000e+00	7.890236966767169e-01
2.950000000000000e+00	7.168030089416204e-01
2.950000000000000e+00	6.871344383813227e-01
2.950000000000000e+00	7.359895128949377e-01
2.950000000000000e+00	8.614384523550978e-01
2.950000000000000e+00	7.849525840292407e-01
2.950000000000000e+00	7.837122209225443e-01
2.950000000000000e+00	8.056267029086801e-01
2.950000000000000e+00	7.869155555520981e-01
2.950000000000000e+00	8.199350686033734e-01
2.950000000000000e+00	7.982349288987957e-01
2.950000000000000e+00	7.000578858119618e-01
2.950000000000000e+00	8.775720159888860e-01
2.950000000000000e+00	7.374837630509895e-01
2.950000000000000e+00	7.577646880204191e-01
2.950000000000000e+00	7.570090315865374e-01
2.950000000000000e+00	7.299160438175593e-01
2.950000000000000e+00	7.980845241372023e-01
2.950000000000000e+00	7.859367761256855e-01
2.950000000000000e+00	7.824003897915168e-01
2.950000000000000e+00	8.124844264887829e-01
2.950000000000000e+00	8.694260223238004e-01
2.950000000000000e+00	8.596452400658935e-01
2.950000000000000e+00	7.334091238532049e-01
2.950000000000000e+00	7.584773836665955e-01
2.950000000000000e+00	7.512435757253032e-01
2.950000000000000e+00	7.771731488997289e-01
2.950000000000000e+00	7.562882970956882e-01
2.950000000000000e+00	7.818956912275620e-01
2.950000000000000e+00	7.654513080033108e-01
2.950000000000000e+00	8.342590578347445e-01
2.950000000000000e+00	7.973751379238381e-01
2.950000000000000e+00	7.826769845720365e-01
2.950000000000000e+00	8.280483819569605e-01
2.950000000000000e+00	8.110860137043400e-01
2.950000000000000e+00	7.421652011701858e-01
2.950000000000000e+00	8.035071066131695e-01
2.950000000000000e+00	6.975660372231766e-01
2.950000000000000e+00	7.621835376859506e-01
2.950000000000000e+00	8.200214952317582e-01
2.950000000000000e+00	7.222071850032186e-01
2.950000000000000e+00	6.984468722835760e-01
2.950000000000000e+00	8.575479344554400e-01
2.950000000000000e+00	8.568657698685049e-01
2.950000000000000e+00	8.421380090018810e-01
2.950000000000000e+00	7.119542168470727e-01
2.950000000000000e+00	7.784617973513759e-01
2.950000000000000e+00	8.408175462143602e-01
2.950000000000000e+00	8.302638087159303e-01
2.950000000000000e+00	8.489528475238098e-01
2.950000000000000e+00	7.682155971512989e-01
2.950000000000000e+00	8.203672251661172e-01
2.950000000000000e+00	7.697023435226703e-01
2.950000000000000e+00	7.088434955459273e-01
2.950000000000000e+00	7.488791194812013e-01
2.950000000000000e+00	8.226753296239463e-01
2.950000000000000e+00	8.219373733816775e-01
2.950000000000000e+00	7.964453664656470e-01
2.950000000000000e+00	8.134341535073215e-01
2.950000000000000e+00	8.547587658573650e-01
2.950000000000000e+00	8.489654554679583e-01
2.950000000000000e+00	8.250275177552863e-01
2.950000000000000e+00	7.673480460219710e-01
2.950000000000000e+00	7.999601900350967e-01
2.950000000000000e+00	8.513261641048041e-01
2.950000000000000e+00	8.493676161841376e-01
2.950000000000000e+00	8.253455169064031e-01
2.950000000000000e+00	7.414856502374046e-01
2.950000000000000e+00	7.465556833163802e-01
2.950000000000000e+00	7.634751462412542e-01
2.950000000000000e+00	7.355245979067617e-01
2.950000000000000e+00	7.087722247486314e-01
2.950000000000000e+00	7.416279524242538e-01
2.950000000000000e+00	7.952076359635158e-01
2.950000000000000e+00	8.110842185390497e-01
2.950000000000000e+00	7.823112740239901e-01
2.950000000000000e+00	7.703918159244039e-01
2.950000000000000e+00	8.500642432955188e-01
2.950000000000000e+00	7.130747689647265e-01
2.950000000000000e+00	7.455113675446781e-01
2.950000000000000e+00	7.739295895092864e-01
2.950000000000000e+00	7.472159159119913e-01
2.950000000000000e+00	8.267671205436260e-01
2.950000000000000e+00	8.405142414273754e-01
2.950000000000000e+00	7.796588883846127e-01
2.950000000000000e+00	8.420654717253341e-01
2.950000000000000e+00	7.577142363421984e-01
2.950000000000000e+00	8.412727791747564e-01
2.950000000000000e+00	7.316750810920662e-01
2.950000000000000e+00	7.853059726019328e-01
2.950000000000000e+00	7.664661807854887e-01
2.950000000000000e+00	7.687990349853943e-01
2.950000000000000e+00	7.500227323339933e-01
2.950000000000000e+00	7.986332624062376e-01
2.950000000000000e+00	8.515508231565606e-01
2.950000000000000e+00	8.040867970155281e-01
2.950000000000000e+00	7.472534651494177e-01
2.950000000000000e+00	6.926041285118352e-01
2.950000000000000e+00	7.316208747574166e-01
2.950000000000000e+00	7.866313605171812e-01
2.950000000000000e+00	7.788655959114114e-01
2.950000000000000e+00	7.465421715476772e-01
2.950000000000000e+00	7.370686867109487e-01
2.950000000000000e+00	7.507894410534706e-01
2.950000000000000e+00	8.023856182793099e-01
2.950000000000000e+00	6.893708029458161e-01
2.950000000000000e+00	8.470037471042724e-01
2.950000000000000e+00	8.023526314442530e-01
2.950000000000000e+00	8.170915520669916e-01
2.950000000000000e+00	7.598753368104979e-01
2.950000000000000e+00	7.150711362998973e-01
2.950000000000000e+00	7.832099364029015e-01
2.950000000000000e+00	7.601723132955788e-01
2.950000000000000e+00	8.742400532738731e-01
2.950000000000000e+00	7.974484259923157e-01
2.950000000000000e+00	7.693437768911829e-01
2.950000000000000e+00	7.449633331371138e-01
2.950000000000000e+00	6.502729901717803e-01
2.950000000000000e+00	7.983248473385028e-01
2.950000000000000e+00	8.686297905289277e-01
2.950000000000000e+00	8.466804445704104e-01
2.950000000000000e+00	7.310909771431015e-01
2.950000000000000e+00	7.193959329143591e-01
2.950000000000000e+00	7.397339917973885e-01
2.950000000000000e+00	7.603979003771381e-01
2.950000000000000e+00	7.873621222347121e-01
2.950000000000000e+00	7.600087980687819e-01
2.950000000000000e+00	8.266646077296288e-01
2.950000000000000e+00	7.881494971772186e-01
2.950000000000000e+00	7.636169319713770e-01
2.950000000000000e+00	7.634286425757358e-01
2.950000000000000e+00	7.473783512687163e-01
2.950000000000000e+00	7.830303719377728e-01
2.950000000000000e+00	7.912250859084269e-01
2.950000000000000e+00	8.356380341790277e-01
2.950000000000000e+00	7.262743547621108e-01
2.950000000000000e+00	8.661254772139183e-01
2.950000000000000e+00	7.863869229719237e-01
2.950000000000000e+00	8.058895091813774e-01
2.950000000000000e+00	7.876662960913854e-01
2.950000000000000e+00	7.719705685157816e-01
2.950000000000000e+00	7.286174379520254e-01
2.950000000000000e+00	8.066876018226224e-01
2.950000000000000e+00	8.672435333547119e-01
2.950000000000000e+00	8.232087858798992e-01
2.950000000000000e+00	8.097892514497806e-01
2.950000000000000e+00	8.056703675740003e-01
2.950000000000000e+00	7.322994509809584e-01
2.950000000000000e+00	8.118311105491099e-01
2.950000000000000e+00	8.137188344058757e-01
2.950000000000000e+00	8.182227824288647e-01
2.950000000000000e+00	7.921124305321459e-01
2.950000000000000e+00	8.739896024012926e-01
2.950000000000000e+00	8.413667077112555e-01
2.950000000000000e+00	7.550853844501160e-01
2.950000000000000e+00	7.529451770083634e-01
2.950000000000000e+00	8.432375163055374e-01
2.950000000000000e+00	7.885797027160535e-01
2.950000000000000e+00	8.381082764821755e-01
2.950000000000000e+00	8.133096710483853e-01
2.950000000000000e+00	7.797055352123935e-01
2.950000000000000e+00	7.731480864226188e-01
2.950000000000000e+00	7.486082547081213e-01
2.950000000000000e+00	7.157624932715585e-01
2.950000000000000e+00	8.208119165792829e-01
2.950000000000000e+00	8.067542375011163e-01
2.950000000000000e+00	7.503173012012054e-01
2.950000000000000e+00	8.043357660876853e-01
2.950000000000000e+00	8.417467613490379e-01
2.950000000000000e+00	7.826800836847363e-01
2.950000000000000e+00	7.974404476078868e-01
2.950000000000000e+00	7.028579140051228e-01
2.950000000000000e+00	7.414941521017899e-01
2.950000000000000e+00	6.683070463078613e-01
2.950000000000000e+00	8.191294897391416e-01
2.950000000000000e+00	7.898803479743745e-01
2.950000000000000e+00	8.149566161853306e-01
2.950000000000000e+00	7.679762209922844e-01
2.950000000000000e+00	7.937248315603491e-01
2.950000000000000e+00	7.722113772225891e-01
2.950000000000000e+00	7.652533048916600e-01
2.950000000000000e+00	7.510928092574164e-01
2.950000000000000e+00	8.632052606318467e-01
2.950000000000000e+00	7.998315852616371e-01
2.950000000000000e+00	8.228793766165490e-01
2.950000000000000e+00	8.181402033084970e-01
2.950000000000000e+00	6.997595147255842e-01
2.950000000000000e+00	6.745775773847598e-01
2.950000000000000e+00	7.055628612823740e-01
2.950000000000000e+00	7.329749026523632e-01
2.950000000000000e+00	7.288983145230387e-01
2.950000000000000e+00	6.308354235407211e-01
2.950000000000000e+00	7.391996481403517e-01
2.950000000000000e+00	7.952769528972454e-01
2.950000000000000e+00	7.589409467374494e-01
2.950000000000000e+00	7.822142907695739e-01
2.950000000000000e+00	7.744702815245239e-01
2.950000000000000e+00	8.514021926108573e-01
2.950000000000000e+00	7.685346489847990e-01
2.950000000000000e+00	7.924995501843078e-01
2.950000000000000e+00	7.626478914574688e-01
2.950000000000000e+00	7.644454269871931e-01
2.950000000000000e+00	7.632776339365908e-01
2.950000000000000e+00	8.049943154888862e-01
2.950000000000000e+00	7.642910523676976e-01
2.950000000000000e+00	7.714650541429655e-01
2.950000000000000e+00	7.302586606834861e-01
2.950000000000000e+00	8.824507158903629e-01
2.950000000000000e+00	7.110676819256753e-01
2.950000000000000e+00	8.477619656804841e-01
2.950000000000000e+00	7.776145661879705e-01
2.950000000000000e+00	7.475691756391457e-01
2.950000000000000e+00	7.918590454386603e-01
2.950000000000000e+00	7.830748624082191e-01
2.950000000000000e+00	8.108264615539154e-01
2.950000000000000e+00	7.512669043743972e-01
2.950000000000000e+00	8.373204496969813e-01
2.950000000000000e+00	8.080272235653970e-01
2.950000000000000e+00	7.847146185100333e-01
2.950000000000000e+00	7.784284623886651e-01
2.950000000000000e+00	8.093881438777074e-01
2.950000000000000e+00	8.703733122239385e-01
2.950000000000000e+00	8.077430679571590e-01
2.950000000000000e+00	7.691774376318837e-01
2.950000000000000e+00	7.964485178421620e-01
2.950000000000000e+00	8.374064707776221e-01
2.950000000000000e+00	8.519928477242591e-01
2.950000000000000e+00	8.387227413310600e-01
2.950000000000000e+00	7.525411868701836e-01
2.950000000000000e+00	7.742700551772391e-01
2.950000000000000e+00	8.522582592378940e-01
2.950000000000000e+00	8.122491626291836e-01
2.950000000000000e+00	7.208967910205625e-01
2.950000000000000e+00	7.616934380046871e-01
2.950000000000000e+00	7.989488970424218e-01
2.950000000000000e+00	6.971778861965544e-01
2.950000000000000e+00	8.044364626492566e-01
2.950000000000000e+00	7.855132298633939e-01
2.950000000000000e+00	8.458847686527383e-01
2.950000000000000e+00	7.287324123232184e-01
2.950000000000000e+00	8.294471248481670e-01
2.950000000000000e+00	6.599693284391942e-01
2.950000000000000e+00	8.115802385898968e-01
2.950000000000000e+00	8.616082359351270e-01
2.950000000000000e+00	8.090606617812878e-01
2.950000000000000e+00	7.428687237005066e-01
2.950000000000000e+00	7.990961232712779e-01
2.950000000000000e+00	7.776364626995383e-01
2.950000000000000e+00	7.661804311290268e-01
2.950000000000000e+00	8.011795135613430e-01
2.950000000000000e+00	9.078365842953277e-01
2.950000000000000e+00	8.094862232803985e-01
2.950000000000000e+00	8.210855219996511e-01
2.950000000000000e+00	7.634097733144900e-01
2.950000000000000e+00	8.147277072624242e-01
2.950000000000000e+00	6.434987874444894e-01
2.950000000000000e+00	8.117063052526508e-01
2.950000000000000e+00	7.662619586971635e-01
2.950000000000000e+00	7.767534318371828e-01
2.950000000000000e+00	7.692775698879389e-01
2.950000000000000e+00	7.769081513014935e-01
2.950000000000000e+00	7.624866494951525e-01
2.950000000000000e+00	8.018860663638674e-01
2.950000000000000e+00	7.969387549572595e-01
2.950000000000000e+00	7.368457124016323e-01
2.950000000000000e+00	8.108645889121118e-01
2.950000000000000e+00	7.709893476662665e-01
2.950000000000000e+00	7.868874998211030e-01
2.950000000000000e+00	7.861711608026350e-01
2.950000000000000e+00	7.627517758149428e-01
2.950000000000000e+00	7.703451037203607e-01
2.950000000000000e+00	7.930967087034553e-01
2.950000000000000e+00	8.210114523692273e-01
2.950000000000000e+00	7.498741995123073e-01
2.950000000000000e+00	7.644676104638596e-01
2.950000000000000e+00	7.889841275779987e-01
2.950000000000000e+00	7.796938152756627e-01
2.950000000000000e+00	8.129287970617954e-01
2.950000000000000e+00	7.797654025802012e-01
2.950000000000000e+00	8.373272201519906e-01
2.950000000000000e+00	7.452457761207554e-01
2.950000000000000e+00	8.112208054277320e-01
2.950000000000000e+00	7.982263366433020e-01
2.950000000000000e+00	8.566211044951098e-01
2.950000000000000e+00	7.926571033263938e-01
2.950000000000000e+00	7.841213365868729e-01
2.950000000000000e+00	7.848960301250949e-01
2.950000000000000e+00	7.423268691538684e-01
2.950000000000000e+00	7.562199325164577e-01
2.950000000000000e+00	7.798026487395621e-01
2.950000000000000e+00	7.762851463355603e-01
2.950000000000000e+00	8.330500672078022e-01
2.950000000000000e+00	7.491749403189799e-01
2.950000000000000e+00	7.686321526786294e-01
2.950000000000000e+00	7.478953308166497e-01
2.950000000000000e+00	7.116052952356996e-01
2.950000000000000e+00	7.868759061554375e-01
2.950000000000000e+00	7.153868970214080e-01
2.950000000000000e+00	8.761617100916077e-01
2.950000000000000e+00	7.558875594704361e-01
2.950000000000000e+00	7.731541324140770e-01
2.950000000000000e+00	7.073061790767470e-01
2.950000000000000e+00	7.234703791961029e-01
2.950000000000000e+00	7.658990275715615e-01
2.950000000000000e+00	7.604740505836708e-01
2.950000000000000e+00	7.440306146652120e-01
2.950000000000000e+00	7.764482635660892e-01
2.950000000000000e+00	7.980633139503402e-01
2.950000000000000e+00	7.741151246062358e-01
2.950000000000000e+00	8.162864841523939e-01
2.950000000000000e+00	8.211927386982956e-01
2.950000000000000e+00	7.834321783547993e-01
2.950000000000000e+00	8.101477948433505e-01
2.950000000000000e+00	8.395639975108793e-01
2.950000000000000e+00	7.655636149721446e-01
2.950000000000000e+00	8.041933526202426e-01
2.950000000000000e+00	7.697681557857158e-01
2.950000000000000e+00	8.415399702999656e-01
2.950000000000000e+00	7.263410957780519e-01
2.950000000000000e+00	7.095185839131826e-01
2.950000000000000e+00	8.479885599878652e-01
2.950000000000000e+00	7.350991191954410e-01
2.950000000000000e+00	7.558496446549977e-01
2.950000000000000e+00	7.226518375060967e-01
2.950000000000000e+00	7.781309333056231e-01
2.950000000000000e+00	8.076719470072408e-01
2.950000000000000e+00	7.410231307173980e-01
2.950000000000000e+00	7.519381128345466e-01
2.950000000000000e+00	6.370203082204697e-01
2.950000000000000e+00	7.663141987749166e-01
2.950000000000000e+00	7.841822556522730e-01
2.950000000000000e+00	7.635209450632298e-01
2.950000000000000e+00	9.103852140039947e-01
2.950000000000000e+00	8.811694021568335e-01
2.950000000000000e+00	7.777236288439499e-01
2.950000000000000e+00	7.270442382003648e-01
2.950000000000000e+00	7.592359998985058e-01
2.950000000000000e+00	8.403614671116388e-01
2.950000000000000e+00	7.985517963099179e-01
2.950000000000000e+00	8.214342934868272e-01
2.950000000000000e+00	7.967915029777980e-01
2.950000000000000e+00	7.539489900665267e-01
2.950000000000000e+00	7.634968512862039e-01
2.950000000000000e+00	7.332821179784176e-01
2.950000000000000e+00	8.270271728859524e-01
2.950000000000000e+00	7.962481273352217e-01
2.950000000000000e+00	8.165906661678587e-01
2.950000000000000e+00	6.670478910716003e-01
2.950000000000000e+00	7.574957198195352e-01
2.950000000000000e+00	7.785190850178174e-01
2.950000000000000e+00	6.972167157212776e-01
2.950000000000000e+00	8.050336496983621e-01
2.950000000000000e+00	8.814563394579901e-01
2.950000000000000e+00	7.810047100434299e-01
2.950000000000000e+00	7.224117931418056e-01
2.950000000000000e+00	8.271426539316995e-01
2.950000000000000e+00	7.518430479520470e-01
2.950000000000000e+00	6.559026562765070e-01
2.950000000000000e+00	7.360752800329305e-01
2.950000000000000e+00	7.890481246368357e-01
2.950000000000000e+00	7.428928177128085e-01
2.950000000000000e+00	8.288010291713843e-01
2.950000000000000e+00	7.725568186548463e-01
2.950000000000000e+00	7.404745582908882e-01
2.950000000000000e+00	7.537920271600821e-01
2.950000000000000e+00	7.612442710181017e-01
2.950000000000000e+00	7.820257257808015e-01
2.950000000000000e+00	7.798501082815564e-01
2.950000000000000e+00	7.813598354698618e-01
2.950000000000000e+00	8.587361411314429e-01
2.950000000000000e+00	8.084707447875203e-01
2.950000000000000e+00	7.899400792988118e-01
2.950000000000000e+00	8.247323467875592e-01
2.950000000000000e+00	7.743317993881778e-01
2.950000000000000e+00	7.406534434427149e-01
2.950000000000000e+00	7.507351237779196e-01
2.950000000000000e+00	8.397930242175253e-01
2.950000000000000e+00	7.852421843459593e-01
2.950000000000000e+00	7.834888020341436e-01
2.950000000000000e+00	7.661837029724192e-01
2.950000000000000e+00	7.453509492820831e-01
2.950000000000000e+00	7.657969774870718e-01
2.950000000000000e+00	7.757807866008918e-01
2.950000000000000e+00	7.551279667688141e-01
2.950000000000000e+00	8.069659052138767e-01
2.950000000000000e+00	7.222042644658969e-01
2.950000000000000e+00	7.667679241588783e-01
2.950000000000000e+00	7.527507262777029e-01
2.950000000000000e+00	8.141545354701133e-01
2.950000000000000e+00	6.954125343867799e-01
2.950000000000000e+00	7.845942637993062e-01
2.950000000000000e+00	8.000972170362717e-01
2.950000000000000e+00	8.022166039571303e-01
2.950000000000000e+00	7.494465731099512e-01
2.950000000000000e+00	6.883341744919957e-01
2.950000000000000e+00	8.724795120738065e-01
2.950000000000000e+00	8.084774425703792e-01
2.950000000000000e+00	8.678870763426846e-01
2.950000000000000e+00	7.073996833270939e-01
2.950000000000000e+00	6.799421932632383e-01
2.950000000000000e+00	6.977856229117417e-01
2.950000000000000e+00	7.823821836325494e-01
2.950000000000000e+00	7.461003112038627e-01
2.950000000000000e+00	8.287457499735588e-01
2.950000000000000e+00	7.740989825690050e-01
2.950000000000000e+00	8.364518754596013e-01
2.950000000000000e+00	7.768911723615227e-01
2.950000000000000e+00	9.081708491469086e-01
2.950000000000000e+00	8.906892796028698e-01
2.950000000000000e+00	8.128633925389075e-01
2.950000000000000e+00	7.493188895256260e-01
2.950000000000000e+00	6.849178105786169e-01
2.950000000000000e+00	7.157051170552188e-01
2.950000000000000e+00	8.547721881734015e-01
2.950000000000000e+00	7.709860359173570e-01
2.950000000000000e+00	6.949483835210962e-01
2.950000000000000e+00	7.252332070799914e-01
2.950000000000000e+00	8.175307635478127e-01
2.950000000000000e+00	7.578959996702344e-01
2.950000000000000e+00	8.553750471865235e-01
2.950000000000000e+00	6.945944774317540e-01
2.950000000000000e+00	7.292725683996216e-01
2.950000000000000e+00	7.259380550039342e-01
2.950000000000000e+00	6.986992227500877e-01
2.950000000000000e+00	8.361703183306303e-01
2.950000000000000e+00	7.657470050960767e-01
2.950000000000000e+00	7.015417856194148e-01
2.950000000000000e+00	7.827949751530650e-01
2.950000000000000e+00	7.230249551398135e-01
2.950000000000000e+00	7.682731279401083e-01
2.950000000000000e+00	8.047436041524378e-01
2.950000000000000e+00	7.844249622212563e-01
2.950000000000000e+00	8.131285586363152e-01
2.950000000000000e+00	7.905338312471968e-01
2.950000000000000e+00	8.083674825704580e-01
2.950000000000000e+00	8.072408117195828e-01
2.950000000000000e+00	7.535869789675483e-01
2.950000000000000e+00	7.842558381513034e-01
2.950000000000000e+00	7.598150708778455e-01
2.950000000000000e+00	7.898090316018559e-01
2.950000000000000e+00	7.982280554410777e-01
2.950000000000000e+00	7.803232029248884e-01
2.950000000000000e+00	8.957351903359166e-01
2.950000000000000e+00	7.334077228989824e-01
2.950000000000000e+00	7.337851127592608e-01
2.950000000000000e+00	7.568836630777352e-01
2.950000000000000e+00	7.198448674015963e-01
2.950000000000000e+00	7.864365058284131e-01
2.950000000000000e+00	7.577651626109738e-01
2.950000000000000e+00	7.563110704384626e-01
2.950000000000000e+00	7.522843778998592e-01
2.950000000000000e+00	8.068894305695955e-01
2.950000000000000e+00	8.344171858068643e-01
2.950000000000000e+00	7.592664773882034e-01
2.950000000000000e+00	7.424583046497658e-01
2.950000000000000e+00	8.682941377047082e-01
2.950000000000000e+00	8.576396019534526e-01
2.950000000000000e+00	6.192326102721045e-01
2.950000000000000e+00	7.843682152398420e-01
2.950000000000000e+00	7.243642730757206e-01
2.950000000000000e+00	7.623883569984522e-01
2.950000000000000e+00	7.786826854970891e-01
2.950000000000000e+00	7.244263019387841e-01
2.950000000000000e+00	7.236554039829666e-01
2.950000000000000e+00	7.619809928161938e-01
2.950000000000000e+00	8.629896416644338e-01
2.950000000000000e+00	7.659200554837038e-01
2.950000000000000e+00	7.764131043675551e-01
2.950000000000000e+00	7.998477851877408e-01
2.950000000000000e+00	6.845346688086884e-01
2.950000000000000e+00	7.230744390597382e-01
2.950000000000000e+00	8.549586444946657e-01
2.950000000000000e+00	7.466691495991215e-01
2.950000000000000e+00	7.652743547298284e-01
2.950000000000000e+00	7.851319560054326e-01
2.950000000000000e+00	8.058461062437522e-01
2.950000000000000e+00	7.651291502259741e-01
2.950000000000000e+00	7.949964865935260e-01
2.950000000000000e+00	7.207308566086934e-01
2.950000000000000e+00	8.139581510897166e-01
2.950000000000000e+00	7.602895935519428e-01
2.950000000000000e+00	9.213691056570881e-01
2.950000000000000e+00	8.115371461988214e-01
2.950000000000000e+00	7.839462019958325e-01
2.950000000000000e+00	8.912613470428198e-01
2.950000000000000e+00	7.851370969058716e-01
2.950000000000000e+00	8.221367390051114e-01
2.950000000000000e+00	7.545580002774571e-01
2.950000000000000e+00	8.240123284595138e-01
2.950000000000000e+00	8.016152876127250e-01
2.950000000000000e+00	8.289606836638961e-01
2.950000000000000e+00	7.760750972703504e-01
2.950000000000000e+00	7.840767152820284e-01
2.950000000000000e+00	7.646709894580181e-01
2.950000000000000e+00	8.374618152745742e-01
2.950000000000000e+00	7.804965900940188e-01
2.950000000000000e+00	7.695944705013896e-01
2.950000000000000e+00	7.608455302207204e-01
2.950000000000000e+00	7.920881014908335e-01
2.950000000000000e+00	7.134783787430188e-01
2.950000000000000e+00	8.858679261981033e-01
2.950000000000000e+00	7.283436051346776e-01
2.950000000000000e+00	7.782526675404620e-01
2.950000000000000e+00	7.883598681131609e-01
2.950000000000000e+00	7.662087916808579e-01
2.950000000000000e+00	7.980388406844108e-01
2.950000000000000e+00	7.674715082557909e-01
2.950000000000000e+00	7.226760957783618e-01
2.950000000000000e+00	6.669871019016894e-01
2.950000000000000e+00	7.344201093952361e-01
2.950000000000000e+00	8.245937809269989e-01
2.950000000000000e+00	9.036099675250536e-01
2.950000000000000e+00	7.298340875487961e-01
2.950000000000000e+00	7.240667697270885e-01
2.950000000000000e+00	7.935595207493908e-01
2.950000000000000e+00	7.898247417413838e-01
2.950000000000000e+00	7.586124268368676e-01
2.950000000000000e+00	7.526600449250666e-01
2.950000000000000e+00	8.035113311208480e-01
2.950000000000000e+00	8.180549264037937e-01
2.950000000000000e+00	7.890882529338541e-01
2.950000000000000e+00	7.712355755161657e-01
2.950000000000000e+00	8.337371935283109e-01
2.950000000000000e+00	7.524161942857791e-01
2.950000000000000e+00	6.640225655361154e-01
2.950000000000000e+00	7.391239875162983e-01
2.950000000000000e+00	8.221570661960370e-01
2.950000000000000e+00	7.329419125703761e-01
2.950000000000000e+00	7.528122416129774e-01
2.950000000000000e+00	7.653842501143873e-01
2.950000000000000e+00	8.730851419679633e-01
2.950000000000000e+00	7.971779879579135e-01
2.950000000000000e+00	8.314222770209839e-01
2.950000000000000e+00	7.919687436593079e-01
2.950000000000000e+00	7.521774334553712e-01
2.950000000000000e+00	7.975595843290194e-01
2.950000000000000e+00	7.517848372079633e-01
2.950000000000000e+00	7.698749593653517e-01
2.950000000000000e+00	7.693960087500528e-01
2.950000000000000e+00	8.601596435370304e-01
2.950000000000000e+00	7.244885986647711e-01
2.950000000000000e+00	7.787305642270506e-01
2.950000000000000e+00	8.166831836895821e-01
2.950000000000000e+00	6.847272851962284e-01
2.950000000000000e+00	8.091852204683728e-01
2.950000000000000e+00	7.880078332857520e-01
2.950000000000000e+00	7.116238761831972e-01
2.950000000000000e+00	7.805847902050604e-01
2.950000000000000e+00	7.277283528326368e-01
2.950000000000000e+00	7.927441587148192e-01
2.950000000000000e+00	9.156939802463632e-01
2.950000000000000e+00	8.210005946631748e-01
2.950000000000000e+00	7.553892907953582e-01
2.950000000000000e+00	8.175972308081999e-01
2.950000000000000e+00	7.565801653136534e-01
2.950000000000000e+00	8.176739158844092e-01
2.950000000000000e+00	7.989596961812405e-01
2.950000000000000e+00	8.852921359945849e-01
2.950000000000000e+00	7.688270723672221e-01
2.950000000000000e+00	7.798694328928012e-01
2.950000000000000e+00	8.756451196797592e-01
2.950000000000000e+00	7.745945434576749e-01
2.950000000000000e+00	7.285084713623492e-01
2.950000000000000e+00	8.211818540735687e-01
2.950000000000000e+00	8.113210957116425e-01
2.950000000000000e+00	7.293524999161806e-01
2.950000000000000e+00	7.592481871743658e-01
2.950000000000000e+00	6.939815504109216e-01
2.950000000000000e+00	7.657355425781019e-01
2.950000000000000e+00	7.460541004115205e-01
2.950000000000000e+00	7.318802684259976e-01
2.950000000000000e+00	7.618969690068615e-01
2.950000000000000e+00	7.025871734681063e-01
2.950000000000000e+00	8.171723740013007e-01
2.950000000000000e+00	8.232973550418103e-01
2.950000000000000e+00	7.816599715886970e-01
2.950000000000000e+00	8.977125738867117e-01
2.950000000000000e+00	7.407277629787279e-01
2.950000000000000e+00	7.253565867009216e-01
2.950000000000000e+00	7.072905338027551e-01
2.950000000000000e+00	7.487377198733591e-01
2.950000000000000e+00	7.961519883379607e-01
2.950000000000000e+00	8.454174434010311e-01
2.950000000000000e+00	8.134622571713542e-01
2.950000000000000e+00	7.714515478803065e-01
2.950000000000000e+00	7.974362375044557e-01
2.950000000000000e+00	7.417260038891148e-01
2.950000000000000e+00	7.969543414446565e-01
2.950000000000000e+00	7.326256773337574e-01
2.950000000000000e+00	7.449093136521711e-01
2.950000000000000e+00	7.484230602670990e-01
2.950000000000000e+00	6.810870617048396e-01
2.950000000000000e+00	7.839168686823700e-01
2.950000000000000e+00	7.791094261722011e-01
2.950000000000000e+00	8.095991030608966e-01
2.950000000000000e+00	8.109460136247379e-01
2.950000000000000e+00	7.690455635502138e-01
2.950000000000000e+00	6.765855109378065e-01
2.950000000000000e+00	8.225351694147678e-01
2.950000000000000e+00	7.611706072297073e-01
2.950000000000000e+00	7.468961817790548e-01
2.950000000000000e+00	7.592739187081531e-01
2.950000000000000e+00	8.090256053773017e-01
2.950000000000000e+00	7.728207719637488e-01
2.950000000000000e+00	6.941535559805755e-01
2.950000000000000e+00	6.923021590427879e-01
2.950000000000000e+00	7.621613703790456e-01
2.950000000000000e+00	7.937812358740621e-01
2.950000000000000e+00	7.701231063202790e-01
2.950000000000000e+00	7.614527393706172e-01
2.950000000000000e+00	7.127258534217890e-01
2.950000000000000e+00	7.266947261756658e-01
2.950000000000000e+00	7.492707503541265e-01
2.950000000000000e+00	8.208107255192687e-01
2.950000000000000e+00	7.051877482618674e-01
2.950000000000000e+00	8.302019715604866e-01
2.950000000000000e+00	7.606385011420638e-01
2.950000000000000e+00	8.259589920404018e-01
2.950000000000000e+00	6.514012806946083e-01
2.950000000000000e+00	8.257895821287780e-01
2.950000000000000e+00	8.474896395739479e-01
2.950000000000000e+00	7.544907535152845e-01
2.950000000000000e+00	7.569024342977505e-01
2.950000000000000e+00	7.646325420724026e-01
2.950000000000000e+00	7.859606013864087e-01
2.950000000000000e+00	8.443610232151039e-01
2.950000000000000e+00	7.911297487865450e-01
2.950000000000000e+00	7.713266857346506e-01
2.950000000000000e+00	7.408735011822949e-01
2.950000000000000e+00	8.066523114236301e-01
2.950000000000000e+00	7.987580630252472e-01
2.950000000000000e+00	6.840237656555445e-01
2.950000000000000e+00	7.127248366406163e-01
2.950000000000000e+00	7.722079797339216e-01
2.950000000000000e+00	7.455320988536013e-01
2.950000000000000e+00	7.047579368899634e-01
2.950000000000000e+00	7.870077103400872e-01
2.950000000000000e+00	7.251271163670676e-01
2.950000000000000e+00	7.639523424890586e-01
2.950000000000000e+00	7.639033096712740e-01
2.950000000000000e+00	7.985822595642461e-01
2.950000000000000e+00	7.169795308573217e-01
2.950000000000000e+00	7.512172453586873e-01
2.950000000000000e+00	6.918869860602964e-01
2.950000000000000e+00	8.279732766752045e-01
2.950000000000000e+00	7.907793625057505e-01
2.950000000000000e+00	8.317597694546016e-01
2.950000000000000e+00	7.365901781341216e-01
2.950000000000000e+00	7.198684046856572e-01
2.950000000000000e+00	8.073390886489965e-01
2.950000000000000e+00	7.527951610564318e-01
2.950000000000000e+00	7.488471203462993e-01
2.950000000000000e+00	8.151921178004615e-01
2.950000000000000e+00	7.724441248295830e-01
2.950000000000000e+00	7.722133926412668e-01
2.950000000000000e+00	7.135636702008008e-01
2.950000000000000e+00	7.993485250068051e-01
2.950000000000000e+00	7.258973140887475e-01
2.950000000000000e+00	7.735451223071593e-01
2.950000000000000e+00	7.602411108288846e-01
2.950000000000000e+00	8.406933397907925e-01
2.950000000000000e+00	7.780656977373316e-01
2.950000000000000e+00	7.126260812257363e-01
2.950000000000000e+00	8.195641213744738e-01
2.950000000000000e+00	7.639468146307525e-01
2.950000000000000e+00	7.790261162011995e-01
2.950000000000000e+00	7.850091894424207e-01
2.950000000000000e+00	8.288067040018687e-01
2.950000000000000e+00	6.898837147885886e-01
2.950000000000000e+00	7.795319014181884e-01
2.950000000000000e+00	8.342429119875155e-01
2.950000000000000e+00	7.760063111065045e-01
2.950000000000000e+00	7.728022468579446e-01
2.950000000000000e+00	8.245420518032999e-01
2.950000000000000e+00	7.307607059370914e-01
2.950000000000000e+00	7.590081388754729e-01
2.950000000000000e+00	7.003198335223231e-01
2.950000000000000e+00	8.133728113959008e-01
2.950000000000000e+00	8.051699706577855e-01
2.950000000000000e+00	8.000883517839625e-01
2.950000000000000e+00	7.656721429659805e-01
2.950000000000000e+00	7.570515195430307e-01
2.950000000000000e+00	7.239782838723434e-01
2.950000000000000e+00	8.537247212806733e-01
2.950000000000000e+00	7.624671623255366e-01
2.950000000000000e+00	8.936360755462424e-01
2.950000000000000e+00	7.856310879327636e-01
2.950000000000000e+00	7.730659777330940e-01
2.950000000000000e+00	7.475131295021277e-01
2.950000000000000e+00	8.416924230504937e-01
2.950000000000000e+00	8.368520331855962e-01
2.950000000000000e+00	8.252462766214725e-01
2.950000000000000e+00	7.165747738404269e-01
2.950000000000000e+00	7.317980682232565e-01
2.950000000000000e+00	6.916108169984827e-01
2.950000000000000e+00	7.622692178457479e-01
2.950000000000000e+00	7.496021779223172e-01
2.950000000000000e+00	6.983173039992915e-01
2.950000000000000e+00	7.796936601461422e-01
2.950000000000000e+00	7.479201666591943e-01
2.950000000000000e+00	7.524900290502294e-01
2.950000000000000e+00	7.258596585195107e-01
2.950000000000000e+00	8.030975489253975e-01
2.950000000000000e+00	7.488574458693475e-01
2.950000000000000e+00	7.652575112282872e-01
2.950000000000000e+00	7.596385250936970e-01
2.950000000000000e+00	7.571589508667186e-01
2.950000000000000e+00	6.575214562181144e-01
2.950000000000000e+00	8.161479922439677e-01
2.950000000000000e+00	7.416066266686705e-01
2.950000000000000e+00	7.399775406810811e-01
2.950000000000000e+00	8.248116435730811e-01
2.950000000000000e+00	7.930032602887279e-01
2.950000000000000e+00	7.937957855938670e-01
2.950000000000000e+00	7.870508009304030e-01
2.950000000000000e+00	8.318517353548951e-01
2.950000000000000e+00	8.665936979579003e-01
2.950000000000000e+00	7.850907277402516e-01
2.950000000000000e+00	7.195556156400638e-01
2.950000000000000e+00	7.322103673207162e-01
2.950000000000000e+00	7.571574103510450e-01
2.950000000000000e+00	7.269079394793634e-01
2.950000000000000e+00	7.180762661695564e-01
2.950000000000000e+00	7.958784720533216e-01
2.950000000000000e+00	8.058681553302329e-01
2.950000000000000e+00	6.925184952604064e-01
2.950000000000000e+00	8.188516547171796e-01
2.950000000000000e+00	8.059851868084424e-01
2.950000000000000e+00	7.534781456648365e-01
2.950000000000000e+00	7.752210616058092e-01
2.950000000000000e+00	7.534819033919323e-01
2.950000000000000e+00	6.867134271222886e-01
2.950000000000000e+00	7.283739251500325e-01
2.950000000000000e+00	7.548309511704313e-01
2.950000000000000e+00	7.441215944348374e-01
2.950000000000000e+00	7.049029784555788e-01
2.950000000000000e+00	7.574126983247760e-01
2.950000000000000e+00	7.470237269843532e-01
2.950000000000000e+00	8.417577410197455e-01
2.950000000000000e+00	7.834180492681292e-01
2.950000000000000e+00	7.765574827368329e-01
2.950000000000000e+00	8.292799803344981e-01
2.950000000000000e+00	7.794557121946373e-01
2.950000000000000e+00	8.485930458309564e-01
2.950000000000000e+00	8.066282070099625e-01
2.950000000000000e+00	7.543937941606174e-01
2.950000000000000e+00	8.400719597147066e-01
2.950000000000000e+00	7.648423620421924e-01
2.950000000000000e+00	6.858400285450907e-01
2.950000000000000e+00	7.354608346117141e-01
2.950000000000000e+00	7.318756718241332e-01
2.950000000000000e+00	8.350651630944242e-01
2.950000000000000e+00	7.708056553760755e-01
2.950000000000000e+00	7.557259003445295e-01
2.950000000000000e+00	8.426354319006244e-01
2.950000000000000e+00	7.171047845656153e-01
2.950000000000000e+00	7.561994845116815e-01
2.950000000000000e+00	7.669483508239606e-01
2.950000000000000e+00	7.978361914581763e-01
2.950000000000000e+00	8.097054687954433e-01
2.950000000000000e+00	7.640592938799337e-01
2.950000000000000e+00	8.159458071414235e-01
2.950000000000000e+00	7.714856755900997e-01
2.950000000000000e+00	7.398035141234174e-01
2.950000000000000e+00	7.337991052692439e-01
2.950000000000000e+00	7.728531589839501e-01
2.950000000000000e+00	6.541418079570744e-01
2.950000000000000e+00	7.236766846983683e-01
2.950000000000000e+00	7.504390792867148e-01
2.950000000000000e+00	7.695843219853772e-01
2.950000000000000e+00	7.299463912792098e-01
2.950000000000000e+00	8.571750406648493e-01
2.950000000000000e+00	7.664343563851100e-01
2.950000000000000e+00	7.321704777564325e-01
2.950000000000000e+00	7.672226227771267e-01
2.950000000000000e+00	7.394521446382954e-01
2.950000000000000e+00	7.991252382764259e-01
2.950000000000000e+00	7.112775022769026e-01
2.950000000000000e+00	9.284163651209533e-01
2.950000000000000e+00	9.030856026219732e-01
2.950000000000000e+00	7.686317129020538e-01
2.950000000000000e+00	7.849886393150265e-01
2.950000000000000e+00	8.184209707636922e-01
2.950000000000000e+00	8.331478219938230e-01
2.950000000000000e+00	8.209998262617756e-01
2.950000000000000e+00	7.318107821138126e-01
2.950000000000000e+00	7.683438168298028e-01
2.950000000000000e+00	7.438280695863910e-01
2.950000000000000e+00	7.845404700612170e-01
2.950000000000000e+00	7.290445065357797e-01
2.950000000000000e+00	7.177923802957693e-01
2.950000000000000e+00	8.249151855217850e-01
2.950000000000000e+00	7.394985579248736e-01
2.950000000000000e+00	7.862299191062156e-01
2.950000000000000e+00	6.874577803816612e-01
2.950000000000000e+00	8.004970601972231e-01
2.950000000000000e+00	7.334591204992283e-01
2.950000000000000e+00	8.519478932004714e-01
2.950000000000000e+00	7.840861722170672e-01
2.950000000000000e+00	7.789953038839523e-01
2.950000000000000e+00	8.642367994352134e-01
2.950000000000000e+00	7.160912983835964e-01
2.950000000000000e+00	8.371604945205509e-01
2.950000000000000e+00	8.027896227800319e-01
2.950000000000000e+00	7.257412326507251e-01
2.950000000000000e+00	7.552761493395279e-01
2.950000000000000e+00	6.672846624703002e-01
2.950000000000000e+00	8.280491848212275e-01
2.950000000000000e+00	7.288513489555213e-01
2.950000000000000e+00	7.230521569227208e-01
2.950000000000000e+00	8.340430865537689e-01
2.950000000000000e+00	8.063675173624741e-01
2.950000000000000e+00	7.732860184437143e-01
2.950000000000000e+00	7.787775972450507e-01
2.950000000000000e+00	7.683055830111176e-01
2.950000000000000e+00	7.668746267647253e-01
2.950000000000000e+00	7.377872525867561e-01
2.950000000000000e+00	7.100649473982690e-01
2.950000000000000e+00	7.456502950991797e-01
2.950000000000000e+00	8.445004366296835e-01
2.950000000000000e+00	7.839357630504916e-01
2.950000000000000e+00	8.054800957868246e-01
2.950000000000000e+00	7.272765481133108e-01
2.950000000000000e+00	8.146145859929463e-01
2.950000000000000e+00	7.809521522185418e-01
2.950000000000000e+00	8.220361303055249e-01
2.950000000000000e+00	7.378181120843621e-01
2.950000000000000e+00	7.604120542243625e-01
2.950000000000000e+00	8.858646933781666e-01
2.950000000000000e+00	7.481860458088813e-01
2.950000000000000e+00	7.558455224464378e-01
2.950000000000000e+00	8.495849617735731e-01
2.950000000000000e+00	8.731953209103954e-01
2.950000000000000e+00	8.260280819132072e-01
2.950000000000000e+00	8.281350686534803e-01
2.950000000000000e+00	7.617677905712943e-01
2.950000000000000e+00	7.239572653373986e-01
2.950000000000000e+00	6.776999551601124e-01
2.950000000000000e+00	8.285581122904291e-01
2.950000000000000e+00	7.703862188526498e-01
2.950000000000000e+00	6.930802724014337e-01
2.950000000000000e+00	8.367390164796145e-01
2.950000000000000e+00	8.264438123079729e-01
2.950000000000000e+00	7.221832902996133e-01
2.950000000000000e+00	8.171217355943121e-01
2.950000000000000e+00	7.902263915616751e-01
2.950000000000000e+00	8.224602123326432e-01
2.950000000000000e+00	7.054064714898095e-01
2.950000000000000e+00	7.947557498194515e-01
2.950000000000000e+00	8.772870574255007e-01
2.950000000000000e+00	8.218363175488964e-01
2.950000000000000e+00	7.765435783663657e-01
2.950000000000000e+00	7.395702010141393e-01
2.950000000000000e+00	8.656052185676192e-01
2.950000000000000e+00	7.432352258719364e-01
2.950000000000000e+00	7.741922397663497e-01
2.950000000000000e+00	7.490744237881519e-01
2.950000000000000e+00	7.932594501151629e-01
2.950000000000000e+00	7.603438827594969e-01
2.950000000000000e+00	8.789923402997947e-01
2.950000000000000e+00	7.913164490283117e-01
2.950000000000000e+00	7.372955053361767e-01
2.950000000000000e+00	7.596665292499041e-01
2.950000000000000e+00	7.335448619507212e-01
2.950000000000000e+00	8.099835044483775e-01
2.950000000000000e+00	7.198582197838530e-01
2.950000000000000e+00	7.628123635584172e-01
2.950000000000000e+00	7.594051777976483e-01
2.950000000000000e+00	7.452968461112135e-01
2.950000000000000e+00	7.747911919753204e-01
2.950000000000000e+00	7.654253443892233e-01
2.950000000000000e+00	7.472030439420413e-01
2.950000000000000e+00	8.411798475143837e-01
2.950000000000000e+00	7.349298765764477e-01
2.950000000000000e+00	8.686273505652807e-01
2.950000000000000e+00	7.692482140966749e-01
2.950000000000000e+00	8.311459309003346e-01
2.950000000000000e+00	7.152549813986601e-01
2.950000000000000e+00	8.781695349297522e-01
2.950000000000000e+00	7.872947507111904e-01
2.950000000000000e+00	7.844149232053522e-01
2.950000000000000e+00	7.891428718360793e-01
2.950000000000000e+00	8.522934294628182e-01
2.950000000000000e+00	8.103852329366661e-01
2.950000000000000e+00	7.131861205634565e-01
2.950000000000000e+00	7.388473586622200e-01
2.950000000000000e+00	7.659584687570508e-01
2.950000000000000e+00	9.237498448925013e-01
2.950000000000000e+00	7.424162642395516e-01
2.950000000000000e+00	7.298605886730306e-01
2.950000000000000e+00	7.802730724393966e-01
2.950000000000000e+00	6.944895897067084e-01
2.950000000000000e+00	7.377097767950282e-01
2.950000000000000e+00	7.653451604150481e-01
2.950000000000000e+00	7.288886026441568e-01
2.950000000000000e+00	7.643213386904737e-01
2.950000000000000e+00	8.090840489430441e-01
2.950000000000000e+00	7.744295638881240e-01
2.950000000000000e+00	7.181916877842883e-01
2.950000000000000e+00	7.396566019232310e-01
2.950000000000000e+00	8.059058137199040e-01
2.950000000000000e+00	7.242665801559472e-01
2.950000000000000e+00	7.907901354114253e-01
2.950000000000000e+00	6.851797145226816e-01
2.950000000000000e+00	7.461028334897973e-01
2.950000000000000e+00	7.945623321954483e-01
2.950000000000000e+00	7.817619863436311e-01
2.950000000000000e+00	7.083379870113424e-01
2.950000000000000e+00	7.790771042966049e-01
2.950000000000000e+00	7.787936428427512e-01
2.950000000000000e+00	7.637785874207670e-01
2.950000000000000e+00	7.306262456623487e-01
2.950000000000000e+00	7.809911997527211e-01
2.950000000000000e+00	8.912353269999397e-01
2.950000000000000e+00	6.876651970575645e-01
2.950000000000000e+00	7.043153072119268e-01
2.950000000000000e+00	8.757868783072281e-01
2.950000000000000e+00	7.133922628792752e-01
2.950000000000000e+00	6.926543744342405e-01
2.950000000000000e+00	7.635183722519538e-01
2.950000000000000e+00	7.637462020319560e-01
2.950000000000000e+00	7.700778879014161e-01
2.950000000000000e+00	8.033109604028678e-01
2.950000000000000e+00	7.569357769313440e-01
2.950000000000000e+00	8.235943259408406e-01
2.950000000000000e+00	7.674595661281161e-01
2.950000000000000e+00	8.307994185940814e-01
2.950000000000000e+00	8.407764064601381e-01
2.950000000000000e+00	8.348757767849655e-01
2.950000000000000e+00	7.989105568119973e-01
2.950000000000000e+00	7.529138975101555e-01
2.950000000000000e+00	8.498869011225511e-01
2.950000000000000e+00	9.155803572836472e-01
2.950000000000000e+00	8.410691772563267e-01
2.950000000000000e+00	8.396197073891790e-01
2.950000000000000e+00	7.789454641832017e-01
2.950000000000000e+00	7.816806187778296e-01
2.950000000000000e+00	7.281362150412264e-01
2.950000000000000e+00	7.413567774400091e-01
2.950000000000000e+00	7.888123189364309e-01
2.950000000000000e+00	7.624705700993444e-01
2.950000000000000e+00	7.224569011950579e-01
2.950000000000000e+00	8.176426303004019e-01
2.950000000000000e+00	8.156808003597896e-01
2.950000000000000e+00	7.703240419034783e-01
2.950000000000000e+00	7.744036953741549e-01
2.950000000000000e+00	8.296765743214569e-01
2.950000000000000e+00	8.742549927224617e-01
2.950000000000000e+00	7.846423680307327e-01
2.950000000000000e+00	7.233812150079697e-01
2.950000000000000e+00	7.854082257753188e-01
2.950000000000000e+00	8.182431279235072e-01
2.950000000000000e+00	8.010124695447166e-01
2.950000000000000e+00	7.944105691512062e-01
2.950000000000000e+00	8.078720536115029e-01
2.950000000000000e+00	7.949408607829335e-01
2.950000000000000e+00	7.181869708273224e-01
2.950000000000000e+00	7.777967284045734e-01
2.950000000000000e+00	8.389137829191099e-01
2.950000000000000e+00	7.882682914155329e-01
