1.850000000000000e+00	3.826229723473525e-01
1.850000000000000e+00	3.873136990775818e-01
1.850000000000000e+00	4.465440375071630e-01
1.850000000000000e+00	4.542740029133945e-01
1.850000000000000e+00	3.544373537976502e-01
1.850000000000000e+00	4.118764259451859e-01
1.850000000000000e+00	3.843650964390821e-01
1.850000000000000e+00	4.418134791920753e-01
1.850000000000000e+00	3.874506236335507e-01
1.850000000000000e+00	3.804910807373147e-01
1.850000000000000e+00	4.364753209983468e-01
1.850000000000000e+00	4.261998920063737e-01
1.850000000000000e+00	3.627078266794967e-01
1.850000000000000e+00	4.422321767584136e-01
1.850000000000000e+00	3.937990732108940e-01
1.850000000000000e+00	4.206586862704333e-01
1.850000000000000e+00	4.006061597862413e-01
1.850000000000000e+00	3.947345707766227e-01
1.850000000000000e+00	4.499573657130707e-01
1.850000000000000e+00	3.271478086730562e-01
1.850000000000000e+00	4.507995166256449e-01
1.850000000000000e+00	4.276468326428959e-01
1.850000000000000e+00	4.587735079642146e-01
1.850000000000000e+00	4.303015804493817e-01
1.850000000000000e+00	3.507852561448251e-01
1.850000000000000e+00	4.145207942028123e-01
1.850000000000000e+00	3.917423794902787e-01
1.850000000000000e+00	3.665857799038932e-01
1.850000000000000e+00	4.927141339469727e-01
1.850000000000000e+00	4.752152400555559e-01
1.850000000000000e+00	4.028792973178434e-01
1.850000000000000e+00	4.707499347205257e-01
1.850000000000000e+00	4.019410944404580e-01
1.850000000000000e+00	3.764431784656991e-01
1.850000000000000e+00	4.008523308718785e-01
1.850000000000000e+00	4.317825560715686e-01
1.850000000000000e+00	3.255616355021654e-01
1.850000000000000e+00	4.250764442663416e-01
1.850000000000000e+00	4.006016738321000e-01
1.850000000000000e+00	4.594384826065163e-01
1.850000000000000e+00	4.157710993859519e-01
1.850000000000000e+00	3.869465698852769e-01
1.850000000000000e+00	3.805885555394543e-01
1.850000000000000e+00	4.515878245363142e-01
1.850000000000000e+00	3.822354242663578e-01
1.850000000000000e+00	4.562722541564528e-01
1.850000000000000e+00	4.503789685527745e-01
1.850000000000000e+00	4.844232114103182e-01
1.850000000000000e+00	4.149920647815746e-01
1.850000000000000e+00	4.034464346618054e-01
1.850000000000000e+00	3.292953958001614e-01
1.850000000000000e+00	4.911211561298442e-01
1.850000000000000e+00	4.428750797693974e-01
1.850000000000000e+00	5.130981841503255e-01
1.850000000000000e+00	4.677090114024006e-01
1.850000000000000e+00	4.066178405400755e-01
1.850000000000000e+00	4.972230112629160e-01
1.850000000000000e+00	4.192969464090652e-01
1.850000000000000e+00	4.135886884793906e-01
1.850000000000000e+00	4.306781931795364e-01
1.850000000000000e+00	4.243698684506111e-01
1.850000000000000e+00	4.271496247252918e-01
1.850000000000000e+00	3.861865886914492e-01
1.850000000000000e+00	3.950910328123486e-01
1.850000000000000e+00	3.673238913945470e-01
1.850000000000000e+00	4.563682566255229e-01
1.850000000000000e+00	4.163310493824578e-01
1.850000000000000e+00	4.034217314123447e-01
1.850000000000000e+00	4.497200482022000e-01
1.850000000000000e+00	4.617642601407895e-01
1.850000000000000e+00	3.972344009181371e-01
1.850000000000000e+00	4.987288406547051e-01
1.850000000000000e+00	3.466311809354088e-01
1.850000000000000e+00	4.069138976822163e-01
1.850000000000000e+00	3.985537978310884e-01
1.850000000000000e+00	3.421734889281727e-01
1.850000000000000e+00	3.672754511645523e-01
1.850000000000000e+00	3.959340882696288e-01
1.850000000000000e+00	4.722762146923799e-01
1.850000000000000e+00	4.700676043304742e-01
1.850000000000000e+00	4.751472678590700e-01
1.850000000000000e+00	4.211144874442909e-01
1.850000000000000e+00	3.834285397199804e-01
1.850000000000000e+00	4.185927459970354e-01
1.850000000000000e+00	3.931401550029445e-01
1.850000000000000e+00	5.038405832872560e-01
1.850000000000000e+00	4.475578932740509e-01
1.850000000000000e+00	4.234432293481381e-01
1.850000000000000e+00	4.236742676456026e-01
1.850000000000000e+00	4.817479785872033e-01
1.850000000000000e+00	3.909339560159298e-01
1.850000000000000e+00	4.188352068070825e-01
1.850000000000000e+00	4.250038408678302e-01
1.850000000000000e+00	4.452506669361790e-01
1.850000000000000e+00	4.068433590406274e-01
1.850000000000000e+00	4.418045860755550e-01
1.850000000000000e+00	4.804369615837389e-01
1.850000000000000e+00	4.109623266435942e-01
1.850000000000000e+00	4.453640532371821e-01
1.850000000000000e+00	4.753720430072103e-01
1.850000000000000e+00	3.667673071548852e-01
1.850000000000000e+00	3.024669079986387e-01
1.850000000000000e+00	3.489957360924717e-01
1.850000000000000e+00	3.469196281244293e-01
1.850000000000000e+00	4.518124087751685e-01
1.850000000000000e+00	4.528283357510327e-01
1.850000000000000e+00	4.639687937806813e-01
1.850000000000000e+00	4.126178566256308e-01
1.850000000000000e+00	4.585273482734646e-01
1.850000000000000e+00	4.680931738293827e-01
1.850000000000000e+00	4.214597802325116e-01
1.850000000000000e+00	3.802118305361801e-01
1.850000000000000e+00	4.215841773870661e-01
1.850000000000000e+00	3.743748290447935e-01
1.850000000000000e+00	4.427866014769560e-01
1.850000000000000e+00	4.079953891507407e-01
1.850000000000000e+00	3.977625658443603e-01
1.850000000000000e+00	4.908442215137383e-01
1.850000000000000e+00	4.044619182807441e-01
1.850000000000000e+00	4.009249721750799e-01
1.850000000000000e+00	4.429808463219198e-01
1.850000000000000e+00	4.116396814271627e-01
1.850000000000000e+00	3.846524296897070e-01
1.850000000000000e+00	4.748744237340934e-01
1.850000000000000e+00	3.745322495906093e-01
1.850000000000000e+00	3.349975820466410e-01
1.850000000000000e+00	4.448533332867570e-01
1.850000000000000e+00	4.261926820601842e-01
1.850000000000000e+00	4.337508418204645e-01
1.850000000000000e+00	3.906117611852500e-01
1.850000000000000e+00	4.034264616362730e-01
1.850000000000000e+00	4.737616373046250e-01
1.850000000000000e+00	4.647425667959726e-01
1.850000000000000e+00	3.855029212848552e-01
1.850000000000000e+00	4.516644267679322e-01
1.850000000000000e+00	5.051654541829683e-01
1.850000000000000e+00	4.699822381001297e-01
1.850000000000000e+00	4.468319679100594e-01
1.850000000000000e+00	3.980275741045983e-01
1.850000000000000e+00	3.931503698729378e-01
1.850000000000000e+00	4.626080367865695e-01
1.850000000000000e+00	5.065409383640862e-01
1.850000000000000e+00	4.686771210911824e-01
1.850000000000000e+00	4.172032308677081e-01
1.850000000000000e+00	3.379715639386159e-01
1.850000000000000e+00	4.822681555787095e-01
1.850000000000000e+00	4.984151298249601e-01
1.850000000000000e+00	4.425629129380633e-01
1.850000000000000e+00	4.805658051453920e-01
1.850000000000000e+00	4.420304099261376e-01
1.850000000000000e+00	4.001453789640638e-01
1.850000000000000e+00	4.230526750768610e-01
1.850000000000000e+00	4.421011100869881e-01
1.850000000000000e+00	4.144422925070107e-01
1.850000000000000e+00	4.831270263220833e-01
1.850000000000000e+00	4.270836078678575e-01
1.850000000000000e+00	4.062705390194885e-01
1.850000000000000e+00	3.755123449677710e-01
1.850000000000000e+00	4.439671066770247e-01
1.850000000000000e+00	3.791016472210748e-01
1.850000000000000e+00	4.729700087575586e-01
1.850000000000000e+00	3.430902846705226e-01
1.850000000000000e+00	4.002294302305586e-01
1.850000000000000e+00	4.490246735626500e-01
1.850000000000000e+00	4.463941426404817e-01
1.850000000000000e+00	3.048781394608205e-01
1.850000000000000e+00	4.338267024966611e-01
1.850000000000000e+00	4.082027481422246e-01
1.850000000000000e+00	3.425891789404492e-01
1.850000000000000e+00	4.715187626671893e-01
1.850000000000000e+00	3.748322923137958e-01
1.850000000000000e+00	3.734550549976544e-01
1.850000000000000e+00	3.783081256428357e-01
1.850000000000000e+00	4.096073794758903e-01
1.850000000000000e+00	4.715929907565770e-01
1.850000000000000e+00	4.159358132639388e-01
1.850000000000000e+00	4.919204449445019e-01
1.850000000000000e+00	4.429500980017843e-01
1.850000000000000e+00	3.815571420786153e-01
1.850000000000000e+00	4.822100846371994e-01
1.850000000000000e+00	3.743588529523750e-01
1.850000000000000e+00	4.355150193080017e-01
1.850000000000000e+00	3.891242536800662e-01
1.850000000000000e+00	4.074917512592464e-01
1.850000000000000e+00	3.523082847310112e-01
1.850000000000000e+00	4.947905021229526e-01
1.850000000000000e+00	4.687964727242832e-01
1.850000000000000e+00	4.195677390518243e-01
1.850000000000000e+00	4.178838148953805e-01
1.850000000000000e+00	4.348148402346594e-01
1.850000000000000e+00	4.826191098579350e-01
1.850000000000000e+00	4.318303573477766e-01
1.850000000000000e+00	4.168924538940809e-01
1.850000000000000e+00	4.862981345692712e-01
1.850000000000000e+00	4.081796511347678e-01
1.850000000000000e+00	4.049555402687289e-01
1.850000000000000e+00	3.597574038537115e-01
1.850000000000000e+00	4.207458802930308e-01
1.850000000000000e+00	4.488995168966613e-01
1.850000000000000e+00	4.567626684486224e-01
1.850000000000000e+00	3.607800110296061e-01
1.850000000000000e+00	3.540832682083481e-01
1.850000000000000e+00	4.013956622265955e-01
1.850000000000000e+00	3.774119536843998e-01
1.850000000000000e+00	4.407252170381017e-01
1.850000000000000e+00	4.771741429681901e-01
1.850000000000000e+00	3.559049182190476e-01
1.850000000000000e+00	5.059555646656759e-01
1.850000000000000e+00	4.321933933773851e-01
1.850000000000000e+00	3.649178574450646e-01
1.850000000000000e+00	4.187728623512037e-01
1.850000000000000e+00	4.137678558195316e-01
1.850000000000000e+00	4.119083359261023e-01
1.850000000000000e+00	4.771277637088274e-01
1.850000000000000e+00	3.779211149462529e-01
1.850000000000000e+00	4.372639143026992e-01
1.850000000000000e+00	4.956509402588283e-01
1.850000000000000e+00	3.827563398553864e-01
1.850000000000000e+00	3.879007895773784e-01
1.850000000000000e+00	4.484180254350144e-01
1.850000000000000e+00	3.906334653957100e-01
1.850000000000000e+00	3.785109300304922e-01
1.850000000000000e+00	3.345171423570651e-01
1.850000000000000e+00	3.853745119873384e-01
1.850000000000000e+00	4.347909132688491e-01
1.850000000000000e+00	4.156632951702053e-01
1.850000000000000e+00	4.064310438160433e-01
1.850000000000000e+00	4.624593695569857e-01
1.850000000000000e+00	4.057300360594447e-01
1.850000000000000e+00	5.452401175037779e-01
1.850000000000000e+00	5.006609823671935e-01
1.850000000000000e+00	4.167908003691572e-01
1.850000000000000e+00	4.448980304540602e-01
1.850000000000000e+00	3.936725055882991e-01
1.850000000000000e+00	3.782884492577627e-01
1.850000000000000e+00	3.913989070343066e-01
1.850000000000000e+00	3.401285373552943e-01
1.850000000000000e+00	4.019935618020063e-01
1.850000000000000e+00	4.067890192496879e-01
1.850000000000000e+00	4.066669523415020e-01
1.850000000000000e+00	4.881848545218386e-01
1.850000000000000e+00	3.913931804588173e-01
1.850000000000000e+00	3.912493537049299e-01
1.850000000000000e+00	3.800025494314478e-01
1.850000000000000e+00	4.559457329748982e-01
1.850000000000000e+00	4.380751162622916e-01
1.850000000000000e+00	4.310133913270844e-01
1.850000000000000e+00	4.290917786357703e-01
1.850000000000000e+00	4.567168237467755e-01
1.850000000000000e+00	4.263141072483183e-01
1.850000000000000e+00	3.695287587308119e-01
1.850000000000000e+00	3.970283377149265e-01
1.850000000000000e+00	3.455684526085753e-01
1.850000000000000e+00	3.646137242051515e-01
1.850000000000000e+00	3.596917755841328e-01
1.850000000000000e+00	3.866116403211374e-01
1.850000000000000e+00	4.153261519672269e-01
1.850000000000000e+00	3.796329099700464e-01
1.850000000000000e+00	4.105318036719688e-01
1.850000000000000e+00	4.048139927773536e-01
1.850000000000000e+00	3.978363480885875e-01
1.850000000000000e+00	4.023626192678788e-01
1.850000000000000e+00	4.052492269160281e-01
1.850000000000000e+00	4.221788392437019e-01
1.850000000000000e+00	3.720132446014520e-01
1.850000000000000e+00	5.180171742818539e-01
1.850000000000000e+00	4.537411895015007e-01
1.850000000000000e+00	4.128469533546500e-01
1.850000000000000e+00	4.308215991574725e-01
1.850000000000000e+00	4.279581245420945e-01
1.850000000000000e+00	3.683837289036054e-01
1.850000000000000e+00	3.924141601313001e-01
1.850000000000000e+00	4.697928253563901e-01
1.850000000000000e+00	4.043549042930260e-01
1.850000000000000e+00	4.253406416515603e-01
1.850000000000000e+00	3.598858413212470e-01
1.850000000000000e+00	3.706901460566764e-01
1.850000000000000e+00	4.525816418493723e-01
1.850000000000000e+00	4.545811130329963e-01
1.850000000000000e+00	3.764667039962887e-01
1.850000000000000e+00	3.499063840334850e-01
1.850000000000000e+00	3.496082429135342e-01
1.850000000000000e+00	4.339339264853999e-01
1.850000000000000e+00	3.905578568504794e-01
1.850000000000000e+00	4.796542986265091e-01
1.850000000000000e+00	3.964092692676112e-01
1.850000000000000e+00	3.413541793231744e-01
1.850000000000000e+00	4.313171030285044e-01
1.850000000000000e+00	3.653167407929634e-01
1.850000000000000e+00	5.074239490219631e-01
1.850000000000000e+00	3.945350264727614e-01
1.850000000000000e+00	4.354878789329278e-01
1.850000000000000e+00	3.234802018017047e-01
1.850000000000000e+00	3.610292749866840e-01
1.850000000000000e+00	4.624545475217477e-01
1.850000000000000e+00	4.427873581644742e-01
1.850000000000000e+00	4.401469291436368e-01
1.850000000000000e+00	3.868678419554412e-01
1.850000000000000e+00	4.210445420437006e-01
1.850000000000000e+00	4.398215954265383e-01
1.850000000000000e+00	4.317265635301411e-01
1.850000000000000e+00	3.865710276664975e-01
1.850000000000000e+00	3.907465800172653e-01
1.850000000000000e+00	4.111033476914647e-01
1.850000000000000e+00	4.697722745417404e-01
1.850000000000000e+00	4.289586650784742e-01
1.850000000000000e+00	3.732633476583997e-01
1.850000000000000e+00	4.548571374601784e-01
1.850000000000000e+00	4.551906119232761e-01
1.850000000000000e+00	3.666818735786411e-01
1.850000000000000e+00	5.608659193170560e-01
1.850000000000000e+00	3.849732000210457e-01
1.850000000000000e+00	3.529950162507439e-01
1.850000000000000e+00	4.478617849158632e-01
1.850000000000000e+00	4.289776883264875e-01
1.850000000000000e+00	3.945513123777056e-01
1.850000000000000e+00	3.831299102516970e-01
1.850000000000000e+00	3.759841456861092e-01
1.850000000000000e+00	4.239067824368130e-01
1.850000000000000e+00	3.740927434261506e-01
1.850000000000000e+00	3.377014551204330e-01
1.850000000000000e+00	4.195660843393355e-01
1.850000000000000e+00	3.893586451253296e-01
1.850000000000000e+00	3.671135972132645e-01
1.850000000000000e+00	4.263792625796903e-01
1.850000000000000e+00	4.809361942231447e-01
1.850000000000000e+00	4.429044214563542e-01
1.850000000000000e+00	4.836477689294094e-01
1.850000000000000e+00	4.495584261088507e-01
1.850000000000000e+00	3.918622740709309e-01
1.850000000000000e+00	3.908719759654991e-01
1.850000000000000e+00	4.103175907308145e-01
1.850000000000000e+00	4.774475748690427e-01
1.850000000000000e+00	4.332197056322421e-01
1.850000000000000e+00	4.444495266439251e-01
1.850000000000000e+00	4.565516151821368e-01
1.850000000000000e+00	4.156068086583091e-01
1.850000000000000e+00	4.582403109449918e-01
1.850000000000000e+00	4.753463543849921e-01
1.850000000000000e+00	4.298586628990976e-01
1.850000000000000e+00	4.054631937235806e-01
1.850000000000000e+00	4.942965774630601e-01
1.850000000000000e+00	3.362913725939286e-01
1.850000000000000e+00	4.597244864634621e-01
1.850000000000000e+00	4.359828416620674e-01
1.850000000000000e+00	4.598921032791271e-01
1.850000000000000e+00	3.721802019982714e-01
1.850000000000000e+00	4.102382739670741e-01
1.850000000000000e+00	4.059652093622241e-01
1.850000000000000e+00	4.045384692828577e-01
1.850000000000000e+00	4.213831746799987e-01
1.850000000000000e+00	4.137649230384867e-01
1.850000000000000e+00	3.759528327836433e-01
1.850000000000000e+00	3.900658708674331e-01
1.850000000000000e+00	4.138686931000382e-01
1.850000000000000e+00	4.438582366434086e-01
1.850000000000000e+00	4.198037531479030e-01
1.850000000000000e+00	4.503994429391401e-01
1.850000000000000e+00	3.879371429583622e-01
1.850000000000000e+00	4.459606736507995e-01
1.850000000000000e+00	3.916894169707869e-01
1.850000000000000e+00	4.479471449842256e-01
1.850000000000000e+00	4.641193700098785e-01
1.850000000000000e+00	3.573013135420118e-01
1.850000000000000e+00	4.456346160198553e-01
1.850000000000000e+00	4.215303231995001e-01
1.850000000000000e+00	3.846047348276939e-01
1.850000000000000e+00	3.564470237906976e-01
1.850000000000000e+00	4.645491265633008e-01
1.850000000000000e+00	3.989549559925182e-01
1.850000000000000e+00	4.858226157710876e-01
1.850000000000000e+00	4.506820690433256e-01
1.850000000000000e+00	4.074378659438086e-01
1.850000000000000e+00	4.351235548076157e-01
1.850000000000000e+00	3.615751994327831e-01
1.850000000000000e+00	3.789695210652341e-01
1.850000000000000e+00	4.317736886393251e-01
1.850000000000000e+00	4.054407279225636e-01
1.850000000000000e+00	4.397905401726182e-01
1.850000000000000e+00	4.074571572946984e-01
1.850000000000000e+00	4.514496005566120e-01
1.850000000000000e+00	3.890151359928682e-01
1.850000000000000e+00	4.402595476492093e-01
1.850000000000000e+00	4.835454826740285e-01
1.850000000000000e+00	4.199945629116454e-01
1.850000000000000e+00	4.346433249952112e-01
1.850000000000000e+00	3.959137697498051e-01
1.850000000000000e+00	4.668500948673589e-01
1.850000000000000e+00	4.136378012211275e-01
1.850000000000000e+00	3.511651865524619e-01
1.850000000000000e+00	4.119970562260873e-01
1.850000000000000e+00	4.156886187478713e-01
1.850000000000000e+00	4.172180124669932e-01
1.850000000000000e+00	4.364581033315838e-01
1.850000000000000e+00	4.698780411840232e-01
1.850000000000000e+00	4.196855772952463e-01
1.850000000000000e+00	3.538716830098024e-01
1.850000000000000e+00	3.828936167865528e-01
1.850000000000000e+00	4.613470555580713e-01
1.850000000000000e+00	4.330880322572578e-01
1.850000000000000e+00	4.075789551618065e-01
1.850000000000000e+00	3.767599891046064e-01
1.850000000000000e+00	3.840126294743350e-01
1.850000000000000e+00	4.474611221458383e-01
1.850000000000000e+00	3.712440007375897e-01
1.850000000000000e+00	4.537373639149683e-01
1.850000000000000e+00	4.282993925343329e-01
1.850000000000000e+00	4.951925491498159e-01
1.850000000000000e+00	4.125200385993860e-01
1.850000000000000e+00	4.294144421651925e-01
1.850000000000000e+00	3.917109577608496e-01
1.850000000000000e+00	3.814288103158969e-01
1.850000000000000e+00	3.925667384536896e-01
1.850000000000000e+00	4.468513253274445e-01
1.850000000000000e+00	4.133270609180587e-01
1.850000000000000e+00	3.985718323839037e-01
1.850000000000000e+00	3.184021699919115e-01
1.850000000000000e+00	4.140600780606326e-01
1.850000000000000e+00	3.712604864190679e-01
1.850000000000000e+00	4.873872972469493e-01
1.850000000000000e+00	3.723582243679999e-01
1.850000000000000e+00	4.024689255254197e-01
1.850000000000000e+00	4.487105540868030e-01
1.850000000000000e+00	4.173697297299800e-01
1.850000000000000e+00	3.542792582299868e-01
1.850000000000000e+00	4.017905426392678e-01
1.850000000000000e+00	3.938766225073216e-01
1.850000000000000e+00	3.251046179293078e-01
1.850000000000000e+00	4.368379827315850e-01
1.850000000000000e+00	4.103273019858987e-01
1.850000000000000e+00	4.680247733806986e-01
1.850000000000000e+00	3.527962325112596e-01
1.850000000000000e+00	4.490718930019266e-01
1.850000000000000e+00	4.780046125570942e-01
1.850000000000000e+00	4.537360773544522e-01
1.850000000000000e+00	4.041919910278363e-01
1.850000000000000e+00	5.155577374745847e-01
1.850000000000000e+00	4.390504713125046e-01
1.850000000000000e+00	3.668972977044669e-01
1.850000000000000e+00	4.164764717648078e-01
1.850000000000000e+00	4.004109361944129e-01
1.850000000000000e+00	4.428053907675655e-01
1.850000000000000e+00	4.572425445142046e-01
1.850000000000000e+00	4.280734507214929e-01
1.850000000000000e+00	4.916350401392485e-01
1.850000000000000e+00	4.449360109085164e-01
1.850000000000000e+00	4.083634454524145e-01
1.850000000000000e+00	3.908829849758614e-01
1.850000000000000e+00	4.033533496031861e-01
1.850000000000000e+00	3.414021550141058e-01
1.850000000000000e+00	4.062011740427763e-01
1.850000000000000e+00	4.483216573526351e-01
1.850000000000000e+00	4.129616472393603e-01
1.850000000000000e+00	4.741077491084338e-01
1.850000000000000e+00	4.432925187891457e-01
1.850000000000000e+00	4.290662294894758e-01
1.850000000000000e+00	5.012665887673694e-01
1.850000000000000e+00	4.349428418501567e-01
1.850000000000000e+00	4.583979464528115e-01
1.850000000000000e+00	4.302452319822467e-01
1.850000000000000e+00	3.988202956782549e-01
1.850000000000000e+00	4.178679620973251e-01
1.850000000000000e+00	4.088167214594989e-01
1.850000000000000e+00	4.521607886228293e-01
1.850000000000000e+00	4.589243357959032e-01
1.850000000000000e+00	3.886795152698828e-01
1.850000000000000e+00	4.592659380258262e-01
1.850000000000000e+00	4.584416720231146e-01
1.850000000000000e+00	4.212111094209652e-01
1.850000000000000e+00	3.518915534332683e-01
1.850000000000000e+00	4.208006316694716e-01
1.850000000000000e+00	4.396857629267097e-01
1.850000000000000e+00	4.402975325487949e-01
1.850000000000000e+00	3.748290472383460e-01
1.850000000000000e+00	4.043390699566723e-01
1.850000000000000e+00	3.913004771398298e-01
1.850000000000000e+00	4.796240647872340e-01
1.850000000000000e+00	3.993347175350648e-01
1.850000000000000e+00	4.047651310456559e-01
1.850000000000000e+00	3.856902984246536e-01
1.850000000000000e+00	3.988360386076295e-01
1.850000000000000e+00	4.125993341834137e-01
1.850000000000000e+00	3.978466952448833e-01
1.850000000000000e+00	4.780655936787088e-01
1.850000000000000e+00	4.392817399481884e-01
1.850000000000000e+00	3.918206729950743e-01
1.850000000000000e+00	3.718454248689163e-01
1.850000000000000e+00	4.235977529877872e-01
1.850000000000000e+00	5.016013360967261e-01
1.850000000000000e+00	4.985182490202588e-01
1.850000000000000e+00	4.823521627824167e-01
1.850000000000000e+00	3.553691443580095e-01
1.850000000000000e+00	4.514710165586738e-01
1.850000000000000e+00	4.687026691520227e-01
1.850000000000000e+00	3.690531549760096e-01
1.850000000000000e+00	4.294137953760904e-01
1.850000000000000e+00	3.999986345922661e-01
1.850000000000000e+00	3.865306010160302e-01
1.850000000000000e+00	4.871234832839308e-01
1.850000000000000e+00	3.631428900018897e-01
1.850000000000000e+00	3.251333380390946e-01
1.850000000000000e+00	3.955957475316590e-01
1.850000000000000e+00	4.534345940276831e-01
1.850000000000000e+00	4.238954070737025e-01
1.850000000000000e+00	4.242810555533683e-01
1.850000000000000e+00	4.207570328820322e-01
1.850000000000000e+00	3.916406252346828e-01
1.850000000000000e+00	4.493687793846045e-01
1.850000000000000e+00	4.862678729658850e-01
1.850000000000000e+00	3.645495466605319e-01
1.850000000000000e+00	4.356264104287767e-01
1.850000000000000e+00	4.697037626386942e-01
1.850000000000000e+00	4.004765029237950e-01
1.850000000000000e+00	4.037541774679262e-01
1.850000000000000e+00	4.758238747952794e-01
1.850000000000000e+00	4.116556403002959e-01
1.850000000000000e+00	4.103481636806788e-01
1.850000000000000e+00	4.454099530946636e-01
1.850000000000000e+00	4.263415490337016e-01
1.850000000000000e+00	4.483469881790396e-01
1.850000000000000e+00	3.770809003444719e-01
1.850000000000000e+00	4.086739733990044e-01
1.850000000000000e+00	4.888100621046792e-01
1.850000000000000e+00	3.519066283125654e-01
1.850000000000000e+00	4.027358808882561e-01
1.850000000000000e+00	3.676504743306620e-01
1.850000000000000e+00	4.225584718687162e-01
1.850000000000000e+00	3.945935498734475e-01
1.850000000000000e+00	4.421564509810830e-01
1.850000000000000e+00	4.206282418426653e-01
1.850000000000000e+00	4.508536991742950e-01
1.850000000000000e+00	4.546516253659449e-01
1.850000000000000e+00	3.805839439623493e-01
1.850000000000000e+00	4.005283163461871e-01
1.850000000000000e+00	4.621828686726788e-01
1.850000000000000e+00	4.639671511947826e-01
1.850000000000000e+00	3.741009397529999e-01
1.850000000000000e+00	3.927350838788032e-01
1.850000000000000e+00	3.970120275351460e-01
1.850000000000000e+00	3.612373919433828e-01
1.850000000000000e+00	3.344517762822745e-01
1.850000000000000e+00	4.638805832277140e-01
1.850000000000000e+00	3.883795325400223e-01
1.850000000000000e+00	4.176482210393822e-01
1.850000000000000e+00	4.809250683198363e-01
1.850000000000000e+00	3.749457136995878e-01
1.850000000000000e+00	3.944743340269932e-01
1.850000000000000e+00	4.015447324880310e-01
1.850000000000000e+00	3.675710594723502e-01
1.850000000000000e+00	4.540762625518481e-01
1.850000000000000e+00	4.337449398786595e-01
1.850000000000000e+00	4.288579283726885e-01
1.850000000000000e+00	3.626322538921409e-01
1.850000000000000e+00	4.522810224827006e-01
1.850000000000000e+00	4.374357959492819e-01
1.850000000000000e+00	4.271266350611950e-01
1.850000000000000e+00	4.188298735474943e-01
1.850000000000000e+00	4.006767467150645e-01
1.850000000000000e+00	4.669102746546316e-01
1.850000000000000e+00	4.210795747020529e-01
1.850000000000000e+00	4.515400209606015e-01
1.850000000000000e+00	4.509103880279413e-01
1.850000000000000e+00	4.842418661125559e-01
1.850000000000000e+00	4.319410815280223e-01
1.850000000000000e+00	4.711560291690612e-01
1.850000000000000e+00	5.264066385335867e-01
1.850000000000000e+00	4.370883402013538e-01
1.850000000000000e+00	4.297850552683695e-01
1.850000000000000e+00	4.235183144759022e-01
1.850000000000000e+00	4.787415843932902e-01
1.850000000000000e+00	4.286375533205848e-01
1.850000000000000e+00	3.931705014703243e-01
1.850000000000000e+00	4.106942830459213e-01
1.850000000000000e+00	4.012862161561113e-01
1.850000000000000e+00	4.134694912152559e-01
1.850000000000000e+00	3.968865184019391e-01
1.850000000000000e+00	4.599633407753432e-01
1.850000000000000e+00	3.990382766861891e-01
1.850000000000000e+00	3.331120568764357e-01
1.850000000000000e+00	3.911879162144483e-01
1.850000000000000e+00	3.851471033039517e-01
1.850000000000000e+00	3.565433203110194e-01
1.850000000000000e+00	4.288612125612372e-01
1.850000000000000e+00	4.630620020163987e-01
1.850000000000000e+00	4.133903700986567e-01
1.850000000000000e+00	4.257585230212674e-01
1.850000000000000e+00	3.775006019913199e-01
1.850000000000000e+00	4.152400195566466e-01
1.850000000000000e+00	4.571426232976396e-01
1.850000000000000e+00	3.525428751403926e-01
1.850000000000000e+00	3.381365114505870e-01
1.850000000000000e+00	4.158678438243024e-01
1.850000000000000e+00	4.514841704853519e-01
1.850000000000000e+00	3.739416522758859e-01
1.850000000000000e+00	3.917584215567916e-01
1.850000000000000e+00	3.874660900109186e-01
1.850000000000000e+00	4.484063521200787e-01
1.850000000000000e+00	4.448831530279701e-01
1.850000000000000e+00	3.953859369670312e-01
1.850000000000000e+00	4.458885107932882e-01
1.850000000000000e+00	4.674741837107584e-01
1.850000000000000e+00	4.534152657390301e-01
1.850000000000000e+00	4.084296068975721e-01
1.850000000000000e+00	4.066495052184555e-01
1.850000000000000e+00	3.731275574787514e-01
1.850000000000000e+00	3.735700245460205e-01
1.850000000000000e+00	3.922172952599211e-01
1.850000000000000e+00	3.901344191232846e-01
1.850000000000000e+00	5.161461278155473e-01
1.850000000000000e+00	3.658573014098402e-01
1.850000000000000e+00	3.970897805276088e-01
1.850000000000000e+00	4.010990471107976e-01
1.850000000000000e+00	3.995960308775519e-01
1.850000000000000e+00	4.079563608965554e-01
1.850000000000000e+00	4.959024116424798e-01
1.850000000000000e+00	4.073964849021394e-01
1.850000000000000e+00	3.919146338240745e-01
1.850000000000000e+00	4.097379183413846e-01
1.850000000000000e+00	4.305250064668942e-01
1.850000000000000e+00	4.554654999869669e-01
1.850000000000000e+00	4.147708809580921e-01
1.850000000000000e+00	4.052047035615574e-01
1.850000000000000e+00	4.805869371781740e-01
1.850000000000000e+00	3.705347563249711e-01
1.850000000000000e+00	3.510306770153789e-01
1.850000000000000e+00	3.683836334844948e-01
1.850000000000000e+00	4.223956234333717e-01
1.850000000000000e+00	4.656719319278099e-01
1.850000000000000e+00	3.923183247418117e-01
1.850000000000000e+00	3.852976854675758e-01
1.850000000000000e+00	3.265523029663682e-01
1.850000000000000e+00	3.729232497896914e-01
1.850000000000000e+00	3.829281750104555e-01
1.850000000000000e+00	4.386804599349251e-01
1.850000000000000e+00	4.394958765170857e-01
1.850000000000000e+00	4.291069854398356e-01
1.850000000000000e+00	4.598281353354506e-01
1.850000000000000e+00	4.075747219708517e-01
1.850000000000000e+00	4.030992092863321e-01
1.850000000000000e+00	3.997438125679900e-01
1.850000000000000e+00	4.008439811023163e-01
1.850000000000000e+00	3.991848096551038e-01
1.850000000000000e+00	3.923276448280315e-01
1.850000000000000e+00	3.906044682835019e-01
1.850000000000000e+00	4.854983599244562e-01
1.850000000000000e+00	3.843318418096388e-01
1.850000000000000e+00	4.073762096493370e-01
1.850000000000000e+00	4.383926248636968e-01
1.850000000000000e+00	4.279956319207506e-01
1.850000000000000e+00	4.415677340421369e-01
1.850000000000000e+00	4.530170073636915e-01
1.850000000000000e+00	4.408916230631597e-01
1.850000000000000e+00	3.801990064500553e-01
1.850000000000000e+00	4.654520101712227e-01
1.850000000000000e+00	4.524666622849464e-01
1.850000000000000e+00	4.177402430858526e-01
1.850000000000000e+00	2.966809207259243e-01
1.850000000000000e+00	4.026716125692362e-01
1.850000000000000e+00	3.408520315385639e-01
1.850000000000000e+00	4.242192191361623e-01
1.850000000000000e+00	3.973251443532736e-01
1.850000000000000e+00	3.828913004514938e-01
1.850000000000000e+00	3.857949151330918e-01
1.850000000000000e+00	3.795601931411109e-01
1.850000000000000e+00	4.186800615222065e-01
1.850000000000000e+00	4.435425196664500e-01
1.850000000000000e+00	4.162259096350390e-01
1.850000000000000e+00	3.504011484474654e-01
1.850000000000000e+00	3.667926813888410e-01
1.850000000000000e+00	4.329028106952144e-01
1.850000000000000e+00	4.658951465218447e-01
1.850000000000000e+00	4.029239102275469e-01
1.850000000000000e+00	4.796015287624253e-01
1.850000000000000e+00	3.951147067665262e-01
1.850000000000000e+00	3.479364961935849e-01
1.850000000000000e+00	4.260448072406491e-01
1.850000000000000e+00	3.770284540649023e-01
1.850000000000000e+00	3.701880938008098e-01
1.850000000000000e+00	4.098762852806884e-01
1.850000000000000e+00	4.412382545802482e-01
1.850000000000000e+00	4.458790684583022e-01
1.850000000000000e+00	3.873290470768477e-01
1.850000000000000e+00	4.849300302488274e-01
1.850000000000000e+00	4.657925433027043e-01
1.850000000000000e+00	4.120472648157747e-01
1.850000000000000e+00	4.713571980271899e-01
1.850000000000000e+00	4.706858845899392e-01
1.850000000000000e+00	4.719126218088919e-01
1.850000000000000e+00	4.729262458061282e-01
1.850000000000000e+00	3.859471842979987e-01
1.850000000000000e+00	4.424606258875637e-01
1.850000000000000e+00	4.456994653219766e-01
1.850000000000000e+00	3.862971901087490e-01
1.850000000000000e+00	4.330248981663042e-01
1.850000000000000e+00	4.965947868584941e-01
1.850000000000000e+00	4.868144802632224e-01
1.850000000000000e+00	4.254438602895020e-01
1.850000000000000e+00	4.521586182777855e-01
1.850000000000000e+00	3.744302681207170e-01
1.850000000000000e+00	3.655216315930936e-01
1.850000000000000e+00	3.606057873869877e-01
1.850000000000000e+00	3.997135777352959e-01
1.850000000000000e+00	3.212289653873750e-01
1.850000000000000e+00	4.272626966292727e-01
1.850000000000000e+00	3.890660415277520e-01
1.850000000000000e+00	3.492084380173431e-01
1.850000000000000e+00	3.165879498696411e-01
1.850000000000000e+00	3.741414802754306e-01
1.850000000000000e+00	4.189187200527332e-01
1.850000000000000e+00	3.853053010915649e-01
1.850000000000000e+00	3.895542811342573e-01
1.850000000000000e+00	4.141654111389486e-01
1.850000000000000e+00	3.725496068409164e-01
1.850000000000000e+00	3.939711309662371e-01
1.850000000000000e+00	3.485515152205385e-01
1.850000000000000e+00	3.952753269089319e-01
1.850000000000000e+00	3.696137864409210e-01
1.850000000000000e+00	3.691422935865429e-01
1.850000000000000e+00	3.963504365520197e-01
1.850000000000000e+00	4.602623385635230e-01
1.850000000000000e+00	4.593883197438438e-01
1.850000000000000e+00	4.404391461965667e-01
1.850000000000000e+00	3.560312974658402e-01
1.850000000000000e+00	3.523771018202640e-01
1.850000000000000e+00	3.779837976595978e-01
1.850000000000000e+00	4.489529047909699e-01
1.850000000000000e+00	4.083220415278411e-01
1.850000000000000e+00	4.208107468301042e-01
1.850000000000000e+00	3.934327637284810e-01
1.850000000000000e+00	3.811225270018492e-01
1.850000000000000e+00	3.976801958006150e-01
1.850000000000000e+00	3.116841576097431e-01
1.850000000000000e+00	4.579310898057752e-01
1.850000000000000e+00	4.290948161711520e-01
1.850000000000000e+00	4.207069901744124e-01
1.850000000000000e+00	3.916328992750081e-01
1.850000000000000e+00	4.501483684854043e-01
1.850000000000000e+00	3.995682603298100e-01
1.850000000000000e+00	4.154945005434953e-01
1.850000000000000e+00	3.936987270264869e-01
1.850000000000000e+00	3.578336758555104e-01
1.850000000000000e+00	4.869464505908702e-01
1.850000000000000e+00	4.266637192024856e-01
1.850000000000000e+00	3.906900249593399e-01
1.850000000000000e+00	4.849296371967965e-01
1.850000000000000e+00	4.756770667127232e-01
1.850000000000000e+00	4.249404761394815e-01
1.850000000000000e+00	4.135803377563594e-01
1.850000000000000e+00	4.403921459076844e-01
1.850000000000000e+00	4.688989403657067e-01
1.850000000000000e+00	4.279214825207431e-01
1.850000000000000e+00	4.253015684283536e-01
1.850000000000000e+00	3.777730117042626e-01
1.850000000000000e+00	3.601014544795728e-01
1.850000000000000e+00	4.360095014572888e-01
1.850000000000000e+00	3.443577343060237e-01
1.850000000000000e+00	4.345252409760285e-01
1.850000000000000e+00	4.079746788506416e-01
1.850000000000000e+00	3.206591197163973e-01
1.850000000000000e+00	4.654671184089257e-01
1.850000000000000e+00	3.464483700619843e-01
1.850000000000000e+00	3.861824442273059e-01
1.850000000000000e+00	5.222169229284626e-01
1.850000000000000e+00	4.330048744414124e-01
1.850000000000000e+00	3.829155059920717e-01
1.850000000000000e+00	4.000297034582549e-01
1.850000000000000e+00	5.027057187772415e-01
1.850000000000000e+00	4.623563171242892e-01
1.850000000000000e+00	3.915184196774860e-01
1.850000000000000e+00	4.310256852602615e-01
1.850000000000000e+00	4.320760038781142e-01
1.850000000000000e+00	4.493921082905422e-01
1.850000000000000e+00	3.488800067860638e-01
1.850000000000000e+00	3.964109463020656e-01
1.850000000000000e+00	4.508333728998501e-01
1.850000000000000e+00	4.819014038896405e-01
1.850000000000000e+00	4.317042100403905e-01
1.850000000000000e+00	4.534066186200174e-01
1.850000000000000e+00	3.082377706293695e-01
1.850000000000000e+00	3.850134387956219e-01
1.850000000000000e+00	4.197000808072895e-01
1.850000000000000e+00	4.215318390975293e-01
1.850000000000000e+00	4.606290901595581e-01
1.850000000000000e+00	4.849235767401581e-01
1.850000000000000e+00	4.444020993057932e-01
1.850000000000000e+00	3.838200584813118e-01
1.850000000000000e+00	4.135389635786152e-01
1.850000000000000e+00	4.537958886358665e-01
1.850000000000000e+00	4.186015178884716e-01
1.850000000000000e+00	4.113103366490239e-01
1.850000000000000e+00	3.759233970383300e-01
1.850000000000000e+00	4.562177115464818e-01
1.850000000000000e+00	4.481035641079197e-01
1.850000000000000e+00	4.442625456075793e-01
1.850000000000000e+00	3.542092528560182e-01
1.850000000000000e+00	4.077944618454009e-01
1.850000000000000e+00	4.139244615037618e-01
1.850000000000000e+00	3.791967263227844e-01
1.850000000000000e+00	3.955616343504590e-01
1.850000000000000e+00	4.087868894869531e-01
1.850000000000000e+00	3.914896128491349e-01
1.850000000000000e+00	4.185895956071244e-01
1.850000000000000e+00	4.516754459336063e-01
1.850000000000000e+00	4.783605393369155e-01
1.850000000000000e+00	4.667356328421252e-01
1.850000000000000e+00	3.733428293204627e-01
1.850000000000000e+00	3.398668508079227e-01
1.850000000000000e+00	4.182579163190787e-01
1.850000000000000e+00	5.402302257776991e-01
1.850000000000000e+00	4.270304445918626e-01
1.850000000000000e+00	4.017591945033092e-01
1.850000000000000e+00	4.101621561335491e-01
1.850000000000000e+00	3.620912299387967e-01
1.850000000000000e+00	4.321763233057632e-01
1.850000000000000e+00	3.957653357408764e-01
1.850000000000000e+00	4.317279211726810e-01
1.850000000000000e+00	3.949694978272227e-01
1.850000000000000e+00	3.245345672380803e-01
1.850000000000000e+00	4.241087250375531e-01
1.850000000000000e+00	3.789434841941258e-01
1.850000000000000e+00	3.982897541909233e-01
1.850000000000000e+00	4.440764384495053e-01
1.850000000000000e+00	4.691723029513571e-01
1.850000000000000e+00	4.031610667962908e-01
1.850000000000000e+00	4.480894458113350e-01
1.850000000000000e+00	3.845522263511530e-01
1.850000000000000e+00	4.052374553590368e-01
1.850000000000000e+00	4.000330401745447e-01
1.850000000000000e+00	3.720763140947919e-01
1.850000000000000e+00	4.546581554810429e-01
1.850000000000000e+00	4.205555379202007e-01
1.850000000000000e+00	4.451617053409311e-01
1.850000000000000e+00	4.676755539633025e-01
1.850000000000000e+00	4.624939370649512e-01
1.850000000000000e+00	3.859200460140849e-01
1.850000000000000e+00	4.452516960553404e-01
1.850000000000000e+00	4.303859441823861e-01
1.850000000000000e+00	4.940167615990802e-01
1.850000000000000e+00	3.844884230442164e-01
1.850000000000000e+00	4.161075969582205e-01
1.850000000000000e+00	4.161570622812507e-01
1.850000000000000e+00	4.262019051436380e-01
1.850000000000000e+00	3.966951957742745e-01
1.850000000000000e+00	3.737499024895670e-01
1.850000000000000e+00	4.464469590885292e-01
1.850000000000000e+00	3.807557464164035e-01
1.850000000000000e+00	4.133015321767759e-01
1.850000000000000e+00	4.839888750517524e-01
1.850000000000000e+00	3.353231239631301e-01
1.850000000000000e+00	4.581319307257442e-01
1.850000000000000e+00	4.202410025436675e-01
1.850000000000000e+00	4.362122173858071e-01
1.850000000000000e+00	4.643596722189305e-01
1.850000000000000e+00	4.538420845601719e-01
1.850000000000000e+00	4.430170491596067e-01
1.850000000000000e+00	3.649007817205551e-01
1.850000000000000e+00	4.332539732008393e-01
1.850000000000000e+00	3.433684645962446e-01
1.850000000000000e+00	4.229268878845368e-01
1.850000000000000e+00	4.118935258399923e-01
1.850000000000000e+00	3.807830509314981e-01
1.850000000000000e+00	3.585601060249508e-01
1.850000000000000e+00	3.302269354347920e-01
1.850000000000000e+00	3.782439460517853e-01
1.850000000000000e+00	4.059134215474214e-01
1.850000000000000e+00	4.151730126165624e-01
1.850000000000000e+00	3.965336627874416e-01
1.850000000000000e+00	4.484106990921594e-01
1.850000000000000e+00	4.001617496955681e-01
1.850000000000000e+00	3.728487139729714e-01
1.850000000000000e+00	4.137298658686253e-01
1.850000000000000e+00	3.301528080349202e-01
1.850000000000000e+00	3.478417066113924e-01
1.850000000000000e+00	4.909664466193633e-01
1.850000000000000e+00	4.185751382428026e-01
1.850000000000000e+00	4.041503584511508e-01
1.850000000000000e+00	4.777171672108759e-01
1.850000000000000e+00	3.563390399536172e-01
1.850000000000000e+00	3.683172609839643e-01
1.850000000000000e+00	3.626236844467366e-01
1.850000000000000e+00	3.811929271653048e-01
1.850000000000000e+00	4.261418034846370e-01
1.850000000000000e+00	4.307875888429405e-01
1.850000000000000e+00	3.605620105412151e-01
1.850000000000000e+00	4.004639450514885e-01
1.850000000000000e+00	4.205611357069928e-01
1.850000000000000e+00	5.217724664636970e-01
1.850000000000000e+00	3.957894024662486e-01
1.850000000000000e+00	4.301206102307754e-01
1.850000000000000e+00	4.524825598955186e-01
1.850000000000000e+00	3.707984212736057e-01
1.850000000000000e+00	4.579874584892712e-01
1.850000000000000e+00	4.265861968451346e-01
1.850000000000000e+00	4.853470792322771e-01
1.850000000000000e+00	4.075982674244018e-01
1.850000000000000e+00	4.043108416263138e-01
1.850000000000000e+00	3.993658061518403e-01
1.850000000000000e+00	4.236684416237001e-01
1.850000000000000e+00	4.318325967372948e-01
1.850000000000000e+00	4.752710737308189e-01
1.850000000000000e+00	3.635374831717208e-01
1.850000000000000e+00	3.910615544988387e-01
1.850000000000000e+00	4.132265835256568e-01
1.850000000000000e+00	4.273656733602053e-01
1.850000000000000e+00	4.194617977233066e-01
1.850000000000000e+00	4.017863323135546e-01
1.850000000000000e+00	4.397329543123866e-01
1.850000000000000e+00	3.935396331805982e-01
1.850000000000000e+00	4.151825200833941e-01
1.850000000000000e+00	4.617361423413837e-01
1.850000000000000e+00	4.512439407957827e-01
1.850000000000000e+00	3.735597196132457e-01
1.850000000000000e+00	3.997794952382588e-01
1.850000000000000e+00	4.287310100919779e-01
1.850000000000000e+00	3.930812664576714e-01
1.850000000000000e+00	4.252491366196010e-01
1.850000000000000e+00	4.541434682315661e-01
1.850000000000000e+00	3.950246494064547e-01
1.850000000000000e+00	4.423004384394171e-01
1.850000000000000e+00	4.770677004547741e-01
1.850000000000000e+00	4.867945029946705e-01
1.850000000000000e+00	3.850385973752846e-01
1.850000000000000e+00	4.197845201418994e-01
1.850000000000000e+00	3.593746999242040e-01
1.850000000000000e+00	4.230710464726725e-01
1.850000000000000e+00	4.521591624953332e-01
1.850000000000000e+00	4.426217486933386e-01
1.850000000000000e+00	4.132497413826627e-01
1.850000000000000e+00	4.612924636741422e-01
1.850000000000000e+00	4.393632755370679e-01
1.850000000000000e+00	4.106446444376016e-01
1.850000000000000e+00	4.233474246529581e-01
1.850000000000000e+00	4.168467491583708e-01
1.850000000000000e+00	3.892970437199162e-01
1.850000000000000e+00	4.356831392184080e-01
1.850000000000000e+00	3.990153947492356e-01
1.850000000000000e+00	3.600764057956893e-01
1.850000000000000e+00	4.050304572240594e-01
1.850000000000000e+00	4.769417480831483e-01
1.850000000000000e+00	4.086237741551955e-01
1.850000000000000e+00	3.931073570348413e-01
1.850000000000000e+00	3.575269796504850e-01
1.850000000000000e+00	4.410520797998529e-01
1.850000000000000e+00	3.479628896738185e-01
1.850000000000000e+00	3.578608583275023e-01
1.850000000000000e+00	4.475852148265537e-01
1.850000000000000e+00	4.875124017278928e-01
1.850000000000000e+00	3.831469737358228e-01
1.850000000000000e+00	3.220316821125956e-01
1.850000000000000e+00	4.269725190239650e-01
1.850000000000000e+00	3.693286355040576e-01
1.850000000000000e+00	4.031312950210844e-01
1.850000000000000e+00	3.920054130372885e-01
1.850000000000000e+00	4.540903621177554e-01
1.850000000000000e+00	4.655762236317181e-01
1.850000000000000e+00	4.340655748052625e-01
1.850000000000000e+00	4.782160716569647e-01
1.850000000000000e+00	3.404404098100278e-01
1.850000000000000e+00	4.056594255152310e-01
1.850000000000000e+00	4.062590715006865e-01
1.850000000000000e+00	4.234284187847314e-01
1.850000000000000e+00	3.746898175294182e-01
1.850000000000000e+00	4.119036884316576e-01
1.850000000000000e+00	4.494855015918490e-01
1.850000000000000e+00	4.120195976137698e-01
1.850000000000000e+00	4.308578753157802e-01
1.850000000000000e+00	3.581128915709695e-01
1.850000000000000e+00	3.649747114158527e-01
1.850000000000000e+00	4.780731821208265e-01
1.850000000000000e+00	4.611181229169113e-01
1.850000000000000e+00	3.726526028103443e-01
1.850000000000000e+00	4.100766574822635e-01
1.850000000000000e+00	4.313400454904444e-01
1.850000000000000e+00	4.261782921378413e-01
1.850000000000000e+00	3.750610099740643e-01
1.850000000000000e+00	4.372842291993645e-01
1.850000000000000e+00	4.340279640416700e-01
1.850000000000000e+00	4.487046653643684e-01
1.850000000000000e+00	4.557625211292984e-01
1.850000000000000e+00	4.538113667654438e-01
1.850000000000000e+00	4.252765585101240e-01
1.850000000000000e+00	4.542495917917562e-01
1.850000000000000e+00	5.063519839652928e-01
1.850000000000000e+00	4.150559673817070e-01
1.850000000000000e+00	3.333626992030225e-01
1.850000000000000e+00	4.235822959925066e-01
1.850000000000000e+00	3.870391397907362e-01
1.850000000000000e+00	3.988267427588116e-01
1.850000000000000e+00	4.935904757154051e-01
1.850000000000000e+00	4.516101291776730e-01
1.850000000000000e+00	4.803694661936859e-01
1.850000000000000e+00	3.870163457832865e-01
1.850000000000000e+00	3.958247684071839e-01
1.850000000000000e+00	4.039255799824149e-01
1.850000000000000e+00	4.084750492704275e-01
1.850000000000000e+00	4.686120573788057e-01
1.850000000000000e+00	3.678149366469443e-01
1.850000000000000e+00	3.576919188957969e-01
1.850000000000000e+00	3.894738484059892e-01
1.850000000000000e+00	4.505261864301379e-01
