2.100000000000000e+00	4.131434133054955e-01
2.100000000000000e+00	4.093622170793412e-01
2.100000000000000e+00	3.928899868265506e-01
2.100000000000000e+00	3.818659490845923e-01
2.100000000000000e+00	4.075984490948848e-01
2.100000000000000e+00	4.144276554724909e-01
2.100000000000000e+00	4.272823387318999e-01
2.100000000000000e+00	3.693386413845217e-01
2.100000000000000e+00	4.213612405567823e-01
2.100000000000000e+00	4.095402935179939e-01
2.100000000000000e+00	4.384365353324864e-01
2.100000000000000e+00	4.105263697307048e-01
2.100000000000000e+00	4.170792987137588e-01
2.100000000000000e+00	4.389552085505139e-01
2.100000000000000e+00	4.521180230819755e-01
2.100000000000000e+00	3.838848417693752e-01
2.100000000000000e+00	4.982803087305687e-01
2.100000000000000e+00	4.189080316669750e-01
2.100000000000000e+00	3.662417920752729e-01
2.100000000000000e+00	3.858649438214609e-01
2.100000000000000e+00	4.573400085900315e-01
2.100000000000000e+00	4.547106302024378e-01
2.100000000000000e+00	4.459881102815478e-01
2.100000000000000e+00	3.910321157013797e-01
2.100000000000000e+00	3.849515392610471e-01
2.100000000000000e+00	4.401582335886262e-01
2.100000000000000e+00	3.881199120024056e-01
2.100000000000000e+00	4.303589274182772e-01
2.100000000000000e+00	3.838390060740019e-01
2.100000000000000e+00	4.212528848819795e-01
2.100000000000000e+00	3.530461813676996e-01
2.100000000000000e+00	4.406249243905677e-01
2.100000000000000e+00	3.924644507200359e-01
2.100000000000000e+00	3.645031112129614e-01
2.100000000000000e+00	4.249298118201508e-01
2.100000000000000e+00	4.430687878885028e-01
2.100000000000000e+00	4.341677207153655e-01
2.100000000000000e+00	3.933568217150051e-01
2.100000000000000e+00	4.365754872016366e-01
2.100000000000000e+00	4.097872904702895e-01
2.100000000000000e+00	4.221875517970335e-01
2.100000000000000e+00	3.945758922663831e-01
2.100000000000000e+00	3.956180010955704e-01
2.100000000000000e+00	4.092557150759805e-01
2.100000000000000e+00	4.255012457429887e-01
2.100000000000000e+00	4.306697121850995e-01
2.100000000000000e+00	4.202209738103722e-01
2.100000000000000e+00	4.563049043247867e-01
2.100000000000000e+00	4.100675985686169e-01
2.100000000000000e+00	4.323813761382030e-01
2.100000000000000e+00	3.961200550682097e-01
2.100000000000000e+00	3.949478074940450e-01
2.100000000000000e+00	3.675358649334999e-01
2.100000000000000e+00	4.103958973215596e-01
2.100000000000000e+00	4.592524180667450e-01
2.100000000000000e+00	4.136343819799128e-01
2.100000000000000e+00	3.733349865450297e-01
2.100000000000000e+00	3.518828159362714e-01
2.100000000000000e+00	3.979821304325663e-01
2.100000000000000e+00	3.948152657220997e-01
2.100000000000000e+00	3.981082103754888e-01
2.100000000000000e+00	4.041782195921867e-01
2.100000000000000e+00	3.961038976918608e-01
2.100000000000000e+00	4.113233525503011e-01
2.100000000000000e+00	4.322129413825717e-01
2.100000000000000e+00	4.281365725567620e-01
2.100000000000000e+00	4.110524748416563e-01
2.100000000000000e+00	4.250332838114963e-01
2.100000000000000e+00	3.936401888344080e-01
2.100000000000000e+00	3.708936869104154e-01
2.100000000000000e+00	4.118169358451807e-01
2.100000000000000e+00	4.264970207019373e-01
2.100000000000000e+00	3.711999839550206e-01
2.100000000000000e+00	3.657704189072426e-01
2.100000000000000e+00	4.469853506053207e-01
2.100000000000000e+00	4.224272441709606e-01
2.100000000000000e+00	4.252341557467844e-01
2.100000000000000e+00	4.262479960717826e-01
2.100000000000000e+00	3.937056033021186e-01
2.100000000000000e+00	4.158778915660600e-01
2.100000000000000e+00	3.607203672376004e-01
2.100000000000000e+00	4.097281850075561e-01
2.100000000000000e+00	4.074783218570275e-01
2.100000000000000e+00	3.784701636221789e-01
2.100000000000000e+00	4.013787051927875e-01
2.100000000000000e+00	3.963386114721431e-01
2.100000000000000e+00	4.067841099259850e-01
2.100000000000000e+00	4.361606053549066e-01
2.100000000000000e+00	4.345052863622363e-01
2.100000000000000e+00	4.399975283324849e-01
2.100000000000000e+00	4.425427183131246e-01
2.100000000000000e+00	4.053173403057511e-01
2.100000000000000e+00	4.127248131233672e-01
2.100000000000000e+00	3.989264231452542e-01
2.100000000000000e+00	4.224533936317573e-01
2.100000000000000e+00	4.065190780678447e-01
2.100000000000000e+00	4.409685766563727e-01
2.100000000000000e+00	3.941784711626987e-01
2.100000000000000e+00	4.304804664871180e-01
2.100000000000000e+00	4.467374585875731e-01
2.100000000000000e+00	4.292878925722848e-01
2.100000000000000e+00	3.914646174892734e-01
2.100000000000000e+00	3.989130626484290e-01
2.100000000000000e+00	3.920779437935276e-01
2.100000000000000e+00	4.445689789110792e-01
2.100000000000000e+00	4.084169662030689e-01
2.100000000000000e+00	4.134741194263017e-01
2.100000000000000e+00	4.245974715018029e-01
2.100000000000000e+00	3.984693400166620e-01
2.100000000000000e+00	3.368109871470292e-01
2.100000000000000e+00	3.867601196850332e-01
2.100000000000000e+00	4.221911458134287e-01
2.100000000000000e+00	4.548085790189367e-01
2.100000000000000e+00	4.554147112079795e-01
2.100000000000000e+00	4.378621563638203e-01
2.100000000000000e+00	4.374358836477703e-01
2.100000000000000e+00	4.133761301721771e-01
2.100000000000000e+00	4.008495725940530e-01
2.100000000000000e+00	3.771117206730418e-01
2.100000000000000e+00	4.033940004304312e-01
2.100000000000000e+00	4.142941889741320e-01
2.100000000000000e+00	3.998774444554313e-01
2.100000000000000e+00	4.015123667439222e-01
2.100000000000000e+00	4.135237462717555e-01
2.100000000000000e+00	3.949071032742446e-01
2.100000000000000e+00	3.896746001909177e-01
2.100000000000000e+00	4.136439705623849e-01
2.100000000000000e+00	4.113949770719064e-01
2.100000000000000e+00	4.043277297965794e-01
2.100000000000000e+00	4.156792068228605e-01
2.100000000000000e+00	4.073273637270333e-01
2.100000000000000e+00	4.236047686580281e-01
2.100000000000000e+00	4.331935823374637e-01
2.100000000000000e+00	3.933481783815241e-01
2.100000000000000e+00	4.187358963968418e-01
2.100000000000000e+00	4.453451280527994e-01
2.100000000000000e+00	4.194870316311117e-01
2.100000000000000e+00	4.403511325427111e-01
2.100000000000000e+00	4.011589506739131e-01
2.100000000000000e+00	3.955451537214756e-01
2.100000000000000e+00	4.084327627643397e-01
2.100000000000000e+00	4.847924447455644e-01
2.100000000000000e+00	3.864670072128157e-01
2.100000000000000e+00	4.000907069666824e-01
2.100000000000000e+00	4.271561050061897e-01
2.100000000000000e+00	4.466638455434232e-01
2.100000000000000e+00	3.531829140660011e-01
2.100000000000000e+00	4.151261403072800e-01
2.100000000000000e+00	4.162712607497482e-01
2.100000000000000e+00	4.176604392507974e-01
2.100000000000000e+00	4.092150667696966e-01
2.100000000000000e+00	4.460340202633855e-01
2.100000000000000e+00	4.066889084511184e-01
2.100000000000000e+00	4.117898031778202e-01
2.100000000000000e+00	4.145765827057880e-01
2.100000000000000e+00	4.072525628443208e-01
2.100000000000000e+00	4.261575228785153e-01
2.100000000000000e+00	4.028571955037744e-01
2.100000000000000e+00	4.061764456027768e-01
2.100000000000000e+00	3.763851455021537e-01
2.100000000000000e+00	4.085453612792558e-01
2.100000000000000e+00	3.767664419356562e-01
2.100000000000000e+00	3.706749612949102e-01
2.100000000000000e+00	4.064332469017002e-01
2.100000000000000e+00	3.914038697625314e-01
2.100000000000000e+00	4.056316754352893e-01
2.100000000000000e+00	4.528915258082463e-01
2.100000000000000e+00	4.128922506819733e-01
2.100000000000000e+00	4.148166046261481e-01
2.100000000000000e+00	3.789904919797362e-01
2.100000000000000e+00	3.717621464430255e-01
2.100000000000000e+00	3.964653179404845e-01
2.100000000000000e+00	4.101986263987809e-01
2.100000000000000e+00	3.544811528054543e-01
2.100000000000000e+00	4.117104051583599e-01
2.100000000000000e+00	4.103592439647974e-01
2.100000000000000e+00	3.598017762117567e-01
2.100000000000000e+00	4.339102197238235e-01
2.100000000000000e+00	4.071379006800087e-01
2.100000000000000e+00	3.906454288193580e-01
2.100000000000000e+00	4.336868320477285e-01
2.100000000000000e+00	3.527297587538322e-01
2.100000000000000e+00	4.068878717817541e-01
2.100000000000000e+00	4.328093593499546e-01
2.100000000000000e+00	3.676911413796342e-01
2.100000000000000e+00	4.197906099755571e-01
2.100000000000000e+00	3.803050854502830e-01
2.100000000000000e+00	3.949428624362699e-01
2.100000000000000e+00	3.724793908440031e-01
2.100000000000000e+00	3.981700262180016e-01
2.100000000000000e+00	4.417835908128775e-01
2.100000000000000e+00	4.698260353620468e-01
2.100000000000000e+00	3.967842069310426e-01
2.100000000000000e+00	4.257394431641281e-01
2.100000000000000e+00	3.800713342830225e-01
2.100000000000000e+00	3.557592816549534e-01
2.100000000000000e+00	3.709755630342165e-01
2.100000000000000e+00	3.989669591130950e-01
2.100000000000000e+00	4.178325791908774e-01
2.100000000000000e+00	4.083661647534287e-01
2.100000000000000e+00	4.650267024294725e-01
2.100000000000000e+00	3.789034223125901e-01
2.100000000000000e+00	4.077524885154913e-01
2.100000000000000e+00	4.358577658328831e-01
2.100000000000000e+00	3.902741847337443e-01
2.100000000000000e+00	4.018781303489396e-01
2.100000000000000e+00	4.138057594278611e-01
2.100000000000000e+00	4.114805895345721e-01
2.100000000000000e+00	4.157881689237709e-01
2.100000000000000e+00	4.549105381499533e-01
2.100000000000000e+00	4.581328832452213e-01
2.100000000000000e+00	4.155356514921684e-01
2.100000000000000e+00	4.370906312090569e-01
2.100000000000000e+00	3.701429720384764e-01
2.100000000000000e+00	4.221984783060356e-01
2.100000000000000e+00	3.686666750691260e-01
2.100000000000000e+00	3.997291184130771e-01
2.100000000000000e+00	4.087592631350931e-01
2.100000000000000e+00	4.088340025514529e-01
2.100000000000000e+00	4.221983311267722e-01
2.100000000000000e+00	4.297634123742312e-01
2.100000000000000e+00	4.384195406652763e-01
2.100000000000000e+00	3.929506740951765e-01
2.100000000000000e+00	4.734678981168122e-01
2.100000000000000e+00	4.604658509531820e-01
2.100000000000000e+00	3.948300927482063e-01
2.100000000000000e+00	3.994644287373979e-01
2.100000000000000e+00	4.192242365880844e-01
2.100000000000000e+00	4.222023404302709e-01
2.100000000000000e+00	4.150738973341587e-01
2.100000000000000e+00	4.414854968652580e-01
2.100000000000000e+00	3.631708184787678e-01
2.100000000000000e+00	4.359818048121973e-01
2.100000000000000e+00	4.277569096890865e-01
2.100000000000000e+00	4.093074660727410e-01
2.100000000000000e+00	4.381890685190840e-01
2.100000000000000e+00	3.610459249825905e-01
2.100000000000000e+00	3.788411629714716e-01
2.100000000000000e+00	4.373641530906267e-01
2.100000000000000e+00	4.276631473196344e-01
2.100000000000000e+00	4.207577190023609e-01
2.100000000000000e+00	4.036625888344891e-01
2.100000000000000e+00	3.992220414324013e-01
2.100000000000000e+00	4.429914863475579e-01
2.100000000000000e+00	4.210599802484841e-01
2.100000000000000e+00	3.984241125352195e-01
2.100000000000000e+00	3.894082379928806e-01
2.100000000000000e+00	3.859719219909911e-01
2.100000000000000e+00	4.435813419960961e-01
2.100000000000000e+00	4.244859147179780e-01
2.100000000000000e+00	4.111641622626971e-01
2.100000000000000e+00	4.165181985253779e-01
2.100000000000000e+00	3.794839913294074e-01
2.100000000000000e+00	4.190919435286047e-01
2.100000000000000e+00	3.941098666511253e-01
2.100000000000000e+00	4.384375775249479e-01
2.100000000000000e+00	3.865339803819154e-01
2.100000000000000e+00	3.742218327805034e-01
2.100000000000000e+00	4.432977540688033e-01
2.100000000000000e+00	4.128691818977724e-01
2.100000000000000e+00	3.911464938299375e-01
2.100000000000000e+00	4.125559628501345e-01
2.100000000000000e+00	4.420273211709424e-01
2.100000000000000e+00	4.250803008683737e-01
2.100000000000000e+00	3.759298744160617e-01
2.100000000000000e+00	3.908731926472654e-01
2.100000000000000e+00	4.403993994743228e-01
2.100000000000000e+00	4.549659132875949e-01
2.100000000000000e+00	3.697225205950662e-01
2.100000000000000e+00	3.866946393141585e-01
2.100000000000000e+00	4.307658410519815e-01
2.100000000000000e+00	4.015843467631476e-01
2.100000000000000e+00	4.014967424988593e-01
2.100000000000000e+00	3.752011254701774e-01
2.100000000000000e+00	4.474598356875329e-01
2.100000000000000e+00	4.064866076059067e-01
2.100000000000000e+00	4.011992800186108e-01
2.100000000000000e+00	3.908917115493219e-01
2.100000000000000e+00	3.691176728402621e-01
2.100000000000000e+00	4.519143995906115e-01
2.100000000000000e+00	4.151958817215431e-01
2.100000000000000e+00	3.984330128530795e-01
2.100000000000000e+00	3.840042714227985e-01
2.100000000000000e+00	3.775743325783814e-01
2.100000000000000e+00	3.839986130396378e-01
2.100000000000000e+00	4.240762868764496e-01
2.100000000000000e+00	4.074314854557484e-01
2.100000000000000e+00	3.984273385832998e-01
2.100000000000000e+00	3.769868751114390e-01
2.100000000000000e+00	4.385025938168898e-01
2.100000000000000e+00	4.341597104173194e-01
2.100000000000000e+00	4.413885830876763e-01
2.100000000000000e+00	4.275131556865639e-01
2.100000000000000e+00	4.471585803835869e-01
2.100000000000000e+00	3.990987510326396e-01
2.100000000000000e+00	4.153878252644681e-01
2.100000000000000e+00	4.110589598548827e-01
2.100000000000000e+00	4.044957783621956e-01
2.100000000000000e+00	4.247583595343774e-01
2.100000000000000e+00	3.819840211151444e-01
2.100000000000000e+00	4.612578577160536e-01
2.100000000000000e+00	3.923288194414182e-01
2.100000000000000e+00	3.817084134475399e-01
2.100000000000000e+00	4.339530122505105e-01
2.100000000000000e+00	4.066679040616761e-01
2.100000000000000e+00	3.914160877795904e-01
2.100000000000000e+00	4.001373303053168e-01
2.100000000000000e+00	4.201873498515019e-01
2.100000000000000e+00	4.027659392930892e-01
2.100000000000000e+00	3.834079030645641e-01
2.100000000000000e+00	4.148748123830057e-01
2.100000000000000e+00	3.996680778157659e-01
2.100000000000000e+00	3.860108529027760e-01
2.100000000000000e+00	3.944481887134546e-01
2.100000000000000e+00	4.438293126025119e-01
2.100000000000000e+00	4.241705598864383e-01
2.100000000000000e+00	4.548592238887123e-01
2.100000000000000e+00	4.201826047959874e-01
2.100000000000000e+00	4.187291597995150e-01
2.100000000000000e+00	4.081198524687464e-01
2.100000000000000e+00	4.225217973658184e-01
2.100000000000000e+00	4.272756101587262e-01
2.100000000000000e+00	3.985448770401923e-01
2.100000000000000e+00	4.251921394554780e-01
2.100000000000000e+00	4.039560080577698e-01
2.100000000000000e+00	3.738731267399312e-01
2.100000000000000e+00	4.329108026547982e-01
2.100000000000000e+00	3.764968329466221e-01
2.100000000000000e+00	4.327304404378823e-01
2.100000000000000e+00	4.144038791933792e-01
2.100000000000000e+00	4.201217188190280e-01
2.100000000000000e+00	3.832420614746541e-01
2.100000000000000e+00	4.183109976292712e-01
2.100000000000000e+00	3.590323176928775e-01
2.100000000000000e+00	3.830307602784950e-01
2.100000000000000e+00	3.622162785927703e-01
2.100000000000000e+00	3.950937017885597e-01
2.100000000000000e+00	4.443194493283021e-01
2.100000000000000e+00	3.820843854514430e-01
2.100000000000000e+00	4.077820483538680e-01
2.100000000000000e+00	3.942155175866195e-01
2.100000000000000e+00	4.372570255745798e-01
2.100000000000000e+00	3.728051391663161e-01
2.100000000000000e+00	4.455768977733627e-01
2.100000000000000e+00	4.205787000461406e-01
2.100000000000000e+00	3.630114173785002e-01
2.100000000000000e+00	4.460842641218464e-01
2.100000000000000e+00	4.075530307363631e-01
2.100000000000000e+00	3.822885514108491e-01
2.100000000000000e+00	3.749406340874215e-01
2.100000000000000e+00	4.399634260475387e-01
2.100000000000000e+00	4.080101339954684e-01
2.100000000000000e+00	3.818014364898988e-01
2.100000000000000e+00	4.241733527981140e-01
2.100000000000000e+00	3.517421690115582e-01
2.100000000000000e+00	3.843502919272795e-01
2.100000000000000e+00	3.927163398649709e-01
2.100000000000000e+00	4.173223386162455e-01
2.100000000000000e+00	4.061741893525663e-01
2.100000000000000e+00	4.098881828279491e-01
2.100000000000000e+00	4.502908717102017e-01
2.100000000000000e+00	4.026070569386184e-01
2.100000000000000e+00	3.989015914355697e-01
2.100000000000000e+00	3.942543222501105e-01
2.100000000000000e+00	3.913652302981068e-01
2.100000000000000e+00	4.486770465715743e-01
2.100000000000000e+00	4.211012260126390e-01
2.100000000000000e+00	4.043134477358629e-01
2.100000000000000e+00	4.005742939101005e-01
2.100000000000000e+00	3.869495522461105e-01
2.100000000000000e+00	4.041372938462338e-01
2.100000000000000e+00	3.904353651812733e-01
2.100000000000000e+00	4.074683253476319e-01
2.100000000000000e+00	3.934470880639552e-01
2.100000000000000e+00	3.602665581806703e-01
2.100000000000000e+00	4.053208597283232e-01
2.100000000000000e+00	4.540697260762145e-01
2.100000000000000e+00	4.166993271268210e-01
2.100000000000000e+00	4.414275649553562e-01
2.100000000000000e+00	4.297695371044224e-01
2.100000000000000e+00	3.846356388912350e-01
2.100000000000000e+00	4.142863499902898e-01
2.100000000000000e+00	4.043395962057701e-01
2.100000000000000e+00	4.006147018074303e-01
2.100000000000000e+00	4.457390432531669e-01
2.100000000000000e+00	4.075637096304375e-01
2.100000000000000e+00	3.897757353266789e-01
2.100000000000000e+00	4.445142719800260e-01
2.100000000000000e+00	4.111088887199600e-01
2.100000000000000e+00	3.965026983858944e-01
2.100000000000000e+00	4.392208341886333e-01
2.100000000000000e+00	3.623359652247136e-01
2.100000000000000e+00	4.071633190650018e-01
2.100000000000000e+00	3.985882248585576e-01
2.100000000000000e+00	3.618258227764042e-01
2.100000000000000e+00	4.174746142968145e-01
2.100000000000000e+00	4.129229520033890e-01
2.100000000000000e+00	4.170802372529724e-01
2.100000000000000e+00	4.251403152730233e-01
2.100000000000000e+00	4.079706604810160e-01
2.100000000000000e+00	4.335437849657684e-01
2.100000000000000e+00	4.347987820294106e-01
2.100000000000000e+00	4.097837348367298e-01
2.100000000000000e+00	3.878117995064826e-01
2.100000000000000e+00	4.284040286905495e-01
2.100000000000000e+00	3.958467363469932e-01
2.100000000000000e+00	3.889323041054398e-01
2.100000000000000e+00	4.130222600632817e-01
2.100000000000000e+00	4.221611346338610e-01
2.100000000000000e+00	4.255563597155678e-01
2.100000000000000e+00	3.999390339960311e-01
2.100000000000000e+00	4.022417440511482e-01
2.100000000000000e+00	4.106788802473324e-01
2.100000000000000e+00	3.882400280176094e-01
2.100000000000000e+00	4.216519632574893e-01
2.100000000000000e+00	4.271472904423061e-01
2.100000000000000e+00	3.765468386664368e-01
2.100000000000000e+00	3.834337456166945e-01
2.100000000000000e+00	4.002152225214312e-01
2.100000000000000e+00	4.233934187993785e-01
2.100000000000000e+00	3.420426082586247e-01
2.100000000000000e+00	3.883355764574480e-01
2.100000000000000e+00	3.866755419099298e-01
2.100000000000000e+00	4.565811449591400e-01
2.100000000000000e+00	4.181306784592413e-01
2.100000000000000e+00	3.574668637323945e-01
2.100000000000000e+00	3.973837363328890e-01
2.100000000000000e+00	4.143377770111304e-01
2.100000000000000e+00	4.220804849180159e-01
2.100000000000000e+00	3.923108842829466e-01
2.100000000000000e+00	4.096351549116312e-01
2.100000000000000e+00	4.099714534664680e-01
2.100000000000000e+00	3.909556079288017e-01
2.100000000000000e+00	3.546282032770492e-01
2.100000000000000e+00	4.277258352219888e-01
2.100000000000000e+00	3.970555126042223e-01
2.100000000000000e+00	4.701605660631780e-01
2.100000000000000e+00	4.191319433731531e-01
2.100000000000000e+00	3.980692246536628e-01
2.100000000000000e+00	3.584477944592475e-01
2.100000000000000e+00	4.137401785278335e-01
2.100000000000000e+00	3.673543320973832e-01
2.100000000000000e+00	4.741380070341185e-01
2.100000000000000e+00	3.996834458949008e-01
2.100000000000000e+00	4.327321261572306e-01
2.100000000000000e+00	3.591362381596412e-01
2.100000000000000e+00	3.984212715949308e-01
2.100000000000000e+00	4.045388734086204e-01
2.100000000000000e+00	4.545240827684636e-01
2.100000000000000e+00	3.941300175834332e-01
2.100000000000000e+00	3.895703774412306e-01
2.100000000000000e+00	3.819434982238485e-01
2.100000000000000e+00	3.952864140088247e-01
2.100000000000000e+00	4.060931959911491e-01
2.100000000000000e+00	4.511792203480075e-01
2.100000000000000e+00	4.002755713607214e-01
2.100000000000000e+00	4.269999091903368e-01
2.100000000000000e+00	4.021612387634392e-01
2.100000000000000e+00	4.069170375465103e-01
2.100000000000000e+00	4.013098041655686e-01
2.100000000000000e+00	3.759477697350477e-01
2.100000000000000e+00	3.645926560019411e-01
2.100000000000000e+00	3.958324074922996e-01
2.100000000000000e+00	4.064231930718905e-01
2.100000000000000e+00	4.126695956157465e-01
2.100000000000000e+00	4.442541932421087e-01
2.100000000000000e+00	3.869365007973143e-01
2.100000000000000e+00	4.354173671837051e-01
2.100000000000000e+00	3.818021747378242e-01
2.100000000000000e+00	4.613670558903908e-01
2.100000000000000e+00	3.622564988655435e-01
2.100000000000000e+00	3.942561840464008e-01
2.100000000000000e+00	4.010859996601890e-01
2.100000000000000e+00	4.410625001581763e-01
2.100000000000000e+00	4.071829022969625e-01
2.100000000000000e+00	3.637982917436461e-01
2.100000000000000e+00	3.969258184798031e-01
2.100000000000000e+00	4.523280630252070e-01
2.100000000000000e+00	3.978165417117405e-01
2.100000000000000e+00	3.975532546633440e-01
2.100000000000000e+00	3.920710234641304e-01
2.100000000000000e+00	3.972489239292250e-01
2.100000000000000e+00	3.802392158724832e-01
2.100000000000000e+00	3.892481612804057e-01
2.100000000000000e+00	4.118279279201571e-01
2.100000000000000e+00	4.555526508604794e-01
2.100000000000000e+00	3.789868030163250e-01
2.100000000000000e+00	4.025684223734987e-01
2.100000000000000e+00	3.735625071960625e-01
2.100000000000000e+00	3.674334616985569e-01
2.100000000000000e+00	3.933367533392113e-01
2.100000000000000e+00	4.198074304580870e-01
2.100000000000000e+00	4.057402184316399e-01
2.100000000000000e+00	4.085216188861179e-01
2.100000000000000e+00	3.828388627213830e-01
2.100000000000000e+00	4.144180859753636e-01
2.100000000000000e+00	3.903693285648966e-01
2.100000000000000e+00	4.164764735441703e-01
2.100000000000000e+00	4.052838268708384e-01
2.100000000000000e+00	4.057879197761809e-01
2.100000000000000e+00	4.062664225323043e-01
2.100000000000000e+00	3.918645780862482e-01
2.100000000000000e+00	4.366207027268469e-01
2.100000000000000e+00	3.585216391819539e-01
2.100000000000000e+00	4.029131482854789e-01
2.100000000000000e+00	3.689665936350574e-01
2.100000000000000e+00	3.353326459634324e-01
2.100000000000000e+00	3.887595075010720e-01
2.100000000000000e+00	3.983625398417578e-01
2.100000000000000e+00	4.068132582125987e-01
2.100000000000000e+00	3.968473807414974e-01
2.100000000000000e+00	4.019828212658699e-01
2.100000000000000e+00	4.225627530282698e-01
2.100000000000000e+00	3.430659907900014e-01
2.100000000000000e+00	3.999047656625812e-01
2.100000000000000e+00	3.951887932414939e-01
2.100000000000000e+00	4.599582553595776e-01
2.100000000000000e+00	3.891469704204091e-01
2.100000000000000e+00	4.123559178526215e-01
2.100000000000000e+00	4.551674112706544e-01
2.100000000000000e+00	3.976665450378235e-01
2.100000000000000e+00	4.090288849742746e-01
2.100000000000000e+00	3.900208155500838e-01
2.100000000000000e+00	3.738470852841347e-01
2.100000000000000e+00	3.792053350153801e-01
2.100000000000000e+00	4.207989161501155e-01
2.100000000000000e+00	3.722397829360127e-01
2.100000000000000e+00	4.210848947435220e-01
2.100000000000000e+00	4.021062704833183e-01
2.100000000000000e+00	3.902904432411626e-01
2.100000000000000e+00	3.956384074996748e-01
2.100000000000000e+00	3.887647654293580e-01
2.100000000000000e+00	4.371987317361382e-01
2.100000000000000e+00	4.076604538858720e-01
2.100000000000000e+00	4.429141229547703e-01
2.100000000000000e+00	3.548549085742501e-01
2.100000000000000e+00	3.805966874039168e-01
2.100000000000000e+00	4.353942821452980e-01
2.100000000000000e+00	3.941778958892703e-01
2.100000000000000e+00	3.806604059434081e-01
2.100000000000000e+00	4.376111704569132e-01
2.100000000000000e+00	4.460529115239297e-01
2.100000000000000e+00	4.254997599516520e-01
2.100000000000000e+00	3.848996842865011e-01
2.100000000000000e+00	4.087859922587231e-01
2.100000000000000e+00	4.307129902333367e-01
2.100000000000000e+00	3.997595862904022e-01
2.100000000000000e+00	3.894154044877601e-01
2.100000000000000e+00	3.875113755594662e-01
2.100000000000000e+00	4.296854962332086e-01
2.100000000000000e+00	3.683525892193101e-01
2.100000000000000e+00	3.698614166560611e-01
2.100000000000000e+00	3.951281653223946e-01
2.100000000000000e+00	3.961595801965226e-01
2.100000000000000e+00	3.940243173240367e-01
2.100000000000000e+00	4.412593602536035e-01
2.100000000000000e+00	4.351282014275746e-01
2.100000000000000e+00	4.161819864313352e-01
2.100000000000000e+00	3.695102006228677e-01
2.100000000000000e+00	3.612619450282632e-01
2.100000000000000e+00	4.177259838277365e-01
2.100000000000000e+00	4.343941308737370e-01
2.100000000000000e+00	3.821576692992962e-01
2.100000000000000e+00	3.829206391082431e-01
2.100000000000000e+00	4.445977614624805e-01
2.100000000000000e+00	4.104066683950034e-01
2.100000000000000e+00	3.893521954456536e-01
2.100000000000000e+00	4.166859634248252e-01
2.100000000000000e+00	3.857610535041600e-01
2.100000000000000e+00	3.721702606723671e-01
2.100000000000000e+00	3.405813118216339e-01
2.100000000000000e+00	3.924925540115800e-01
2.100000000000000e+00	4.114691325799812e-01
2.100000000000000e+00	4.043847850800183e-01
2.100000000000000e+00	4.239213163059630e-01
2.100000000000000e+00	3.981529426179510e-01
2.100000000000000e+00	4.033956911646789e-01
2.100000000000000e+00	3.978637801836832e-01
2.100000000000000e+00	3.915174583877588e-01
2.100000000000000e+00	4.315679152416050e-01
2.100000000000000e+00	4.079161716206486e-01
2.100000000000000e+00	4.039660294950211e-01
2.100000000000000e+00	4.042128798899264e-01
2.100000000000000e+00	4.002311082147755e-01
2.100000000000000e+00	3.962873717838553e-01
2.100000000000000e+00	4.310092021737368e-01
2.100000000000000e+00	3.988439430694498e-01
2.100000000000000e+00	3.921358949581328e-01
2.100000000000000e+00	4.423250367712434e-01
2.100000000000000e+00	4.302413802758180e-01
2.100000000000000e+00	4.163040576564138e-01
2.100000000000000e+00	4.122521072159247e-01
2.100000000000000e+00	4.405781031307492e-01
2.100000000000000e+00	4.195134995756914e-01
2.100000000000000e+00	4.288773179895485e-01
2.100000000000000e+00	3.995328661952754e-01
2.100000000000000e+00	4.075170993146036e-01
2.100000000000000e+00	3.924528036501622e-01
2.100000000000000e+00	4.208716904363631e-01
2.100000000000000e+00	3.960729295062227e-01
2.100000000000000e+00	4.314420221569370e-01
2.100000000000000e+00	4.351666790171049e-01
2.100000000000000e+00	3.974027885073961e-01
2.100000000000000e+00	4.150254153968468e-01
2.100000000000000e+00	3.725403573008850e-01
2.100000000000000e+00	4.113677668344360e-01
2.100000000000000e+00	4.278173923634231e-01
2.100000000000000e+00	4.361917378945682e-01
2.100000000000000e+00	4.082436625943515e-01
2.100000000000000e+00	4.006146423848961e-01
2.100000000000000e+00	4.136869008639004e-01
2.100000000000000e+00	4.187263464094201e-01
2.100000000000000e+00	3.572392865468845e-01
2.100000000000000e+00	4.794450141249964e-01
2.100000000000000e+00	3.943493008618955e-01
2.100000000000000e+00	4.037854794749725e-01
2.100000000000000e+00	4.546535220161996e-01
2.100000000000000e+00	4.297680457430273e-01
2.100000000000000e+00	4.473056925122929e-01
2.100000000000000e+00	3.785305377592662e-01
2.100000000000000e+00	3.871918551293757e-01
2.100000000000000e+00	4.266228266263771e-01
2.100000000000000e+00	4.274127418359283e-01
2.100000000000000e+00	4.069218799170431e-01
2.100000000000000e+00	4.197850850519936e-01
2.100000000000000e+00	4.501962663618686e-01
2.100000000000000e+00	4.114025722935156e-01
2.100000000000000e+00	4.142255276381736e-01
2.100000000000000e+00	3.938452401131431e-01
2.100000000000000e+00	4.030913270483319e-01
2.100000000000000e+00	3.846115949759463e-01
2.100000000000000e+00	4.012146190156166e-01
2.100000000000000e+00	4.046240465795635e-01
2.100000000000000e+00	4.276290996657824e-01
2.100000000000000e+00	4.140108096907296e-01
2.100000000000000e+00	3.931031351330584e-01
2.100000000000000e+00	4.404385473696918e-01
2.100000000000000e+00	3.455668348726424e-01
2.100000000000000e+00	3.943120480131344e-01
2.100000000000000e+00	4.037268775789297e-01
2.100000000000000e+00	3.934056893618078e-01
2.100000000000000e+00	4.278578686017030e-01
2.100000000000000e+00	3.643156787108950e-01
2.100000000000000e+00	4.048805377702025e-01
2.100000000000000e+00	4.035542522687713e-01
2.100000000000000e+00	3.792882103080401e-01
2.100000000000000e+00	3.742156128682664e-01
2.100000000000000e+00	4.169636487316306e-01
2.100000000000000e+00	4.269964453395649e-01
2.100000000000000e+00	4.433341459248302e-01
2.100000000000000e+00	3.796310546013466e-01
2.100000000000000e+00	4.270754496288652e-01
2.100000000000000e+00	3.975680069816201e-01
2.100000000000000e+00	3.754231535946171e-01
2.100000000000000e+00	3.824989314810124e-01
2.100000000000000e+00	4.103689741803064e-01
2.100000000000000e+00	4.333413977074634e-01
2.100000000000000e+00	3.818697130066610e-01
2.100000000000000e+00	4.084040615716268e-01
2.100000000000000e+00	4.065905886343004e-01
2.100000000000000e+00	4.526854993377549e-01
2.100000000000000e+00	4.478467678295738e-01
2.100000000000000e+00	4.276713903452720e-01
2.100000000000000e+00	4.107403188790084e-01
2.100000000000000e+00	4.202709047033499e-01
2.100000000000000e+00	3.696763720951832e-01
2.100000000000000e+00	4.210648778972061e-01
2.100000000000000e+00	4.362077370696494e-01
2.100000000000000e+00	4.100098745197135e-01
2.100000000000000e+00	3.535179739215729e-01
2.100000000000000e+00	3.945913511831354e-01
2.100000000000000e+00	4.272702431794467e-01
2.100000000000000e+00	3.911056148213977e-01
2.100000000000000e+00	4.183159573088245e-01
2.100000000000000e+00	3.918354429601507e-01
2.100000000000000e+00	4.273850704728075e-01
2.100000000000000e+00	3.723136911114186e-01
2.100000000000000e+00	4.046841712963329e-01
2.100000000000000e+00	4.078941858431532e-01
2.100000000000000e+00	4.509172195114308e-01
2.100000000000000e+00	4.010529038225134e-01
2.100000000000000e+00	4.163534672402663e-01
2.100000000000000e+00	3.940832060064297e-01
2.100000000000000e+00	4.027913928764338e-01
2.100000000000000e+00	4.521028041596581e-01
2.100000000000000e+00	4.154744568981099e-01
2.100000000000000e+00	3.890329370878993e-01
2.100000000000000e+00	4.525095681848512e-01
2.100000000000000e+00	4.332649974370900e-01
2.100000000000000e+00	4.075988385111509e-01
2.100000000000000e+00	4.224121478380776e-01
2.100000000000000e+00	4.207627230362167e-01
2.100000000000000e+00	4.273352250230409e-01
2.100000000000000e+00	4.419289349057080e-01
2.100000000000000e+00	3.930408644907813e-01
2.100000000000000e+00	4.009681866104394e-01
2.100000000000000e+00	3.835170549334774e-01
2.100000000000000e+00	4.381163256026819e-01
2.100000000000000e+00	3.971399119340117e-01
2.100000000000000e+00	4.173284883487043e-01
2.100000000000000e+00	3.774564888577399e-01
2.100000000000000e+00	4.086788302293581e-01
2.100000000000000e+00	3.400179590385894e-01
2.100000000000000e+00	3.888124284229610e-01
2.100000000000000e+00	3.967811866679345e-01
2.100000000000000e+00	4.365343164207686e-01
2.100000000000000e+00	4.038093231003265e-01
2.100000000000000e+00	3.998094358665413e-01
2.100000000000000e+00	4.001439472167823e-01
2.100000000000000e+00	4.108981115310625e-01
2.100000000000000e+00	4.326097304236291e-01
2.100000000000000e+00	4.272997535028424e-01
2.100000000000000e+00	3.934318143283894e-01
2.100000000000000e+00	4.141675434602814e-01
2.100000000000000e+00	3.807129523905114e-01
2.100000000000000e+00	4.236053230499188e-01
2.100000000000000e+00	4.333472564554834e-01
2.100000000000000e+00	4.330429990420704e-01
2.100000000000000e+00	4.102137035747849e-01
2.100000000000000e+00	3.716993104415160e-01
2.100000000000000e+00	4.158302708505146e-01
2.100000000000000e+00	3.964645108095616e-01
2.100000000000000e+00	3.626979233987190e-01
2.100000000000000e+00	4.048291359937746e-01
2.100000000000000e+00	3.643164636376058e-01
2.100000000000000e+00	4.155366938331133e-01
2.100000000000000e+00	4.370991477390502e-01
2.100000000000000e+00	4.065572855456973e-01
2.100000000000000e+00	3.844456598316114e-01
2.100000000000000e+00	4.318018876371892e-01
2.100000000000000e+00	4.026447672277547e-01
2.100000000000000e+00	4.002780981306837e-01
2.100000000000000e+00	4.270501596761906e-01
2.100000000000000e+00	3.973312855963138e-01
2.100000000000000e+00	3.765519651462748e-01
2.100000000000000e+00	3.874259817187612e-01
2.100000000000000e+00	4.290825824208688e-01
2.100000000000000e+00	4.746052832721516e-01
2.100000000000000e+00	3.973486388092500e-01
2.100000000000000e+00	3.586086668498272e-01
2.100000000000000e+00	3.730203408764370e-01
2.100000000000000e+00	3.254726567083548e-01
2.100000000000000e+00	4.368866060154626e-01
2.100000000000000e+00	3.885770873392889e-01
2.100000000000000e+00	4.253109024557026e-01
2.100000000000000e+00	4.359842839944406e-01
2.100000000000000e+00	3.923641176922337e-01
2.100000000000000e+00	4.005220319783681e-01
2.100000000000000e+00	4.017178560174546e-01
2.100000000000000e+00	4.343913867206571e-01
2.100000000000000e+00	4.456127791650327e-01
2.100000000000000e+00	4.421485524415634e-01
2.100000000000000e+00	4.360154205605540e-01
2.100000000000000e+00	3.741709076658886e-01
2.100000000000000e+00	4.157274739798712e-01
2.100000000000000e+00	4.335508874763944e-01
2.100000000000000e+00	3.958284891134797e-01
2.100000000000000e+00	3.998034028827883e-01
2.100000000000000e+00	3.973751599561212e-01
2.100000000000000e+00	3.750845767477855e-01
2.100000000000000e+00	3.931728181927055e-01
2.100000000000000e+00	3.991814908191099e-01
2.100000000000000e+00	3.975734543501870e-01
2.100000000000000e+00	4.294648401556346e-01
2.100000000000000e+00	4.311967761410039e-01
2.100000000000000e+00	3.829853738427424e-01
2.100000000000000e+00	4.230633410081598e-01
2.100000000000000e+00	3.638548671683841e-01
2.100000000000000e+00	3.902630122283151e-01
2.100000000000000e+00	4.036407016904813e-01
2.100000000000000e+00	4.177704274685884e-01
2.100000000000000e+00	3.638821714876398e-01
2.100000000000000e+00	4.179106317209679e-01
2.100000000000000e+00	3.925279767072041e-01
2.100000000000000e+00	4.274375188293972e-01
2.100000000000000e+00	4.292244743463987e-01
2.100000000000000e+00	4.403091961798983e-01
2.100000000000000e+00	4.244544668012993e-01
2.100000000000000e+00	4.113798850487056e-01
2.100000000000000e+00	4.092752881950943e-01
2.100000000000000e+00	4.115502987811613e-01
2.100000000000000e+00	3.734386377809214e-01
2.100000000000000e+00	4.114697890375772e-01
2.100000000000000e+00	4.156866681290307e-01
2.100000000000000e+00	4.762862595702846e-01
2.100000000000000e+00	4.037424080520469e-01
2.100000000000000e+00	4.202368965258774e-01
2.100000000000000e+00	4.103042551460607e-01
2.100000000000000e+00	3.938133241589958e-01
2.100000000000000e+00	3.800369834996092e-01
2.100000000000000e+00	4.172567063113797e-01
2.100000000000000e+00	4.157998862728786e-01
2.100000000000000e+00	3.926228412616773e-01
2.100000000000000e+00	4.015690003161698e-01
2.100000000000000e+00	3.596294961205384e-01
2.100000000000000e+00	3.886756977650618e-01
2.100000000000000e+00	3.944985928773743e-01
2.100000000000000e+00	4.014374462302328e-01
2.100000000000000e+00	3.975258011412453e-01
2.100000000000000e+00	4.556999018910323e-01
2.100000000000000e+00	4.262522872860368e-01
2.100000000000000e+00	3.765715212186828e-01
2.100000000000000e+00	3.885031761035226e-01
2.100000000000000e+00	4.472152564058632e-01
2.100000000000000e+00	4.099405700144079e-01
2.100000000000000e+00	3.528447695488883e-01
2.100000000000000e+00	4.741670161230843e-01
2.100000000000000e+00	3.580957372720402e-01
2.100000000000000e+00	4.345207554529724e-01
2.100000000000000e+00	4.310508390539980e-01
2.100000000000000e+00	4.173069002330523e-01
2.100000000000000e+00	3.968864194688129e-01
2.100000000000000e+00	3.888363717545796e-01
2.100000000000000e+00	4.520587652063574e-01
2.100000000000000e+00	3.837227449987290e-01
2.100000000000000e+00	4.073588198239638e-01
2.100000000000000e+00	4.182989252763998e-01
2.100000000000000e+00	4.140481148218817e-01
2.100000000000000e+00	3.710696186710086e-01
2.100000000000000e+00	4.087151954395331e-01
2.100000000000000e+00	3.875987042662678e-01
2.100000000000000e+00	3.739711749571356e-01
2.100000000000000e+00	3.771790076647107e-01
2.100000000000000e+00	3.866935535659216e-01
2.100000000000000e+00	3.978697490735243e-01
2.100000000000000e+00	4.064778872269600e-01
2.100000000000000e+00	4.078632854448479e-01
2.100000000000000e+00	3.759459533330517e-01
2.100000000000000e+00	3.890751750434853e-01
2.100000000000000e+00	4.016279099872408e-01
2.100000000000000e+00	4.013911839084391e-01
2.100000000000000e+00	4.093525836977844e-01
2.100000000000000e+00	4.619404506372323e-01
2.100000000000000e+00	4.122760945906118e-01
2.100000000000000e+00	4.255609278171844e-01
2.100000000000000e+00	4.060826010744842e-01
2.100000000000000e+00	3.790910784444330e-01
2.100000000000000e+00	3.789185594089614e-01
2.100000000000000e+00	4.009211047268635e-01
2.100000000000000e+00	3.909380672404347e-01
2.100000000000000e+00	4.224062757895490e-01
2.100000000000000e+00	4.001306719173017e-01
2.100000000000000e+00	4.089097972266525e-01
2.100000000000000e+00	4.475536758754021e-01
2.100000000000000e+00	3.838370923653413e-01
2.100000000000000e+00	4.261802215933570e-01
2.100000000000000e+00	4.069349339580808e-01
2.100000000000000e+00	4.173685170202050e-01
2.100000000000000e+00	4.029282760253732e-01
2.100000000000000e+00	3.641049419805373e-01
2.100000000000000e+00	3.754857249947402e-01
2.100000000000000e+00	4.108282460667065e-01
2.100000000000000e+00	3.996672921910158e-01
2.100000000000000e+00	4.094865717252278e-01
2.100000000000000e+00	4.135142887389839e-01
2.100000000000000e+00	4.034705068811155e-01
2.100000000000000e+00	3.785357548829443e-01
2.100000000000000e+00	4.332479399364786e-01
2.100000000000000e+00	4.094260253666882e-01
2.100000000000000e+00	3.741944756703556e-01
2.100000000000000e+00	4.125151213885861e-01
2.100000000000000e+00	4.345683366939830e-01
2.100000000000000e+00	4.149060739672726e-01
2.100000000000000e+00	4.121240651425960e-01
2.100000000000000e+00	4.297732422535954e-01
2.100000000000000e+00	3.955634970829737e-01
2.100000000000000e+00	3.948948739978785e-01
2.100000000000000e+00	3.642852326960404e-01
2.100000000000000e+00	3.908289355624394e-01
2.100000000000000e+00	4.049992953719359e-01
2.100000000000000e+00	4.318161001523197e-01
2.100000000000000e+00	4.403667753485507e-01
2.100000000000000e+00	4.040590589194401e-01
2.100000000000000e+00	4.025342542409204e-01
2.100000000000000e+00	4.001127922333736e-01
2.100000000000000e+00	4.338008146119882e-01
2.100000000000000e+00	3.900653331563712e-01
2.100000000000000e+00	4.093024847282421e-01
2.100000000000000e+00	4.207723596181380e-01
2.100000000000000e+00	4.238813506653435e-01
2.100000000000000e+00	4.237437070890328e-01
2.100000000000000e+00	3.827808173501843e-01
2.100000000000000e+00	4.244685847197465e-01
2.100000000000000e+00	3.855314450164510e-01
2.100000000000000e+00	3.996813799407898e-01
2.100000000000000e+00	4.377111496555022e-01
2.100000000000000e+00	4.296586140140287e-01
2.100000000000000e+00	3.762476269671657e-01
2.100000000000000e+00	4.023051089859486e-01
2.100000000000000e+00	3.956606879661806e-01
2.100000000000000e+00	4.244018312153111e-01
2.100000000000000e+00	3.648983275898723e-01
2.100000000000000e+00	3.723851492837673e-01
2.100000000000000e+00	4.149994223757258e-01
2.100000000000000e+00	4.273646442854805e-01
2.100000000000000e+00	4.544637900250704e-01
2.100000000000000e+00	4.105938021504951e-01
2.100000000000000e+00	4.413091204307990e-01
2.100000000000000e+00	4.125430518190263e-01
2.100000000000000e+00	3.846568474792331e-01
2.100000000000000e+00	4.048663260545221e-01
2.100000000000000e+00	4.519287977475916e-01
2.100000000000000e+00	4.240229530516955e-01
2.100000000000000e+00	3.785341660391773e-01
2.100000000000000e+00	3.475472367717024e-01
2.100000000000000e+00	3.755052126581717e-01
2.100000000000000e+00	4.176329352756432e-01
2.100000000000000e+00	3.735428094805290e-01
2.100000000000000e+00	3.894017482027238e-01
2.100000000000000e+00	4.211442006052143e-01
2.100000000000000e+00	3.890115363300298e-01
2.100000000000000e+00	4.272554436983657e-01
2.100000000000000e+00	3.515681939191852e-01
2.100000000000000e+00	3.548266915716733e-01
2.100000000000000e+00	4.339102477993695e-01
2.100000000000000e+00	4.192926960670162e-01
2.100000000000000e+00	4.309563180203166e-01
2.100000000000000e+00	3.931608689771189e-01
2.100000000000000e+00	4.395009137027580e-01
2.100000000000000e+00	4.537398914997581e-01
2.100000000000000e+00	3.990412642474450e-01
2.100000000000000e+00	3.908019398803381e-01
2.100000000000000e+00	4.237032311454967e-01
2.100000000000000e+00	4.087123005766157e-01
2.100000000000000e+00	4.308263236794820e-01
2.100000000000000e+00	4.517022485857120e-01
2.100000000000000e+00	4.405763460893480e-01
2.100000000000000e+00	3.996715251206810e-01
2.100000000000000e+00	3.988879261606468e-01
2.100000000000000e+00	3.718712198709360e-01
2.100000000000000e+00	4.030548925368517e-01
2.100000000000000e+00	3.989288937538572e-01
2.100000000000000e+00	3.809939267136052e-01
2.100000000000000e+00	4.130675298044498e-01
2.100000000000000e+00	4.163058041986359e-01
2.100000000000000e+00	4.414143130775198e-01
2.100000000000000e+00	3.921017744782991e-01
2.100000000000000e+00	4.157503566314697e-01
2.100000000000000e+00	4.102272029776546e-01
2.100000000000000e+00	3.905342732996692e-01
2.100000000000000e+00	3.799998772331133e-01
2.100000000000000e+00	3.779087030617626e-01
2.100000000000000e+00	3.642416964124814e-01
2.100000000000000e+00	3.911621933475799e-01
2.100000000000000e+00	4.430168235129471e-01
2.100000000000000e+00	4.249330259729772e-01
2.100000000000000e+00	4.078367538788858e-01
2.100000000000000e+00	4.193068009704904e-01
2.100000000000000e+00	4.375016347471910e-01
2.100000000000000e+00	4.214821000309458e-01
2.100000000000000e+00	3.993717014307538e-01
2.100000000000000e+00	4.294970206941312e-01
2.100000000000000e+00	3.652389092064185e-01
2.100000000000000e+00	3.826669551954260e-01
2.100000000000000e+00	3.991409044265610e-01
2.100000000000000e+00	4.133300569989299e-01
2.100000000000000e+00	4.251034970481520e-01
2.100000000000000e+00	4.318453740007386e-01
2.100000000000000e+00	4.160594643359111e-01
2.100000000000000e+00	4.283614488231973e-01
2.100000000000000e+00	3.598880680371268e-01
2.100000000000000e+00	4.552258488272731e-01
2.100000000000000e+00	4.422812750329775e-01
2.100000000000000e+00	3.927697993922482e-01
2.100000000000000e+00	4.220612237643230e-01
2.100000000000000e+00	4.044588331959168e-01
2.100000000000000e+00	3.823935096616585e-01
2.100000000000000e+00	4.134633872689344e-01
2.100000000000000e+00	4.263490099710719e-01
2.100000000000000e+00	4.001804202058413e-01
2.100000000000000e+00	4.002271290471880e-01
2.100000000000000e+00	4.146575481089932e-01
2.100000000000000e+00	4.187643798933502e-01
2.100000000000000e+00	4.100476709306197e-01
2.100000000000000e+00	3.785829405007369e-01
2.100000000000000e+00	3.856888239106489e-01
2.100000000000000e+00	4.298605350170941e-01
2.100000000000000e+00	4.209732034956569e-01
2.100000000000000e+00	4.004122178353638e-01
2.100000000000000e+00	4.054226298060600e-01
2.100000000000000e+00	3.773997171802145e-01
2.100000000000000e+00	3.476556988710420e-01
2.100000000000000e+00	3.888103677272555e-01
2.100000000000000e+00	3.625026864766513e-01
2.100000000000000e+00	3.898709287166313e-01
2.100000000000000e+00	3.955007606087425e-01
2.100000000000000e+00	3.901111932119283e-01
2.100000000000000e+00	4.080287098402975e-01
2.100000000000000e+00	4.391389052360324e-01
2.100000000000000e+00	4.178097137845843e-01
2.100000000000000e+00	4.085854096649015e-01
2.100000000000000e+00	4.066860392180616e-01
2.100000000000000e+00	3.769938454060576e-01
2.100000000000000e+00	3.888091126887475e-01
2.100000000000000e+00	3.813310817279864e-01
2.100000000000000e+00	4.069286730542067e-01
2.100000000000000e+00	4.375481920047882e-01
2.100000000000000e+00	4.180084420717347e-01
2.100000000000000e+00	3.741894925623928e-01
2.100000000000000e+00	4.011967104958016e-01
