2.100000000000000e+00	9.667328709691994e+00
2.100000000000000e+00	9.601166542843036e+00
2.100000000000000e+00	9.545679715690477e+00
2.100000000000000e+00	9.533013868341749e+00
2.100000000000000e+00	9.434323557885444e+00
2.100000000000000e+00	9.765827611974300e+00
2.100000000000000e+00	9.529329011298252e+00
2.100000000000000e+00	9.586862254811292e+00
2.100000000000000e+00	9.493723176112635e+00
2.100000000000000e+00	9.559912777037082e+00
2.100000000000000e+00	9.676317136233234e+00
2.100000000000000e+00	9.716613081995394e+00
2.100000000000000e+00	9.863241455167715e+00
2.100000000000000e+00	9.563591022317613e+00
2.100000000000000e+00	9.623163818631907e+00
2.100000000000000e+00	9.735781755709501e+00
2.100000000000000e+00	9.447178178023547e+00
2.100000000000000e+00	9.590125204603705e+00
2.100000000000000e+00	9.588178720362173e+00
2.100000000000000e+00	9.498577712644245e+00
2.100000000000000e+00	9.622674114395984e+00
2.100000000000000e+00	9.713077708422247e+00
2.100000000000000e+00	9.603263210850887e+00
2.100000000000000e+00	9.587250696849033e+00
2.100000000000000e+00	9.616593468196040e+00
2.100000000000000e+00	9.710101627830561e+00
2.100000000000000e+00	9.441369533238447e+00
2.100000000000000e+00	9.518484812068081e+00
2.100000000000000e+00	9.559865110164903e+00
2.100000000000000e+00	9.586860691072886e+00
2.100000000000000e+00	9.599162646817028e+00
2.100000000000000e+00	9.848150583218619e+00
2.100000000000000e+00	9.887119066710834e+00
2.100000000000000e+00	9.645815811253513e+00
2.100000000000000e+00	9.662664400913489e+00
2.100000000000000e+00	9.555825592496770e+00
2.100000000000000e+00	9.442628289267962e+00
2.100000000000000e+00	9.643925647532697e+00
2.100000000000000e+00	9.751438731643180e+00
2.100000000000000e+00	9.647446916360874e+00
2.100000000000000e+00	9.651829577616994e+00
2.100000000000000e+00	9.643098186772452e+00
2.100000000000000e+00	9.791118002673883e+00
2.100000000000000e+00	9.555349629198190e+00
2.100000000000000e+00	9.748635299238902e+00
2.100000000000000e+00	9.738262951840074e+00
2.100000000000000e+00	9.477934805630023e+00
2.100000000000000e+00	9.461503438341559e+00
2.100000000000000e+00	9.478586601953522e+00
2.100000000000000e+00	9.550497214685553e+00
2.100000000000000e+00	9.661878869226125e+00
2.100000000000000e+00	9.605805078511992e+00
2.100000000000000e+00	9.702434994684541e+00
2.100000000000000e+00	9.898580171685271e+00
2.100000000000000e+00	9.647567807800764e+00
2.100000000000000e+00	9.615921114660903e+00
2.100000000000000e+00	9.787308223834094e+00
2.100000000000000e+00	9.742164567805816e+00
2.100000000000000e+00	9.731302851245038e+00
2.100000000000000e+00	9.677571689668859e+00
2.100000000000000e+00	9.515207367464743e+00
2.100000000000000e+00	9.698183171792952e+00
2.100000000000000e+00	9.529750056003559e+00
2.100000000000000e+00	9.602400878575029e+00
2.100000000000000e+00	9.577806226648484e+00
2.100000000000000e+00	9.503770843262199e+00
2.100000000000000e+00	9.602119711611181e+00
2.100000000000000e+00	9.609956395071691e+00
2.100000000000000e+00	9.589288597860778e+00
2.100000000000000e+00	9.656808383140042e+00
2.100000000000000e+00	9.646634133091233e+00
2.100000000000000e+00	9.717755873774411e+00
2.100000000000000e+00	9.670756235360667e+00
2.100000000000000e+00	9.622422597135738e+00
2.100000000000000e+00	9.805795439878867e+00
2.100000000000000e+00	9.471505567447601e+00
2.100000000000000e+00	9.706027747219753e+00
2.100000000000000e+00	9.595422330591731e+00
2.100000000000000e+00	9.570373103225851e+00
2.100000000000000e+00	9.695586220107279e+00
2.100000000000000e+00	9.641766058754120e+00
2.100000000000000e+00	9.610749006887763e+00
2.100000000000000e+00	9.620384823570792e+00
2.100000000000000e+00	9.577764472446042e+00
2.100000000000000e+00	9.583645208279998e+00
2.100000000000000e+00	9.632710385503984e+00
2.100000000000000e+00	9.557891792338637e+00
2.100000000000000e+00	9.654418399219278e+00
2.100000000000000e+00	9.652457458505442e+00
2.100000000000000e+00	9.579165013705055e+00
2.100000000000000e+00	9.538745313767151e+00
2.100000000000000e+00	9.489614816426522e+00
2.100000000000000e+00	9.798915869764866e+00
2.100000000000000e+00	9.698647256945467e+00
2.100000000000000e+00	9.753946041447637e+00
2.100000000000000e+00	9.688750547910256e+00
2.100000000000000e+00	9.702403044773384e+00
2.100000000000000e+00	9.777311814670705e+00
2.100000000000000e+00	9.826351514989014e+00
2.100000000000000e+00	9.481393882570396e+00
2.100000000000000e+00	9.632806649949998e+00
2.100000000000000e+00	9.795554570537139e+00
2.100000000000000e+00	9.647047606495912e+00
2.100000000000000e+00	9.682308440254451e+00
2.100000000000000e+00	9.711270598100569e+00
2.100000000000000e+00	9.596972755397113e+00
2.100000000000000e+00	9.529172277541054e+00
2.100000000000000e+00	9.572810557566545e+00
2.100000000000000e+00	9.717048917021675e+00
2.100000000000000e+00	9.654176375204537e+00
2.100000000000000e+00	9.676826684902299e+00
2.100000000000000e+00	9.579043890812539e+00
2.100000000000000e+00	9.634341316168296e+00
2.100000000000000e+00	9.593197947468902e+00
2.100000000000000e+00	9.438458043146859e+00
2.100000000000000e+00	9.782241645075249e+00
2.100000000000000e+00	9.664737983001588e+00
2.100000000000000e+00	9.569971706326902e+00
2.100000000000000e+00	9.325281478745618e+00
2.100000000000000e+00	9.648547559753926e+00
2.100000000000000e+00	9.755294710268981e+00
2.100000000000000e+00	9.731914759993094e+00
2.100000000000000e+00	9.544323850708604e+00
2.100000000000000e+00	9.635885821035984e+00
2.100000000000000e+00	9.786769056878853e+00
2.100000000000000e+00	9.893691370862646e+00
2.100000000000000e+00	9.571732777481206e+00
2.100000000000000e+00	9.633490214913566e+00
2.100000000000000e+00	9.536743872631677e+00
2.100000000000000e+00	9.533924776925119e+00
2.100000000000000e+00	9.602980438794214e+00
2.100000000000000e+00	9.488465889402821e+00
2.100000000000000e+00	9.495384066209594e+00
2.100000000000000e+00	9.648396019091715e+00
2.100000000000000e+00	9.686856894843084e+00
2.100000000000000e+00	9.735944849822976e+00
2.100000000000000e+00	9.757134576101551e+00
2.100000000000000e+00	9.722449239445062e+00
2.100000000000000e+00	9.461596403962334e+00
2.100000000000000e+00	9.578795151904931e+00
2.100000000000000e+00	9.792997297144296e+00
2.100000000000000e+00	9.639020651935725e+00
2.100000000000000e+00	9.601270161606458e+00
2.100000000000000e+00	9.619609037438901e+00
2.100000000000000e+00	9.904090844331927e+00
2.100000000000000e+00	9.698895729612186e+00
2.100000000000000e+00	9.684873594880948e+00
2.100000000000000e+00	9.686652419327597e+00
2.100000000000000e+00	9.767033170290613e+00
2.100000000000000e+00	9.802823704281481e+00
2.100000000000000e+00	9.621027638533477e+00
2.100000000000000e+00	9.613478467838814e+00
2.100000000000000e+00	9.791651846515922e+00
2.100000000000000e+00	9.922626263439049e+00
2.100000000000000e+00	9.765864680376497e+00
2.100000000000000e+00	9.707900862840493e+00
2.100000000000000e+00	9.484577139463934e+00
2.100000000000000e+00	9.550442057931871e+00
2.100000000000000e+00	9.701798175749381e+00
2.100000000000000e+00	9.662401395187580e+00
2.100000000000000e+00	9.724516014178050e+00
2.100000000000000e+00	9.753219952343013e+00
2.100000000000000e+00	9.634351167049120e+00
2.100000000000000e+00	9.598522428776857e+00
2.100000000000000e+00	9.610918007861574e+00
2.100000000000000e+00	9.590359697781924e+00
2.100000000000000e+00	9.630957014827926e+00
2.100000000000000e+00	9.757753653324986e+00
2.100000000000000e+00	9.570413591755131e+00
2.100000000000000e+00	9.794529592751047e+00
2.100000000000000e+00	9.647939851590751e+00
2.100000000000000e+00	9.509527083985329e+00
2.100000000000000e+00	9.795374450118283e+00
2.100000000000000e+00	9.524912161624020e+00
2.100000000000000e+00	9.458170213982411e+00
2.100000000000000e+00	9.521287416465370e+00
2.100000000000000e+00	9.539980151079959e+00
2.100000000000000e+00	9.760740909421653e+00
2.100000000000000e+00	9.530255111879192e+00
2.100000000000000e+00	9.597442456743885e+00
2.100000000000000e+00	9.663611034312964e+00
2.100000000000000e+00	9.671209309120215e+00
2.100000000000000e+00	9.718541887817914e+00
2.100000000000000e+00	9.954036317447116e+00
2.100000000000000e+00	9.625278513903158e+00
2.100000000000000e+00	9.620903736682553e+00
2.100000000000000e+00	9.672607920912839e+00
2.100000000000000e+00	9.622158753691652e+00
2.100000000000000e+00	9.469530958843437e+00
2.100000000000000e+00	9.722462237226466e+00
2.100000000000000e+00	9.589246169164191e+00
2.100000000000000e+00	9.564279317666847e+00
2.100000000000000e+00	9.663080519387240e+00
2.100000000000000e+00	9.614609404013358e+00
2.100000000000000e+00	9.395639828178822e+00
2.100000000000000e+00	9.743185562631263e+00
2.100000000000000e+00	9.706792209638184e+00
2.100000000000000e+00	9.705255607220591e+00
2.100000000000000e+00	9.544322155453647e+00
2.100000000000000e+00	9.498665306010917e+00
2.100000000000000e+00	9.681924858948442e+00
2.100000000000000e+00	9.513488607789762e+00
2.100000000000000e+00	9.447141797942933e+00
2.100000000000000e+00	9.640644039557419e+00
2.100000000000000e+00	9.774589689269380e+00
2.100000000000000e+00	9.679071639351424e+00
2.100000000000000e+00	9.509681822846016e+00
2.100000000000000e+00	9.643334109691352e+00
2.100000000000000e+00	9.673643371404786e+00
2.100000000000000e+00	9.584447581591260e+00
2.100000000000000e+00	9.469064041973223e+00
2.100000000000000e+00	9.848231195339125e+00
2.100000000000000e+00	9.727912993167489e+00
2.100000000000000e+00	9.546052115793451e+00
2.100000000000000e+00	9.550624655309472e+00
2.100000000000000e+00	9.690564930621271e+00
2.100000000000000e+00	9.654788535873525e+00
2.100000000000000e+00	9.649198833195882e+00
2.100000000000000e+00	9.616172478923787e+00
2.100000000000000e+00	9.687980796738959e+00
2.100000000000000e+00	9.567970353098637e+00
2.100000000000000e+00	9.609209046099085e+00
2.100000000000000e+00	9.656962543588687e+00
2.100000000000000e+00	9.652635429194108e+00
2.100000000000000e+00	9.751764712950962e+00
2.100000000000000e+00	9.761242135794479e+00
2.100000000000000e+00	9.626987685473701e+00
2.100000000000000e+00	9.429940066022136e+00
2.100000000000000e+00	9.304202995614556e+00
2.100000000000000e+00	9.657350057760709e+00
2.100000000000000e+00	9.609543125023515e+00
2.100000000000000e+00	9.718463929076524e+00
2.100000000000000e+00	9.696360795791392e+00
2.100000000000000e+00	9.407889807953680e+00
2.100000000000000e+00	9.767784974354202e+00
2.100000000000000e+00	9.582665327647007e+00
2.100000000000000e+00	9.452089634424844e+00
2.100000000000000e+00	9.469870389190771e+00
2.100000000000000e+00	9.551130758893425e+00
2.100000000000000e+00	9.523466110821495e+00
2.100000000000000e+00	9.607008236908023e+00
2.100000000000000e+00	9.751643878974043e+00
2.100000000000000e+00	9.531390249944497e+00
2.100000000000000e+00	9.834536908243985e+00
2.100000000000000e+00	9.600239599132181e+00
2.100000000000000e+00	9.700401889220032e+00
2.100000000000000e+00	9.614170281681698e+00
2.100000000000000e+00	9.712179127316665e+00
2.100000000000000e+00	9.766937764981238e+00
2.100000000000000e+00	9.486683176959094e+00
2.100000000000000e+00	9.471228473504146e+00
2.100000000000000e+00	9.665752095705802e+00
2.100000000000000e+00	9.684291746413926e+00
2.100000000000000e+00	9.774436106228062e+00
2.100000000000000e+00	9.633508753854525e+00
2.100000000000000e+00	9.546936628440076e+00
2.100000000000000e+00	9.607859852167529e+00
2.100000000000000e+00	9.576158808416221e+00
2.100000000000000e+00	9.732615019118590e+00
2.100000000000000e+00	9.598470324613640e+00
2.100000000000000e+00	9.544428812479174e+00
2.100000000000000e+00	9.696485208927140e+00
2.100000000000000e+00	9.834700377476686e+00
2.100000000000000e+00	9.453315516217000e+00
2.100000000000000e+00	9.528235985296586e+00
2.100000000000000e+00	9.707248574402998e+00
2.100000000000000e+00	9.544069295623364e+00
2.100000000000000e+00	9.635801383400796e+00
2.100000000000000e+00	9.657749422112817e+00
2.100000000000000e+00	9.733219127410015e+00
2.100000000000000e+00	9.696283917421360e+00
2.100000000000000e+00	9.780434591419251e+00
2.100000000000000e+00	9.586283754856694e+00
2.100000000000000e+00	9.637217132875445e+00
2.100000000000000e+00	9.708114004420338e+00
2.100000000000000e+00	9.808518203079434e+00
2.100000000000000e+00	9.589587148732875e+00
2.100000000000000e+00	9.739037964068949e+00
2.100000000000000e+00	9.517661100473362e+00
2.100000000000000e+00	9.500769977570334e+00
2.100000000000000e+00	9.489340722283252e+00
2.100000000000000e+00	9.577657578978748e+00
2.100000000000000e+00	9.587937256711681e+00
2.100000000000000e+00	9.745512143943227e+00
2.100000000000000e+00	9.785992395602310e+00
2.100000000000000e+00	9.789399415097805e+00
2.100000000000000e+00	9.470763565757576e+00
2.100000000000000e+00	9.467378036382435e+00
2.100000000000000e+00	9.583050698870260e+00
2.100000000000000e+00	9.486580061485798e+00
2.100000000000000e+00	9.668574594271053e+00
2.100000000000000e+00	9.537165446801607e+00
2.100000000000000e+00	9.708891135502045e+00
2.100000000000000e+00	9.726363999705464e+00
2.100000000000000e+00	9.602480574989638e+00
2.100000000000000e+00	9.657056958626971e+00
2.100000000000000e+00	9.671231834399316e+00
2.100000000000000e+00	9.603020383655032e+00
2.100000000000000e+00	9.586156761847793e+00
2.100000000000000e+00	9.625635533170749e+00
2.100000000000000e+00	9.564506017077758e+00
2.100000000000000e+00	9.653708092899214e+00
2.100000000000000e+00	9.663151067478413e+00
2.100000000000000e+00	9.611747926593871e+00
2.100000000000000e+00	9.756943052253373e+00
2.100000000000000e+00	9.625162684834107e+00
2.100000000000000e+00	9.588510330610003e+00
2.100000000000000e+00	9.714816336614707e+00
2.100000000000000e+00	9.766982065171018e+00
2.100000000000000e+00	9.628048143134020e+00
2.100000000000000e+00	9.707463114290139e+00
2.100000000000000e+00	9.706871741963788e+00
2.100000000000000e+00	9.524670407214600e+00
2.100000000000000e+00	9.654767481466363e+00
2.100000000000000e+00	9.513941053079293e+00
2.100000000000000e+00	9.645934809031042e+00
2.100000000000000e+00	9.683167164327877e+00
2.100000000000000e+00	9.376707097017350e+00
2.100000000000000e+00	9.494805678905696e+00
2.100000000000000e+00	9.473759597782333e+00
2.100000000000000e+00	9.640480770485684e+00
2.100000000000000e+00	9.673551877377497e+00
2.100000000000000e+00	9.648696159089120e+00
2.100000000000000e+00	9.615940388247271e+00
2.100000000000000e+00	9.691428939325757e+00
2.100000000000000e+00	9.611935367115581e+00
2.100000000000000e+00	9.545790735499383e+00
2.100000000000000e+00	9.550493911745184e+00
2.100000000000000e+00	9.692879076132792e+00
2.100000000000000e+00	9.650630337663845e+00
2.100000000000000e+00	9.628519404141553e+00
2.100000000000000e+00	9.744466954027455e+00
2.100000000000000e+00	9.553688787644672e+00
2.100000000000000e+00	9.656894044305499e+00
2.100000000000000e+00	9.578569843484059e+00
2.100000000000000e+00	9.601684873201606e+00
2.100000000000000e+00	9.482082281843892e+00
2.100000000000000e+00	9.486103059054265e+00
2.100000000000000e+00	9.846126093111053e+00
2.100000000000000e+00	9.592709595875984e+00
2.100000000000000e+00	9.486661662314731e+00
2.100000000000000e+00	9.690394446996596e+00
2.100000000000000e+00	9.683762479100485e+00
2.100000000000000e+00	9.677673660311505e+00
2.100000000000000e+00	9.383565144325491e+00
2.100000000000000e+00	9.602371146582236e+00
2.100000000000000e+00	9.609880584691043e+00
2.100000000000000e+00	9.777179694204243e+00
2.100000000000000e+00	9.706751221402616e+00
2.100000000000000e+00	9.615053855449691e+00
2.100000000000000e+00	9.491108648213785e+00
2.100000000000000e+00	9.730187506500377e+00
2.100000000000000e+00	9.730012394083786e+00
2.100000000000000e+00	9.592816391023408e+00
2.100000000000000e+00	9.542866706073243e+00
2.100000000000000e+00	9.525175313834296e+00
2.100000000000000e+00	9.789813111189989e+00
2.100000000000000e+00	9.725571710434124e+00
2.100000000000000e+00	9.657074994314385e+00
2.100000000000000e+00	9.601932354883523e+00
2.100000000000000e+00	9.520519536778483e+00
2.100000000000000e+00	9.561429692213014e+00
2.100000000000000e+00	9.594542607956399e+00
2.100000000000000e+00	9.553866080476528e+00
2.100000000000000e+00	9.653853883876577e+00
2.100000000000000e+00	9.468925819545762e+00
2.100000000000000e+00	9.745964957406695e+00
2.100000000000000e+00	9.680777502129882e+00
2.100000000000000e+00	9.767676793219213e+00
2.100000000000000e+00	9.624294742296360e+00
2.100000000000000e+00	9.660785346590153e+00
2.100000000000000e+00	9.705809297117735e+00
2.100000000000000e+00	9.397911532516630e+00
2.100000000000000e+00	9.589420661063379e+00
2.100000000000000e+00	9.554751293989497e+00
2.100000000000000e+00	9.580359585169861e+00
2.100000000000000e+00	9.611324010429705e+00
2.100000000000000e+00	9.701978896868670e+00
2.100000000000000e+00	9.766841461052179e+00
2.100000000000000e+00	9.787985402223288e+00
2.100000000000000e+00	9.617728587254971e+00
2.100000000000000e+00	9.649651128174185e+00
2.100000000000000e+00	9.786570513408472e+00
2.100000000000000e+00	9.598709929405622e+00
2.100000000000000e+00	9.569260521258759e+00
2.100000000000000e+00	9.496042881147321e+00
2.100000000000000e+00	9.619225769667276e+00
2.100000000000000e+00	9.517723614708927e+00
2.100000000000000e+00	9.624240428751676e+00
2.100000000000000e+00	9.463752292408667e+00
2.100000000000000e+00	9.454164860939221e+00
2.100000000000000e+00	9.533952665186963e+00
2.100000000000000e+00	9.619963842276658e+00
2.100000000000000e+00	9.531406207601147e+00
2.100000000000000e+00	9.662785907689805e+00
2.100000000000000e+00	9.497062446117432e+00
2.100000000000000e+00	9.623666381675633e+00
2.100000000000000e+00	9.566943309697230e+00
2.100000000000000e+00	9.562544023259210e+00
2.100000000000000e+00	9.754066440072727e+00
2.100000000000000e+00	9.687905005003428e+00
2.100000000000000e+00	9.550738832083002e+00
2.100000000000000e+00	9.537789039402048e+00
2.100000000000000e+00	9.523907895420997e+00
2.100000000000000e+00	9.498618713161241e+00
2.100000000000000e+00	9.711405783131582e+00
2.100000000000000e+00	9.483469547233097e+00
2.100000000000000e+00	9.451640203680915e+00
2.100000000000000e+00	9.581280091247127e+00
2.100000000000000e+00	9.503824365952944e+00
2.100000000000000e+00	9.633610710717747e+00
2.100000000000000e+00	9.613939001546884e+00
2.100000000000000e+00	9.448178783761316e+00
2.100000000000000e+00	9.642786107945355e+00
2.100000000000000e+00	9.741079521511548e+00
2.100000000000000e+00	9.428348712214301e+00
2.100000000000000e+00	9.648846104879112e+00
2.100000000000000e+00	9.640772203885737e+00
2.100000000000000e+00	9.860977132256572e+00
2.100000000000000e+00	9.657995201835361e+00
2.100000000000000e+00	9.566608953734335e+00
2.100000000000000e+00	9.781895762218941e+00
2.100000000000000e+00	9.699295175756152e+00
2.100000000000000e+00	9.663526269610792e+00
2.100000000000000e+00	9.540749552082683e+00
2.100000000000000e+00	9.751183924308917e+00
2.100000000000000e+00	9.704925136199620e+00
2.100000000000000e+00	9.786394089949560e+00
2.100000000000000e+00	9.847373899447986e+00
2.100000000000000e+00	9.648964972068624e+00
2.100000000000000e+00	9.775740437029542e+00
2.100000000000000e+00	9.600516070375665e+00
2.100000000000000e+00	9.697947311258345e+00
2.100000000000000e+00	9.551535601230622e+00
2.100000000000000e+00	9.661701807316717e+00
2.100000000000000e+00	9.679197800384614e+00
2.100000000000000e+00	9.761584837879766e+00
2.100000000000000e+00	9.619313079066075e+00
2.100000000000000e+00	9.683113134123152e+00
2.100000000000000e+00	9.591905097822831e+00
2.100000000000000e+00	9.751817240058621e+00
2.100000000000000e+00	9.461257275101410e+00
2.100000000000000e+00	9.691302584777084e+00
2.100000000000000e+00	9.708555839296487e+00
2.100000000000000e+00	9.464339191674817e+00
2.100000000000000e+00	9.754928424035416e+00
2.100000000000000e+00	9.822376663600560e+00
2.100000000000000e+00	9.774586412860559e+00
2.100000000000000e+00	9.632410566284378e+00
2.100000000000000e+00	9.711611221963075e+00
2.100000000000000e+00	9.659099979798562e+00
2.100000000000000e+00	9.679667907550888e+00
2.100000000000000e+00	9.628958459976054e+00
2.100000000000000e+00	9.532528064438090e+00
2.100000000000000e+00	9.709313385338344e+00
2.100000000000000e+00	9.652117276918752e+00
2.100000000000000e+00	9.683579619066272e+00
2.100000000000000e+00	9.530078720490401e+00
2.100000000000000e+00	9.692639066411530e+00
2.100000000000000e+00	9.668336055730000e+00
2.100000000000000e+00	9.662962891499710e+00
2.100000000000000e+00	9.648949293057036e+00
2.100000000000000e+00	9.422056265736233e+00
2.100000000000000e+00	9.617435849250555e+00
2.100000000000000e+00	9.612178030846897e+00
2.100000000000000e+00	9.590271439622919e+00
2.100000000000000e+00	9.670520405953756e+00
2.100000000000000e+00	9.494397841611423e+00
2.100000000000000e+00	9.429511627439549e+00
2.100000000000000e+00	9.658230386802781e+00
2.100000000000000e+00	9.562081551960436e+00
2.100000000000000e+00	9.889852169445543e+00
2.100000000000000e+00	9.728063231354838e+00
2.100000000000000e+00	9.759811996333132e+00
2.100000000000000e+00	9.704198528242985e+00
2.100000000000000e+00	9.660726210185860e+00
2.100000000000000e+00	9.576271772056245e+00
2.100000000000000e+00	9.690979666545509e+00
2.100000000000000e+00	9.689832534539329e+00
2.100000000000000e+00	9.576097049223460e+00
2.100000000000000e+00	9.868826253214049e+00
2.100000000000000e+00	9.707837331893172e+00
2.100000000000000e+00	9.559044902615152e+00
2.100000000000000e+00	9.592096915178539e+00
2.100000000000000e+00	9.721525709419911e+00
2.100000000000000e+00	9.589058511623559e+00
2.100000000000000e+00	9.518518499816977e+00
2.100000000000000e+00	9.646433891197439e+00
2.100000000000000e+00	9.605516913050625e+00
2.100000000000000e+00	9.607005992668480e+00
2.100000000000000e+00	9.724379300243577e+00
2.100000000000000e+00	9.487164144493232e+00
2.100000000000000e+00	9.580619056919881e+00
2.100000000000000e+00	9.707733066804668e+00
2.100000000000000e+00	9.673095080771720e+00
2.100000000000000e+00	9.720813048939785e+00
2.100000000000000e+00	9.593702969005840e+00
2.100000000000000e+00	9.658836273799738e+00
2.100000000000000e+00	9.537230177462739e+00
2.100000000000000e+00	9.656835692578593e+00
2.100000000000000e+00	9.722607762790851e+00
2.100000000000000e+00	9.642495772664969e+00
2.100000000000000e+00	9.697303343377612e+00
2.100000000000000e+00	9.665564285883550e+00
2.100000000000000e+00	9.905735623357410e+00
2.100000000000000e+00	9.672319167024892e+00
2.100000000000000e+00	9.480305793248196e+00
2.100000000000000e+00	9.633256942666344e+00
2.100000000000000e+00	9.504415487888146e+00
2.100000000000000e+00	9.581606957099332e+00
2.100000000000000e+00	9.678106841151084e+00
2.100000000000000e+00	9.774888191698970e+00
2.100000000000000e+00	9.478164913825953e+00
2.100000000000000e+00	9.617502060446974e+00
2.100000000000000e+00	9.746709789816762e+00
2.100000000000000e+00	9.661436247902040e+00
2.100000000000000e+00	9.720119047552256e+00
2.100000000000000e+00	9.680807671683766e+00
2.100000000000000e+00	9.646204740185176e+00
2.100000000000000e+00	9.460184691998169e+00
2.100000000000000e+00	9.662509302915765e+00
2.100000000000000e+00	9.731031503945509e+00
2.100000000000000e+00	9.438702224431026e+00
2.100000000000000e+00	9.669864071130807e+00
2.100000000000000e+00	9.699070689438802e+00
2.100000000000000e+00	9.586917754353458e+00
2.100000000000000e+00	9.629762835915987e+00
2.100000000000000e+00	9.732788109285178e+00
2.100000000000000e+00	9.569402582474869e+00
2.100000000000000e+00	9.631965953480950e+00
2.100000000000000e+00	9.548629861275305e+00
2.100000000000000e+00	9.663366587545767e+00
2.100000000000000e+00	9.655818800500217e+00
2.100000000000000e+00	9.789724882998605e+00
2.100000000000000e+00	9.571623573875911e+00
2.100000000000000e+00	9.511252072405153e+00
2.100000000000000e+00	9.734900446083847e+00
2.100000000000000e+00	9.463852088375761e+00
2.100000000000000e+00	9.643753370659418e+00
2.100000000000000e+00	9.566625925367902e+00
2.100000000000000e+00	9.614393027898018e+00
2.100000000000000e+00	9.598978465666189e+00
2.100000000000000e+00	9.701552023154646e+00
2.100000000000000e+00	9.615033343037483e+00
2.100000000000000e+00	9.535118927402678e+00
2.100000000000000e+00	9.564517177463754e+00
2.100000000000000e+00	9.597869186779667e+00
2.100000000000000e+00	9.434936703058066e+00
2.100000000000000e+00	9.513483520699236e+00
2.100000000000000e+00	9.517224273810559e+00
2.100000000000000e+00	9.607319868347471e+00
2.100000000000000e+00	9.522344075856692e+00
2.100000000000000e+00	9.602103153031219e+00
2.100000000000000e+00	9.455356967035820e+00
2.100000000000000e+00	9.584629612932471e+00
2.100000000000000e+00	9.749741756832641e+00
2.100000000000000e+00	9.569107812079389e+00
2.100000000000000e+00	9.683635307011688e+00
2.100000000000000e+00	9.591350076737889e+00
2.100000000000000e+00	9.734536262980560e+00
2.100000000000000e+00	9.684372776922238e+00
2.100000000000000e+00	9.773728986805720e+00
2.100000000000000e+00	9.587582414369271e+00
2.100000000000000e+00	9.716719904278024e+00
2.100000000000000e+00	9.473173029797755e+00
2.100000000000000e+00	9.642806823571247e+00
2.100000000000000e+00	9.760127443423903e+00
2.100000000000000e+00	9.525653734235224e+00
2.100000000000000e+00	9.388554832570000e+00
2.100000000000000e+00	9.518738698831520e+00
2.100000000000000e+00	9.599154332403881e+00
2.100000000000000e+00	9.631970606782351e+00
2.100000000000000e+00	9.641264148032235e+00
2.100000000000000e+00	9.528728682770076e+00
2.100000000000000e+00	9.619822934124437e+00
2.100000000000000e+00	9.610036480635243e+00
2.100000000000000e+00	9.686403279383782e+00
2.100000000000000e+00	9.735892682348315e+00
2.100000000000000e+00	9.820434298641700e+00
2.100000000000000e+00	9.689883475544621e+00
2.100000000000000e+00	9.534228881432879e+00
2.100000000000000e+00	9.687501101111799e+00
2.100000000000000e+00	9.649302563417727e+00
2.100000000000000e+00	9.504545314811049e+00
2.100000000000000e+00	9.550187987624350e+00
2.100000000000000e+00	9.486652347801325e+00
2.100000000000000e+00	9.428303807714398e+00
2.100000000000000e+00	9.687827386693751e+00
2.100000000000000e+00	9.687607309623870e+00
2.100000000000000e+00	9.500516663126753e+00
2.100000000000000e+00	9.542877258742417e+00
2.100000000000000e+00	9.605413001102191e+00
2.100000000000000e+00	9.691363498584355e+00
2.100000000000000e+00	9.729179848864138e+00
2.100000000000000e+00	9.390165680340854e+00
2.100000000000000e+00	9.716194524347600e+00
2.100000000000000e+00	9.663290679906261e+00
2.100000000000000e+00	9.587232065730404e+00
2.100000000000000e+00	9.499778748016054e+00
2.100000000000000e+00	9.526907083989421e+00
2.100000000000000e+00	9.606583065837448e+00
2.100000000000000e+00	9.827216221266156e+00
2.100000000000000e+00	9.602883676292432e+00
2.100000000000000e+00	9.579676569466397e+00
2.100000000000000e+00	9.377978724738593e+00
2.100000000000000e+00	9.621193763292274e+00
2.100000000000000e+00	9.664407417565961e+00
2.100000000000000e+00	9.482069830702104e+00
2.100000000000000e+00	9.480480102350128e+00
2.100000000000000e+00	9.564157345039961e+00
2.100000000000000e+00	9.693185813352560e+00
2.100000000000000e+00	9.695676252453158e+00
2.100000000000000e+00	9.734027269961008e+00
2.100000000000000e+00	9.570659636804139e+00
2.100000000000000e+00	9.774975270998180e+00
2.100000000000000e+00	9.542435056018089e+00
2.100000000000000e+00	9.639733687997920e+00
2.100000000000000e+00	9.681446749027389e+00
2.100000000000000e+00	9.772592539362183e+00
2.100000000000000e+00	9.718984959883088e+00
2.100000000000000e+00	9.712677364280513e+00
2.100000000000000e+00	9.603301721567536e+00
2.100000000000000e+00	9.895954892498397e+00
2.100000000000000e+00	9.576849738435312e+00
2.100000000000000e+00	9.636365404817031e+00
2.100000000000000e+00	9.606046181308098e+00
2.100000000000000e+00	9.661471436724861e+00
2.100000000000000e+00	9.600770410592281e+00
2.100000000000000e+00	9.641061951367382e+00
2.100000000000000e+00	9.585538929359069e+00
2.100000000000000e+00	9.753820085759820e+00
2.100000000000000e+00	9.874556270083797e+00
2.100000000000000e+00	9.622832148696002e+00
2.100000000000000e+00	9.697494110433462e+00
2.100000000000000e+00	9.605684954526790e+00
2.100000000000000e+00	9.649567075768058e+00
2.100000000000000e+00	9.682444408710730e+00
2.100000000000000e+00	9.844305557059588e+00
2.100000000000000e+00	9.808787027365701e+00
2.100000000000000e+00	9.481370640247306e+00
2.100000000000000e+00	9.640983236296991e+00
2.100000000000000e+00	9.552249866285257e+00
2.100000000000000e+00	9.705008529927440e+00
2.100000000000000e+00	9.452568113100767e+00
2.100000000000000e+00	9.494314122326372e+00
2.100000000000000e+00	9.645694945279862e+00
2.100000000000000e+00	9.652012355924867e+00
2.100000000000000e+00	9.658156180543720e+00
2.100000000000000e+00	9.565046880375213e+00
2.100000000000000e+00	9.552865523636658e+00
2.100000000000000e+00	9.542390722503075e+00
2.100000000000000e+00	9.367075059690800e+00
2.100000000000000e+00	9.552044536745623e+00
2.100000000000000e+00	9.615585763383738e+00
2.100000000000000e+00	9.568119554222761e+00
2.100000000000000e+00	9.624275904985932e+00
2.100000000000000e+00	9.795662324967040e+00
2.100000000000000e+00	9.619265782317992e+00
2.100000000000000e+00	9.730216983357828e+00
2.100000000000000e+00	9.648474547354480e+00
2.100000000000000e+00	9.507999599517662e+00
2.100000000000000e+00	9.567444918434266e+00
2.100000000000000e+00	9.637019634110571e+00
2.100000000000000e+00	9.565916491914574e+00
2.100000000000000e+00	9.440802658810300e+00
2.100000000000000e+00	9.541663893430281e+00
2.100000000000000e+00	9.576201533449183e+00
2.100000000000000e+00	9.579080252250117e+00
2.100000000000000e+00	9.666410384000550e+00
2.100000000000000e+00	9.709029480175516e+00
2.100000000000000e+00	9.798545899121873e+00
2.100000000000000e+00	9.461830060408097e+00
2.100000000000000e+00	9.681528890972940e+00
2.100000000000000e+00	9.634427604570705e+00
2.100000000000000e+00	9.836458288732798e+00
2.100000000000000e+00	9.665759021124018e+00
2.100000000000000e+00	9.505769478930457e+00
2.100000000000000e+00	9.500812012985927e+00
2.100000000000000e+00	9.500852404757868e+00
2.100000000000000e+00	9.690776230669357e+00
2.100000000000000e+00	9.539025555201905e+00
2.100000000000000e+00	9.543875147606046e+00
2.100000000000000e+00	9.531052085810483e+00
2.100000000000000e+00	9.756209292629162e+00
2.100000000000000e+00	9.620748519367542e+00
2.100000000000000e+00	9.577867744605559e+00
2.100000000000000e+00	9.385511170683641e+00
2.100000000000000e+00	9.559527752373036e+00
2.100000000000000e+00	9.727445001554900e+00
2.100000000000000e+00	9.682183590394420e+00
2.100000000000000e+00	9.687015898749701e+00
2.100000000000000e+00	9.715438994915438e+00
2.100000000000000e+00	9.336514971275278e+00
2.100000000000000e+00	9.566091039195825e+00
2.100000000000000e+00	9.667613749232830e+00
2.100000000000000e+00	9.621134236901725e+00
2.100000000000000e+00	9.549105591335824e+00
2.100000000000000e+00	9.636212282540891e+00
2.100000000000000e+00	9.478608355449753e+00
2.100000000000000e+00	9.665844054978180e+00
2.100000000000000e+00	9.636042834708153e+00
2.100000000000000e+00	9.600272062354616e+00
2.100000000000000e+00	9.471924298188288e+00
2.100000000000000e+00	9.592113957700434e+00
2.100000000000000e+00	9.700852456695205e+00
2.100000000000000e+00	9.614496370598623e+00
2.100000000000000e+00	9.634779327135396e+00
2.100000000000000e+00	9.560517158513788e+00
2.100000000000000e+00	9.830419623578070e+00
2.100000000000000e+00	9.705264401982065e+00
2.100000000000000e+00	9.439986873797345e+00
2.100000000000000e+00	9.604805678043753e+00
2.100000000000000e+00	9.597199256886974e+00
2.100000000000000e+00	9.578824652370622e+00
2.100000000000000e+00	9.538311764226888e+00
2.100000000000000e+00	9.656001346091070e+00
2.100000000000000e+00	9.768749083224620e+00
2.100000000000000e+00	9.588693735878824e+00
2.100000000000000e+00	9.509414314222681e+00
2.100000000000000e+00	9.593421918401512e+00
2.100000000000000e+00	9.617004794577564e+00
2.100000000000000e+00	9.577289836865804e+00
2.100000000000000e+00	9.421805597657862e+00
2.100000000000000e+00	9.696107461201386e+00
2.100000000000000e+00	9.650059982950228e+00
2.100000000000000e+00	9.542674278575035e+00
2.100000000000000e+00	9.612796157191962e+00
2.100000000000000e+00	9.609013069943781e+00
2.100000000000000e+00	9.707386113024196e+00
2.100000000000000e+00	9.649032542433543e+00
2.100000000000000e+00	9.522895224437230e+00
2.100000000000000e+00	9.794553563964289e+00
2.100000000000000e+00	9.695772505929307e+00
2.100000000000000e+00	9.675040842111265e+00
2.100000000000000e+00	9.576528158455488e+00
2.100000000000000e+00	9.641040118336612e+00
2.100000000000000e+00	9.594810626900843e+00
2.100000000000000e+00	9.823309408834742e+00
2.100000000000000e+00	9.517782045461342e+00
2.100000000000000e+00	9.616310109727502e+00
2.100000000000000e+00	9.735342294123271e+00
2.100000000000000e+00	9.645852678954713e+00
2.100000000000000e+00	9.717809991058132e+00
2.100000000000000e+00	9.562105846633212e+00
2.100000000000000e+00	9.582569625259573e+00
2.100000000000000e+00	9.654544510242122e+00
2.100000000000000e+00	9.784643326582923e+00
2.100000000000000e+00	9.760948973229416e+00
2.100000000000000e+00	9.781170152542545e+00
2.100000000000000e+00	9.559572261532100e+00
2.100000000000000e+00	9.673009292656399e+00
2.100000000000000e+00	9.615216367296732e+00
2.100000000000000e+00	9.614364897242378e+00
2.100000000000000e+00	9.689043809617949e+00
2.100000000000000e+00	9.657087274667447e+00
2.100000000000000e+00	9.461961810323622e+00
2.100000000000000e+00	9.560140756078898e+00
2.100000000000000e+00	9.644524052945737e+00
2.100000000000000e+00	9.549147202569166e+00
2.100000000000000e+00	9.630838709266081e+00
2.100000000000000e+00	9.656613449174776e+00
2.100000000000000e+00	9.667726969610747e+00
2.100000000000000e+00	9.646194037157731e+00
2.100000000000000e+00	9.490184296162569e+00
2.100000000000000e+00	9.704258614391239e+00
2.100000000000000e+00	9.558667059747886e+00
2.100000000000000e+00	9.544376494691631e+00
2.100000000000000e+00	9.734637946546709e+00
2.100000000000000e+00	9.536757620221287e+00
2.100000000000000e+00	9.462973969761894e+00
2.100000000000000e+00	9.571278683136113e+00
2.100000000000000e+00	9.447819571296607e+00
2.100000000000000e+00	9.735480673698325e+00
2.100000000000000e+00	9.655534154635797e+00
2.100000000000000e+00	9.810820767492489e+00
2.100000000000000e+00	9.535727307864480e+00
2.100000000000000e+00	9.643348401374244e+00
2.100000000000000e+00	9.728150556538285e+00
2.100000000000000e+00	9.517352617702075e+00
2.100000000000000e+00	9.601476071500377e+00
2.100000000000000e+00	9.669436458987072e+00
2.100000000000000e+00	9.524638162636384e+00
2.100000000000000e+00	9.638933867491181e+00
2.100000000000000e+00	9.646784649705685e+00
2.100000000000000e+00	9.495925587509925e+00
2.100000000000000e+00	9.682113315554595e+00
2.100000000000000e+00	9.545458996104987e+00
2.100000000000000e+00	9.560018753205235e+00
2.100000000000000e+00	9.677583956578317e+00
2.100000000000000e+00	9.604057295679960e+00
2.100000000000000e+00	9.675864825941908e+00
2.100000000000000e+00	9.645811020572587e+00
2.100000000000000e+00	9.571099838991548e+00
2.100000000000000e+00	9.551386920146879e+00
2.100000000000000e+00	9.601014794896631e+00
2.100000000000000e+00	9.678889101253146e+00
2.100000000000000e+00	9.688458005140975e+00
2.100000000000000e+00	9.628409089934493e+00
2.100000000000000e+00	9.798861897035863e+00
2.100000000000000e+00	9.636025896142000e+00
2.100000000000000e+00	9.819442724190214e+00
2.100000000000000e+00	9.914175148663331e+00
2.100000000000000e+00	9.674375518590750e+00
2.100000000000000e+00	9.566283292309057e+00
2.100000000000000e+00	9.637656263689301e+00
2.100000000000000e+00	9.596780400901919e+00
2.100000000000000e+00	9.623010202312729e+00
2.100000000000000e+00	9.718615973462690e+00
2.100000000000000e+00	9.712562457981129e+00
2.100000000000000e+00	9.602012521015208e+00
2.100000000000000e+00	9.693040064727718e+00
2.100000000000000e+00	9.692616051416326e+00
2.100000000000000e+00	9.602063657697069e+00
2.100000000000000e+00	9.659784747827128e+00
2.100000000000000e+00	9.668863933471171e+00
2.100000000000000e+00	9.675270630038634e+00
2.100000000000000e+00	9.714168146262823e+00
2.100000000000000e+00	9.665261695901478e+00
2.100000000000000e+00	9.549223429576209e+00
2.100000000000000e+00	9.695438676261812e+00
2.100000000000000e+00	9.653156018417389e+00
2.100000000000000e+00	9.660173867230458e+00
2.100000000000000e+00	9.743946287824404e+00
2.100000000000000e+00	9.658632227261844e+00
2.100000000000000e+00	9.611331757143438e+00
2.100000000000000e+00	9.790631228651506e+00
2.100000000000000e+00	9.809022117378678e+00
2.100000000000000e+00	9.611840195335233e+00
2.100000000000000e+00	9.582466485516758e+00
2.100000000000000e+00	9.651792753471085e+00
2.100000000000000e+00	9.674244709275440e+00
2.100000000000000e+00	9.629382201654620e+00
2.100000000000000e+00	9.564114926450355e+00
2.100000000000000e+00	9.670982488244750e+00
2.100000000000000e+00	9.600061017799352e+00
2.100000000000000e+00	9.410124174346892e+00
2.100000000000000e+00	9.502940974637777e+00
2.100000000000000e+00	9.673308449380986e+00
2.100000000000000e+00	9.842019832869020e+00
2.100000000000000e+00	9.638249191414227e+00
2.100000000000000e+00	9.668293503912826e+00
2.100000000000000e+00	9.467656171699913e+00
2.100000000000000e+00	9.571101258031049e+00
2.100000000000000e+00	9.536575016316466e+00
2.100000000000000e+00	9.647023246227043e+00
2.100000000000000e+00	9.566811654912588e+00
2.100000000000000e+00	9.713618625461393e+00
2.100000000000000e+00	9.785056905100760e+00
2.100000000000000e+00	9.569423797104692e+00
2.100000000000000e+00	9.614844911317640e+00
2.100000000000000e+00	9.684165224520292e+00
2.100000000000000e+00	9.786262228794115e+00
2.100000000000000e+00	9.691246871184273e+00
2.100000000000000e+00	9.733508396543964e+00
2.100000000000000e+00	9.755580933633791e+00
2.100000000000000e+00	9.431405783944372e+00
2.100000000000000e+00	9.642299347561552e+00
2.100000000000000e+00	9.586414898300596e+00
2.100000000000000e+00	9.525024531559973e+00
2.100000000000000e+00	9.689700825800575e+00
2.100000000000000e+00	9.616091303000776e+00
2.100000000000000e+00	9.709467886775514e+00
2.100000000000000e+00	9.596819403243435e+00
2.100000000000000e+00	9.592408482115351e+00
2.100000000000000e+00	9.581581872904280e+00
2.100000000000000e+00	9.550958661566984e+00
2.100000000000000e+00	9.580858378986312e+00
2.100000000000000e+00	9.592263411716054e+00
2.100000000000000e+00	9.578521181258598e+00
2.100000000000000e+00	9.559904913412623e+00
2.100000000000000e+00	9.588039128572037e+00
2.100000000000000e+00	9.541473373036958e+00
2.100000000000000e+00	9.600374838172101e+00
2.100000000000000e+00	9.672766077422796e+00
2.100000000000000e+00	9.580708418641192e+00
2.100000000000000e+00	9.592756129822789e+00
2.100000000000000e+00	9.685749928621320e+00
2.100000000000000e+00	9.511268533827263e+00
2.100000000000000e+00	9.469368329855559e+00
2.100000000000000e+00	9.556128023408064e+00
2.100000000000000e+00	9.528398901368654e+00
2.100000000000000e+00	9.737265696591853e+00
2.100000000000000e+00	9.619437282745427e+00
2.100000000000000e+00	9.762998662974368e+00
2.100000000000000e+00	9.668880423118889e+00
2.100000000000000e+00	9.566264644525845e+00
2.100000000000000e+00	9.565010990952187e+00
2.100000000000000e+00	9.522067600237166e+00
2.100000000000000e+00	9.621629467390999e+00
2.100000000000000e+00	9.610857080818452e+00
2.100000000000000e+00	9.545575221473278e+00
2.100000000000000e+00	9.641054935540014e+00
2.100000000000000e+00	9.702207020140255e+00
2.100000000000000e+00	9.631825825580622e+00
2.100000000000000e+00	9.735986151102489e+00
2.100000000000000e+00	9.653583258487959e+00
2.100000000000000e+00	9.559436245673730e+00
2.100000000000000e+00	9.670340099009742e+00
2.100000000000000e+00	9.663306401086407e+00
2.100000000000000e+00	9.563098168112329e+00
2.100000000000000e+00	9.763354923596932e+00
2.100000000000000e+00	9.558499757929161e+00
2.100000000000000e+00	9.573859259457045e+00
2.100000000000000e+00	9.794577207196376e+00
2.100000000000000e+00	9.584272631985202e+00
2.100000000000000e+00	9.543382551826591e+00
2.100000000000000e+00	9.692437145625206e+00
2.100000000000000e+00	9.447604735043754e+00
2.100000000000000e+00	9.654159936178305e+00
2.100000000000000e+00	9.647344187921039e+00
2.100000000000000e+00	9.653876170559673e+00
2.100000000000000e+00	9.719474682403131e+00
2.100000000000000e+00	9.538993263930063e+00
2.100000000000000e+00	9.723467848089808e+00
2.100000000000000e+00	9.702290717200526e+00
2.100000000000000e+00	9.568710556963458e+00
2.100000000000000e+00	9.521722502004135e+00
2.100000000000000e+00	9.657996847255671e+00
2.100000000000000e+00	9.569238880988415e+00
2.100000000000000e+00	9.610816632056014e+00
2.100000000000000e+00	9.822597118551919e+00
2.100000000000000e+00	9.702457177263275e+00
2.100000000000000e+00	9.900091148078451e+00
2.100000000000000e+00	9.690740610995606e+00
2.100000000000000e+00	9.715160124401450e+00
2.100000000000000e+00	9.618362672854005e+00
2.100000000000000e+00	9.712890420054016e+00
2.100000000000000e+00	9.670800056607240e+00
2.100000000000000e+00	9.637222250867433e+00
2.100000000000000e+00	9.536288690090002e+00
2.100000000000000e+00	9.602281951138361e+00
2.100000000000000e+00	9.641934888632768e+00
2.100000000000000e+00	9.640828264784558e+00
2.100000000000000e+00	9.429390630578784e+00
2.100000000000000e+00	9.520054886860468e+00
2.100000000000000e+00	9.613951368999452e+00
2.100000000000000e+00	9.817870922813196e+00
2.100000000000000e+00	9.696906806800316e+00
2.100000000000000e+00	9.597201803502545e+00
2.100000000000000e+00	9.660020364718479e+00
2.100000000000000e+00	9.666763489151665e+00
2.100000000000000e+00	9.475435208285504e+00
2.100000000000000e+00	9.587998971667414e+00
2.100000000000000e+00	9.515702390399600e+00
2.100000000000000e+00	9.594197162009952e+00
2.100000000000000e+00	9.634605031567503e+00
2.100000000000000e+00	9.634777442250503e+00
2.100000000000000e+00	9.515452590771993e+00
2.100000000000000e+00	9.629296567315466e+00
2.100000000000000e+00	9.563408035623425e+00
2.100000000000000e+00	9.623052868480151e+00
2.100000000000000e+00	9.579033240029506e+00
2.100000000000000e+00	9.586734514928651e+00
2.100000000000000e+00	9.544928161245767e+00
2.100000000000000e+00	9.777236344744210e+00
2.100000000000000e+00	9.572883457657237e+00
2.100000000000000e+00	9.581086635015520e+00
2.100000000000000e+00	9.708740433331819e+00
2.100000000000000e+00	9.700106243705012e+00
2.100000000000000e+00	9.569485481451405e+00
2.100000000000000e+00	9.738129217874887e+00
2.100000000000000e+00	9.647497707515488e+00
2.100000000000000e+00	9.444911379393917e+00
2.100000000000000e+00	9.557196598043573e+00
2.100000000000000e+00	9.463783018097180e+00
2.100000000000000e+00	9.593213857310996e+00
2.100000000000000e+00	9.699742871052521e+00
2.100000000000000e+00	9.585172184342312e+00
2.100000000000000e+00	9.642722499860696e+00
2.100000000000000e+00	9.717172415567326e+00
2.100000000000000e+00	9.696734466477853e+00
2.100000000000000e+00	9.918811033079287e+00
2.100000000000000e+00	9.659658153347099e+00
2.100000000000000e+00	9.622244013063947e+00
2.100000000000000e+00	9.683158718109750e+00
2.100000000000000e+00	9.480551140385248e+00
2.100000000000000e+00	9.309582130553938e+00
2.100000000000000e+00	9.597580312887825e+00
2.100000000000000e+00	9.622508396146888e+00
2.100000000000000e+00	9.537283124684663e+00
2.100000000000000e+00	9.518019908152347e+00
2.100000000000000e+00	9.447603508953788e+00
2.100000000000000e+00	9.586187810001919e+00
2.100000000000000e+00	9.614437923648767e+00
2.100000000000000e+00	9.637815457078680e+00
2.100000000000000e+00	9.504225585854554e+00
2.100000000000000e+00	9.518888935882460e+00
2.100000000000000e+00	9.498796461531787e+00
2.100000000000000e+00	9.662452435840464e+00
2.100000000000000e+00	9.531675354276476e+00
2.100000000000000e+00	9.652400824151570e+00
2.100000000000000e+00	9.633068899603028e+00
2.100000000000000e+00	9.542566790187708e+00
2.100000000000000e+00	9.665109463424317e+00
2.100000000000000e+00	9.771398762389428e+00
2.100000000000000e+00	9.760356521657785e+00
2.100000000000000e+00	9.486806641182921e+00
2.100000000000000e+00	9.652173268965869e+00
2.100000000000000e+00	9.574441892357770e+00
2.100000000000000e+00	9.584616348705826e+00
