2.400000000000000e+00	5.381846958245601e-01
2.400000000000000e+00	4.681752341986223e-01
2.400000000000000e+00	4.830118536435054e-01
2.400000000000000e+00	4.573317337018771e-01
2.400000000000000e+00	5.014650908509968e-01
2.400000000000000e+00	4.552152261750673e-01
2.400000000000000e+00	4.831516773208613e-01
2.400000000000000e+00	5.017446303960172e-01
2.400000000000000e+00	4.759019334276899e-01
2.400000000000000e+00	5.041983917321151e-01
2.400000000000000e+00	4.473395199178744e-01
2.400000000000000e+00	4.556567938275947e-01
2.400000000000000e+00	3.861198319173866e-01
2.400000000000000e+00	4.639532470063011e-01
2.400000000000000e+00	4.487345072850531e-01
2.400000000000000e+00	4.371866489131069e-01
2.400000000000000e+00	4.286159875221501e-01
2.400000000000000e+00	5.161648288032372e-01
2.400000000000000e+00	5.060496611198684e-01
2.400000000000000e+00	5.227507159625474e-01
2.400000000000000e+00	4.477629071266852e-01
2.400000000000000e+00	5.034298033305123e-01
2.400000000000000e+00	4.495432930384007e-01
2.400000000000000e+00	4.510866797484572e-01
2.400000000000000e+00	4.426882901093418e-01
2.400000000000000e+00	4.825607957182982e-01
2.400000000000000e+00	5.067938701754794e-01
2.400000000000000e+00	4.473689905099314e-01
2.400000000000000e+00	4.300406032372345e-01
2.400000000000000e+00	4.689834574784637e-01
2.400000000000000e+00	4.789724069070098e-01
2.400000000000000e+00	4.456154641618764e-01
2.400000000000000e+00	4.576543968535835e-01
2.400000000000000e+00	5.222520147915208e-01
2.400000000000000e+00	4.539349416558625e-01
2.400000000000000e+00	4.898644735930825e-01
2.400000000000000e+00	4.795107152294804e-01
2.400000000000000e+00	4.815205764265724e-01
2.400000000000000e+00	5.131260307901376e-01
2.400000000000000e+00	4.890929597923586e-01
2.400000000000000e+00	4.384732462275535e-01
2.400000000000000e+00	4.564986728528092e-01
2.400000000000000e+00	5.098995629811186e-01
2.400000000000000e+00	4.799458480782801e-01
2.400000000000000e+00	4.971821960292029e-01
2.400000000000000e+00	4.536234028753590e-01
2.400000000000000e+00	4.613943834326426e-01
2.400000000000000e+00	5.044410512353009e-01
2.400000000000000e+00	4.793848503230101e-01
2.400000000000000e+00	4.487560484703116e-01
2.400000000000000e+00	4.707104190427115e-01
2.400000000000000e+00	4.786941137753877e-01
2.400000000000000e+00	4.394163674340962e-01
2.400000000000000e+00	4.678848490232667e-01
2.400000000000000e+00	4.374109842646816e-01
2.400000000000000e+00	4.837820932868617e-01
2.400000000000000e+00	4.898935654331900e-01
2.400000000000000e+00	5.138627731769785e-01
2.400000000000000e+00	4.782513759680705e-01
2.400000000000000e+00	5.020677051881314e-01
2.400000000000000e+00	4.896462730993609e-01
2.400000000000000e+00	5.128976476917932e-01
2.400000000000000e+00	4.798604406744322e-01
2.400000000000000e+00	4.692748097965338e-01
2.400000000000000e+00	4.650036986202904e-01
2.400000000000000e+00	4.829437746650979e-01
2.400000000000000e+00	4.914899350646345e-01
2.400000000000000e+00	4.945363691911289e-01
2.400000000000000e+00	4.476731805699967e-01
2.400000000000000e+00	4.432533250508897e-01
2.400000000000000e+00	4.782571007799592e-01
2.400000000000000e+00	4.569505429565747e-01
2.400000000000000e+00	4.450478023366138e-01
2.400000000000000e+00	4.139884942246518e-01
2.400000000000000e+00	4.437060391211958e-01
2.400000000000000e+00	4.784394699906497e-01
2.400000000000000e+00	4.647211757208798e-01
2.400000000000000e+00	4.236284709441768e-01
2.400000000000000e+00	4.756752497613477e-01
2.400000000000000e+00	4.976438651512938e-01
2.400000000000000e+00	4.955841563250434e-01
2.400000000000000e+00	4.741834065399790e-01
2.400000000000000e+00	5.161396465737998e-01
2.400000000000000e+00	4.897468691989922e-01
2.400000000000000e+00	4.770611030261817e-01
2.400000000000000e+00	4.670883638481982e-01
2.400000000000000e+00	4.674951557959695e-01
2.400000000000000e+00	4.715226291020521e-01
2.400000000000000e+00	5.019537724592932e-01
2.400000000000000e+00	4.750337683004227e-01
2.400000000000000e+00	5.264947965573747e-01
2.400000000000000e+00	4.433107434660984e-01
2.400000000000000e+00	4.684887148086536e-01
2.400000000000000e+00	4.517968130191314e-01
2.400000000000000e+00	4.341558348268344e-01
2.400000000000000e+00	4.926171235004031e-01
2.400000000000000e+00	4.749276151898857e-01
2.400000000000000e+00	4.692707417843185e-01
2.400000000000000e+00	4.627968011166261e-01
2.400000000000000e+00	5.139689988825816e-01
2.400000000000000e+00	4.935487353238980e-01
2.400000000000000e+00	5.092745643398613e-01
2.400000000000000e+00	4.504566932025381e-01
2.400000000000000e+00	4.570358724268417e-01
2.400000000000000e+00	4.316405303029710e-01
2.400000000000000e+00	4.651072501412017e-01
2.400000000000000e+00	4.954594572566940e-01
2.400000000000000e+00	5.014988592382870e-01
2.400000000000000e+00	4.626716994920898e-01
2.400000000000000e+00	4.920438713777022e-01
2.400000000000000e+00	4.508443988963831e-01
2.400000000000000e+00	4.903810879477983e-01
2.400000000000000e+00	4.277845162347565e-01
2.400000000000000e+00	4.844302292533441e-01
2.400000000000000e+00	4.352732636035849e-01
2.400000000000000e+00	4.803071010588287e-01
2.400000000000000e+00	4.967330094099687e-01
2.400000000000000e+00	4.821736867098052e-01
2.400000000000000e+00	4.836180730858720e-01
2.400000000000000e+00	5.323626952045637e-01
2.400000000000000e+00	5.209681157517340e-01
2.400000000000000e+00	4.760705817682512e-01
2.400000000000000e+00	4.677186837850795e-01
2.400000000000000e+00	4.611069110749371e-01
2.400000000000000e+00	4.162797400436058e-01
2.400000000000000e+00	4.756439892075927e-01
2.400000000000000e+00	4.702640644188080e-01
2.400000000000000e+00	5.087538297467147e-01
2.400000000000000e+00	4.329812271134507e-01
2.400000000000000e+00	4.677796532149519e-01
2.400000000000000e+00	4.710419969000569e-01
2.400000000000000e+00	4.610634569304329e-01
2.400000000000000e+00	4.630065576469877e-01
2.400000000000000e+00	4.139027450580579e-01
2.400000000000000e+00	4.643150949585531e-01
2.400000000000000e+00	4.746663565405195e-01
2.400000000000000e+00	4.463980415362681e-01
2.400000000000000e+00	4.390730168580746e-01
2.400000000000000e+00	4.962485238704435e-01
2.400000000000000e+00	5.024949872524035e-01
2.400000000000000e+00	4.618041879230924e-01
2.400000000000000e+00	4.587959355146241e-01
2.400000000000000e+00	5.139252338841234e-01
2.400000000000000e+00	4.783163550980836e-01
2.400000000000000e+00	4.342557276232271e-01
2.400000000000000e+00	4.922970003664938e-01
2.400000000000000e+00	4.460312250588399e-01
2.400000000000000e+00	4.612579245984519e-01
2.400000000000000e+00	4.658260613239801e-01
2.400000000000000e+00	4.551644797920703e-01
2.400000000000000e+00	5.047774370183341e-01
2.400000000000000e+00	4.913377394851783e-01
2.400000000000000e+00	4.695928749767262e-01
2.400000000000000e+00	4.464849427466533e-01
2.400000000000000e+00	4.797875958147906e-01
2.400000000000000e+00	4.973884487384724e-01
2.400000000000000e+00	5.195547326368736e-01
2.400000000000000e+00	4.880449031294312e-01
2.400000000000000e+00	5.387560532175538e-01
2.400000000000000e+00	4.360227368057122e-01
2.400000000000000e+00	4.323094236816951e-01
2.400000000000000e+00	4.966007326794761e-01
2.400000000000000e+00	4.484540744834490e-01
2.400000000000000e+00	4.607178352717168e-01
2.400000000000000e+00	4.615271838284105e-01
2.400000000000000e+00	5.453614478240649e-01
2.400000000000000e+00	5.060264282504330e-01
2.400000000000000e+00	4.823305366608995e-01
2.400000000000000e+00	5.133024412247527e-01
2.400000000000000e+00	4.781685493355067e-01
2.400000000000000e+00	4.838643878527596e-01
2.400000000000000e+00	4.785591456082542e-01
2.400000000000000e+00	4.455254837443172e-01
2.400000000000000e+00	4.428498590906194e-01
2.400000000000000e+00	4.031079853519042e-01
2.400000000000000e+00	4.770415308351345e-01
2.400000000000000e+00	4.816448729869226e-01
2.400000000000000e+00	4.611671345949329e-01
2.400000000000000e+00	5.242536797904481e-01
2.400000000000000e+00	5.131981042054996e-01
2.400000000000000e+00	4.356359817783600e-01
2.400000000000000e+00	4.313037923759250e-01
2.400000000000000e+00	5.055444006505934e-01
2.400000000000000e+00	4.884985283496094e-01
2.400000000000000e+00	4.830994690868811e-01
2.400000000000000e+00	4.606521201245399e-01
2.400000000000000e+00	4.627102598524174e-01
2.400000000000000e+00	4.886352099444284e-01
2.400000000000000e+00	4.762090196490962e-01
2.400000000000000e+00	5.137786806053014e-01
2.400000000000000e+00	4.638034097491412e-01
2.400000000000000e+00	4.848204714097152e-01
2.400000000000000e+00	4.901265589630331e-01
2.400000000000000e+00	4.866999271878406e-01
2.400000000000000e+00	4.800122483654757e-01
2.400000000000000e+00	4.507078818116500e-01
2.400000000000000e+00	4.498958951151417e-01
2.400000000000000e+00	4.557715204048670e-01
2.400000000000000e+00	4.621563769309761e-01
2.400000000000000e+00	4.953710584528157e-01
2.400000000000000e+00	4.502899510246089e-01
2.400000000000000e+00	5.167231320452270e-01
2.400000000000000e+00	4.884602409038100e-01
2.400000000000000e+00	5.073974865806625e-01
2.400000000000000e+00	4.634808980993987e-01
2.400000000000000e+00	4.327234190936780e-01
2.400000000000000e+00	4.658644208795118e-01
2.400000000000000e+00	4.941254108079590e-01
2.400000000000000e+00	4.725340857760173e-01
2.400000000000000e+00	4.307734597336541e-01
2.400000000000000e+00	4.336095297642513e-01
2.400000000000000e+00	4.931134874616058e-01
2.400000000000000e+00	4.770653976822797e-01
2.400000000000000e+00	4.759097274605101e-01
2.400000000000000e+00	4.859480125084328e-01
2.400000000000000e+00	4.601127892438536e-01
2.400000000000000e+00	4.650981874972560e-01
2.400000000000000e+00	4.801994474375071e-01
2.400000000000000e+00	4.808552512920028e-01
2.400000000000000e+00	4.796022985738679e-01
2.400000000000000e+00	5.054189146149084e-01
2.400000000000000e+00	4.245399149723618e-01
2.400000000000000e+00	4.524928971731318e-01
2.400000000000000e+00	4.778519965548876e-01
2.400000000000000e+00	4.632619096189970e-01
2.400000000000000e+00	5.234673791677593e-01
2.400000000000000e+00	4.562870388954887e-01
2.400000000000000e+00	4.051967705362113e-01
2.400000000000000e+00	4.228669805755213e-01
2.400000000000000e+00	4.867896744802651e-01
2.400000000000000e+00	4.856881570401051e-01
2.400000000000000e+00	4.867859747076353e-01
2.400000000000000e+00	4.858986890687647e-01
2.400000000000000e+00	5.068686336318446e-01
2.400000000000000e+00	5.165156552038146e-01
2.400000000000000e+00	5.029943550765907e-01
2.400000000000000e+00	4.414062648947645e-01
2.400000000000000e+00	5.022969476296802e-01
2.400000000000000e+00	4.722785450133193e-01
2.400000000000000e+00	4.582211735424155e-01
2.400000000000000e+00	4.720424176549152e-01
2.400000000000000e+00	4.825134481216672e-01
2.400000000000000e+00	5.053329424745149e-01
2.400000000000000e+00	5.120674356104784e-01
2.400000000000000e+00	4.822745772618690e-01
2.400000000000000e+00	4.273807298681256e-01
2.400000000000000e+00	4.776666500745340e-01
2.400000000000000e+00	4.704271700625670e-01
2.400000000000000e+00	4.891377221170205e-01
2.400000000000000e+00	4.731674222097752e-01
2.400000000000000e+00	4.956579456906229e-01
2.400000000000000e+00	4.680902285786115e-01
2.400000000000000e+00	4.625534930033797e-01
2.400000000000000e+00	4.700048733874042e-01
2.400000000000000e+00	4.707192439275490e-01
2.400000000000000e+00	4.882729622365824e-01
2.400000000000000e+00	4.809349811533404e-01
2.400000000000000e+00	5.079895301087842e-01
2.400000000000000e+00	4.502961352642880e-01
2.400000000000000e+00	4.374567968083991e-01
2.400000000000000e+00	4.657158558694792e-01
2.400000000000000e+00	4.612703277462351e-01
2.400000000000000e+00	4.400656661313567e-01
2.400000000000000e+00	4.623343794495530e-01
2.400000000000000e+00	4.538572649045522e-01
2.400000000000000e+00	4.164137649956461e-01
2.400000000000000e+00	5.115067671157300e-01
2.400000000000000e+00	4.632899559885644e-01
2.400000000000000e+00	4.967815951821432e-01
2.400000000000000e+00	5.202313990416336e-01
2.400000000000000e+00	4.983529091451591e-01
2.400000000000000e+00	5.239273409917838e-01
2.400000000000000e+00	4.544698849565326e-01
2.400000000000000e+00	4.640790492761707e-01
2.400000000000000e+00	4.851728437625571e-01
2.400000000000000e+00	4.831997086646981e-01
2.400000000000000e+00	5.072504006977920e-01
2.400000000000000e+00	4.731627793480046e-01
2.400000000000000e+00	4.582179324181602e-01
2.400000000000000e+00	4.609787747602983e-01
2.400000000000000e+00	4.684117141134282e-01
2.400000000000000e+00	4.345507059209021e-01
2.400000000000000e+00	4.568243737188278e-01
2.400000000000000e+00	5.285500789627379e-01
2.400000000000000e+00	4.918246642311930e-01
2.400000000000000e+00	4.399259408892969e-01
2.400000000000000e+00	4.838560766128925e-01
2.400000000000000e+00	5.024969035197084e-01
2.400000000000000e+00	4.654616294815472e-01
2.400000000000000e+00	4.665433734347406e-01
2.400000000000000e+00	4.914795651111667e-01
2.400000000000000e+00	4.297848032735953e-01
2.400000000000000e+00	4.647254698027627e-01
2.400000000000000e+00	4.899206033701749e-01
2.400000000000000e+00	4.448393272826522e-01
2.400000000000000e+00	4.713527442308987e-01
2.400000000000000e+00	4.600445341849973e-01
2.400000000000000e+00	4.310745243325642e-01
2.400000000000000e+00	4.365823390906419e-01
2.400000000000000e+00	4.545507333486900e-01
2.400000000000000e+00	4.853286591226272e-01
2.400000000000000e+00	5.100491205903760e-01
2.400000000000000e+00	4.499728355119842e-01
2.400000000000000e+00	4.725881849321061e-01
2.400000000000000e+00	4.610528905529120e-01
2.400000000000000e+00	5.019709292892512e-01
2.400000000000000e+00	4.918044288787491e-01
2.400000000000000e+00	4.921006482874604e-01
2.400000000000000e+00	4.426315961268935e-01
2.400000000000000e+00	4.535741718125021e-01
2.400000000000000e+00	4.527548753657749e-01
2.400000000000000e+00	4.288509925005182e-01
2.400000000000000e+00	4.694258153281446e-01
2.400000000000000e+00	4.854235226075553e-01
2.400000000000000e+00	4.629023122194922e-01
2.400000000000000e+00	4.789339045966466e-01
2.400000000000000e+00	4.924373336219094e-01
2.400000000000000e+00	4.970258058036141e-01
2.400000000000000e+00	4.916432396172528e-01
2.400000000000000e+00	4.131848718730876e-01
2.400000000000000e+00	4.412777474774325e-01
2.400000000000000e+00	4.715298467353043e-01
2.400000000000000e+00	4.763038613673433e-01
2.400000000000000e+00	4.708665236821454e-01
2.400000000000000e+00	4.502942849166749e-01
2.400000000000000e+00	5.087587018309773e-01
2.400000000000000e+00	4.806091085930858e-01
2.400000000000000e+00	4.390987316786479e-01
2.400000000000000e+00	5.233773965115859e-01
2.400000000000000e+00	4.871314578997676e-01
2.400000000000000e+00	5.038568040351664e-01
2.400000000000000e+00	4.686254833064199e-01
2.400000000000000e+00	4.388604490114701e-01
2.400000000000000e+00	4.760393938448604e-01
2.400000000000000e+00	4.787350625204987e-01
2.400000000000000e+00	4.886010731369746e-01
2.400000000000000e+00	4.929980776477309e-01
2.400000000000000e+00	5.121241919212821e-01
2.400000000000000e+00	5.176458148615162e-01
2.400000000000000e+00	4.740683441112225e-01
2.400000000000000e+00	4.817205810270944e-01
2.400000000000000e+00	4.488893878325318e-01
2.400000000000000e+00	4.929551947434033e-01
2.400000000000000e+00	5.067465747291333e-01
2.400000000000000e+00	5.008969849846303e-01
2.400000000000000e+00	4.924316704582606e-01
2.400000000000000e+00	4.861595085759213e-01
2.400000000000000e+00	4.856885805988989e-01
2.400000000000000e+00	5.022959910815837e-01
2.400000000000000e+00	5.024417240341010e-01
2.400000000000000e+00	4.746279926991648e-01
2.400000000000000e+00	5.129321124877217e-01
2.400000000000000e+00	4.660172764315317e-01
2.400000000000000e+00	5.005119177731492e-01
2.400000000000000e+00	4.932120753876167e-01
2.400000000000000e+00	4.599497091166281e-01
2.400000000000000e+00	4.964643256793939e-01
2.400000000000000e+00	4.934024474766988e-01
2.400000000000000e+00	4.832506435122949e-01
2.400000000000000e+00	4.855378947541069e-01
2.400000000000000e+00	4.856074361415010e-01
2.400000000000000e+00	4.935772912844526e-01
2.400000000000000e+00	4.500251276700008e-01
2.400000000000000e+00	4.419483728339969e-01
2.400000000000000e+00	4.563188378057382e-01
2.400000000000000e+00	4.713800091290488e-01
2.400000000000000e+00	4.614664510845810e-01
2.400000000000000e+00	4.644141857770125e-01
2.400000000000000e+00	4.676881899042519e-01
2.400000000000000e+00	4.836799706965806e-01
2.400000000000000e+00	5.005560799969928e-01
2.400000000000000e+00	4.597550957380191e-01
2.400000000000000e+00	4.951834083206129e-01
2.400000000000000e+00	4.536755192157084e-01
2.400000000000000e+00	4.310686781742043e-01
2.400000000000000e+00	5.034915974678107e-01
2.400000000000000e+00	4.409088862044296e-01
2.400000000000000e+00	4.710220358458681e-01
2.400000000000000e+00	4.442771354793361e-01
2.400000000000000e+00	4.592342345683699e-01
2.400000000000000e+00	5.107754891787628e-01
2.400000000000000e+00	4.271967741879296e-01
2.400000000000000e+00	4.611913223438093e-01
2.400000000000000e+00	5.139206242313513e-01
2.400000000000000e+00	4.628800126950663e-01
2.400000000000000e+00	4.967181104624506e-01
2.400000000000000e+00	4.934588230918311e-01
2.400000000000000e+00	4.735217799901407e-01
2.400000000000000e+00	5.274366741116382e-01
2.400000000000000e+00	4.547922605313552e-01
2.400000000000000e+00	4.702871086556827e-01
2.400000000000000e+00	4.363325864751375e-01
2.400000000000000e+00	4.604220783377228e-01
2.400000000000000e+00	4.618825071265777e-01
2.400000000000000e+00	4.216122160884933e-01
2.400000000000000e+00	4.287169016101625e-01
2.400000000000000e+00	4.648448735633715e-01
2.400000000000000e+00	5.043474911824432e-01
2.400000000000000e+00	5.020334614522265e-01
2.400000000000000e+00	5.008469681463474e-01
2.400000000000000e+00	4.544777640398358e-01
2.400000000000000e+00	4.946769631031089e-01
2.400000000000000e+00	5.247268887499277e-01
2.400000000000000e+00	4.626595013356261e-01
2.400000000000000e+00	4.718170610903324e-01
2.400000000000000e+00	4.775194423607048e-01
2.400000000000000e+00	4.463504306394541e-01
2.400000000000000e+00	5.326529288583184e-01
2.400000000000000e+00	4.424409285692614e-01
2.400000000000000e+00	4.894436910319868e-01
2.400000000000000e+00	4.780055275707914e-01
2.400000000000000e+00	5.016576386247896e-01
2.400000000000000e+00	4.371405348274587e-01
2.400000000000000e+00	4.949357144584450e-01
2.400000000000000e+00	4.644557017992449e-01
2.400000000000000e+00	4.875256163863336e-01
2.400000000000000e+00	4.497445534641524e-01
2.400000000000000e+00	4.718420105403364e-01
2.400000000000000e+00	4.885518910244103e-01
2.400000000000000e+00	4.812933405402657e-01
2.400000000000000e+00	4.916799781233787e-01
2.400000000000000e+00	4.646126100482979e-01
2.400000000000000e+00	4.382856169784049e-01
2.400000000000000e+00	4.784621564210237e-01
2.400000000000000e+00	5.432084851028351e-01
2.400000000000000e+00	4.778498786768136e-01
2.400000000000000e+00	4.597614155853986e-01
2.400000000000000e+00	4.474743564006964e-01
2.400000000000000e+00	4.937322967940058e-01
2.400000000000000e+00	5.241290502872215e-01
2.400000000000000e+00	4.837940453984705e-01
2.400000000000000e+00	4.763661006055812e-01
2.400000000000000e+00	4.386425917884494e-01
2.400000000000000e+00	4.312724554794941e-01
2.400000000000000e+00	4.427117069103531e-01
2.400000000000000e+00	4.709927985727405e-01
2.400000000000000e+00	5.031116064204789e-01
2.400000000000000e+00	4.930733543414859e-01
2.400000000000000e+00	4.579927388681095e-01
2.400000000000000e+00	4.854551936533738e-01
2.400000000000000e+00	4.596257931697275e-01
2.400000000000000e+00	4.555867179170993e-01
2.400000000000000e+00	4.809743554767482e-01
2.400000000000000e+00	5.011674694818490e-01
2.400000000000000e+00	4.763308321984001e-01
2.400000000000000e+00	4.827167323664116e-01
2.400000000000000e+00	5.013494759354952e-01
2.400000000000000e+00	4.689146438153962e-01
2.400000000000000e+00	4.881161364687555e-01
2.400000000000000e+00	4.535797562003205e-01
2.400000000000000e+00	4.750493150768148e-01
2.400000000000000e+00	4.494393532236177e-01
2.400000000000000e+00	4.435079629221637e-01
2.400000000000000e+00	4.190113540657388e-01
2.400000000000000e+00	4.883851067362233e-01
2.400000000000000e+00	4.772413711701810e-01
2.400000000000000e+00	4.537665275055681e-01
2.400000000000000e+00	5.122506728968438e-01
2.400000000000000e+00	4.960168279208547e-01
2.400000000000000e+00	4.542357979338493e-01
2.400000000000000e+00	4.799095305100192e-01
2.400000000000000e+00	4.137936887467077e-01
2.400000000000000e+00	4.676095914323177e-01
2.400000000000000e+00	4.689909737438087e-01
2.400000000000000e+00	4.931994697761498e-01
2.400000000000000e+00	4.598681675059405e-01
2.400000000000000e+00	4.986844449878732e-01
2.400000000000000e+00	5.204761952336759e-01
2.400000000000000e+00	4.564911923535572e-01
2.400000000000000e+00	5.131300916862677e-01
2.400000000000000e+00	4.661764176975979e-01
2.400000000000000e+00	4.459065531364889e-01
2.400000000000000e+00	5.071539641065238e-01
2.400000000000000e+00	4.715213411655902e-01
2.400000000000000e+00	4.435274944252924e-01
2.400000000000000e+00	4.548842927345516e-01
2.400000000000000e+00	4.487112034317005e-01
2.400000000000000e+00	4.676184242324555e-01
2.400000000000000e+00	4.829287213549128e-01
2.400000000000000e+00	4.758589378593472e-01
2.400000000000000e+00	5.038730587353883e-01
2.400000000000000e+00	4.206902349842080e-01
2.400000000000000e+00	4.207402619699341e-01
2.400000000000000e+00	4.869457765225304e-01
2.400000000000000e+00	5.095140194514386e-01
2.400000000000000e+00	5.147735087267048e-01
2.400000000000000e+00	4.391239032855763e-01
2.400000000000000e+00	4.584693483981092e-01
2.400000000000000e+00	5.023968569895242e-01
2.400000000000000e+00	4.888764264465582e-01
2.400000000000000e+00	4.755021471191412e-01
2.400000000000000e+00	4.860138418813364e-01
2.400000000000000e+00	4.453598116260378e-01
2.400000000000000e+00	4.395927426351556e-01
2.400000000000000e+00	5.228170719894348e-01
2.400000000000000e+00	4.641699811144875e-01
2.400000000000000e+00	4.784668882202482e-01
2.400000000000000e+00	4.886891549731391e-01
2.400000000000000e+00	4.504577451875076e-01
2.400000000000000e+00	4.250518947432141e-01
2.400000000000000e+00	4.497877444008997e-01
2.400000000000000e+00	4.673596529955783e-01
2.400000000000000e+00	4.362189394607172e-01
2.400000000000000e+00	4.469296738400955e-01
2.400000000000000e+00	4.661927233637977e-01
2.400000000000000e+00	4.989687635568923e-01
2.400000000000000e+00	4.899668876333648e-01
2.400000000000000e+00	4.638711264379664e-01
2.400000000000000e+00	4.385235594188859e-01
2.400000000000000e+00	5.024967266878793e-01
2.400000000000000e+00	4.451678389373529e-01
2.400000000000000e+00	4.975915083705389e-01
2.400000000000000e+00	4.834220390226824e-01
2.400000000000000e+00	5.254912154380138e-01
2.400000000000000e+00	4.862045107761588e-01
2.400000000000000e+00	5.151014516403253e-01
2.400000000000000e+00	4.727851385156778e-01
2.400000000000000e+00	4.938083361426275e-01
2.400000000000000e+00	4.731851607164355e-01
2.400000000000000e+00	4.349647138029964e-01
2.400000000000000e+00	4.708504973350932e-01
2.400000000000000e+00	4.788250656635806e-01
2.400000000000000e+00	5.140756747418547e-01
2.400000000000000e+00	4.661875969250158e-01
2.400000000000000e+00	4.369774558786664e-01
2.400000000000000e+00	5.091317599844181e-01
2.400000000000000e+00	4.836505989035907e-01
2.400000000000000e+00	5.153639171786570e-01
2.400000000000000e+00	4.688652519456742e-01
2.400000000000000e+00	4.943872928875835e-01
2.400000000000000e+00	4.539614988656219e-01
2.400000000000000e+00	4.978815434249699e-01
2.400000000000000e+00	4.605590494017531e-01
2.400000000000000e+00	4.768988109685918e-01
2.400000000000000e+00	4.573111468011095e-01
2.400000000000000e+00	4.879640326665909e-01
2.400000000000000e+00	5.075710278689721e-01
2.400000000000000e+00	4.230866888289698e-01
2.400000000000000e+00	5.081999386005688e-01
2.400000000000000e+00	4.819772048329672e-01
2.400000000000000e+00	4.718578067664400e-01
2.400000000000000e+00	4.917126105282293e-01
2.400000000000000e+00	4.997901713061734e-01
2.400000000000000e+00	4.467015009915459e-01
2.400000000000000e+00	4.868522216351680e-01
2.400000000000000e+00	4.682858647543442e-01
2.400000000000000e+00	4.949498044383189e-01
2.400000000000000e+00	5.028272993039234e-01
2.400000000000000e+00	5.054552600602188e-01
2.400000000000000e+00	5.056785308623356e-01
2.400000000000000e+00	4.933392287686987e-01
2.400000000000000e+00	4.845083749696604e-01
2.400000000000000e+00	4.869321358173390e-01
2.400000000000000e+00	4.252596153517444e-01
2.400000000000000e+00	4.569494537952113e-01
2.400000000000000e+00	4.653050959447249e-01
2.400000000000000e+00	4.883863336938089e-01
2.400000000000000e+00	4.775073582675760e-01
2.400000000000000e+00	4.355140615930289e-01
2.400000000000000e+00	4.595485092519673e-01
2.400000000000000e+00	4.918649758099135e-01
2.400000000000000e+00	4.652400447216758e-01
2.400000000000000e+00	4.686198458245822e-01
2.400000000000000e+00	4.817298872874231e-01
2.400000000000000e+00	4.760238154093246e-01
2.400000000000000e+00	4.983037450541449e-01
2.400000000000000e+00	4.683385118917707e-01
2.400000000000000e+00	4.839904663674041e-01
2.400000000000000e+00	4.601643423859331e-01
2.400000000000000e+00	4.837993623706751e-01
2.400000000000000e+00	5.059190903418546e-01
2.400000000000000e+00	4.523189800897807e-01
2.400000000000000e+00	4.482701611874306e-01
2.400000000000000e+00	4.319773145002441e-01
2.400000000000000e+00	4.839600890210832e-01
2.400000000000000e+00	4.603560618744877e-01
2.400000000000000e+00	5.102594532581219e-01
2.400000000000000e+00	4.475966508118743e-01
2.400000000000000e+00	4.510352646497519e-01
2.400000000000000e+00	4.354199813420910e-01
2.400000000000000e+00	5.088365449451492e-01
2.400000000000000e+00	4.864802157774130e-01
2.400000000000000e+00	4.780140270581996e-01
2.400000000000000e+00	4.312765113125407e-01
2.400000000000000e+00	4.786242919750956e-01
2.400000000000000e+00	4.837278889189733e-01
2.400000000000000e+00	4.586164375163473e-01
2.400000000000000e+00	5.085824276728280e-01
2.400000000000000e+00	4.588905551998216e-01
2.400000000000000e+00	4.214069908661440e-01
2.400000000000000e+00	4.760328250491904e-01
2.400000000000000e+00	4.166861648730464e-01
2.400000000000000e+00	4.588319709704917e-01
2.400000000000000e+00	4.620536511471245e-01
2.400000000000000e+00	4.683316158201231e-01
2.400000000000000e+00	4.816883820917292e-01
2.400000000000000e+00	5.114356532843413e-01
2.400000000000000e+00	4.736994904207552e-01
2.400000000000000e+00	4.777765117959829e-01
2.400000000000000e+00	4.921729324602514e-01
2.400000000000000e+00	4.767917631069499e-01
2.400000000000000e+00	4.514557481435267e-01
2.400000000000000e+00	4.748170287189573e-01
2.400000000000000e+00	4.908999117880434e-01
2.400000000000000e+00	4.922986655628297e-01
2.400000000000000e+00	4.792779991816117e-01
2.400000000000000e+00	4.457077973621766e-01
2.400000000000000e+00	5.105007534576372e-01
2.400000000000000e+00	4.745095420788978e-01
2.400000000000000e+00	4.834354077757861e-01
2.400000000000000e+00	4.803041494887653e-01
2.400000000000000e+00	4.503483735840970e-01
2.400000000000000e+00	4.616069494670017e-01
2.400000000000000e+00	4.881639433514904e-01
2.400000000000000e+00	4.497562717417027e-01
2.400000000000000e+00	4.757876875698934e-01
2.400000000000000e+00	4.210148009069163e-01
2.400000000000000e+00	4.658584996861415e-01
2.400000000000000e+00	4.311846868456657e-01
2.400000000000000e+00	5.040701549130226e-01
2.400000000000000e+00	5.009695699904804e-01
2.400000000000000e+00	4.745753314339953e-01
2.400000000000000e+00	4.199452005072504e-01
2.400000000000000e+00	4.485881228377374e-01
2.400000000000000e+00	5.133681139643187e-01
2.400000000000000e+00	4.760586453608023e-01
2.400000000000000e+00	4.576475507396273e-01
2.400000000000000e+00	4.616962719558441e-01
2.400000000000000e+00	4.583358947692790e-01
2.400000000000000e+00	5.006850573630888e-01
2.400000000000000e+00	4.628256235845934e-01
2.400000000000000e+00	5.087259559616142e-01
2.400000000000000e+00	4.921383269049142e-01
2.400000000000000e+00	4.370075611576596e-01
2.400000000000000e+00	4.941922428338212e-01
2.400000000000000e+00	4.979837414172459e-01
2.400000000000000e+00	4.900039846109539e-01
2.400000000000000e+00	4.472653709901595e-01
2.400000000000000e+00	4.820586512023750e-01
2.400000000000000e+00	5.230421853072464e-01
2.400000000000000e+00	4.615054256360311e-01
2.400000000000000e+00	4.549422312857251e-01
2.400000000000000e+00	4.304912551499639e-01
2.400000000000000e+00	4.438735710385064e-01
2.400000000000000e+00	4.641108857917743e-01
2.400000000000000e+00	4.443051058879837e-01
2.400000000000000e+00	4.147010572586325e-01
2.400000000000000e+00	4.890285199821569e-01
2.400000000000000e+00	4.795165171677354e-01
2.400000000000000e+00	4.828800748901931e-01
2.400000000000000e+00	4.654793396281263e-01
2.400000000000000e+00	4.865579610208817e-01
2.400000000000000e+00	4.532222558335801e-01
2.400000000000000e+00	4.455202897344861e-01
2.400000000000000e+00	4.271271474345532e-01
2.400000000000000e+00	4.744758274005723e-01
2.400000000000000e+00	4.976432057634133e-01
2.400000000000000e+00	4.631659695269453e-01
2.400000000000000e+00	4.741425450280688e-01
2.400000000000000e+00	4.892675293009190e-01
2.400000000000000e+00	4.563594401375911e-01
2.400000000000000e+00	4.392491975681897e-01
2.400000000000000e+00	4.637288437350495e-01
2.400000000000000e+00	4.898869821965401e-01
2.400000000000000e+00	4.743202349576083e-01
2.400000000000000e+00	4.905595347589939e-01
2.400000000000000e+00	5.049367127790638e-01
2.400000000000000e+00	4.994666593934653e-01
2.400000000000000e+00	4.996913799121255e-01
2.400000000000000e+00	4.848783338676479e-01
2.400000000000000e+00	4.892429109724272e-01
2.400000000000000e+00	4.468902612083776e-01
2.400000000000000e+00	4.764887337671077e-01
2.400000000000000e+00	4.339677532003415e-01
2.400000000000000e+00	4.741516270974394e-01
2.400000000000000e+00	4.222471947896631e-01
2.400000000000000e+00	4.702817636897468e-01
2.400000000000000e+00	4.819168722392330e-01
2.400000000000000e+00	5.161083514522072e-01
2.400000000000000e+00	4.554129922309152e-01
2.400000000000000e+00	4.926385467356345e-01
2.400000000000000e+00	4.864182049808020e-01
2.400000000000000e+00	4.954071486462346e-01
2.400000000000000e+00	5.395692209797847e-01
2.400000000000000e+00	4.436597714596739e-01
2.400000000000000e+00	4.853098764694402e-01
2.400000000000000e+00	4.827206499016706e-01
2.400000000000000e+00	4.563746683044768e-01
2.400000000000000e+00	4.325098739135305e-01
2.400000000000000e+00	4.484229655232791e-01
2.400000000000000e+00	4.781163682708705e-01
2.400000000000000e+00	4.631116244594440e-01
2.400000000000000e+00	4.799047418219524e-01
2.400000000000000e+00	4.033143107821601e-01
2.400000000000000e+00	4.897498255200913e-01
2.400000000000000e+00	4.281114547092764e-01
2.400000000000000e+00	4.759180942322477e-01
2.400000000000000e+00	4.988620967368849e-01
2.400000000000000e+00	4.727559598397161e-01
2.400000000000000e+00	4.473477877041503e-01
2.400000000000000e+00	4.674775965428839e-01
2.400000000000000e+00	4.698520423639847e-01
2.400000000000000e+00	4.287899868285255e-01
2.400000000000000e+00	4.545792271697308e-01
2.400000000000000e+00	4.922013778598476e-01
2.400000000000000e+00	4.912827165536172e-01
2.400000000000000e+00	4.508087333709945e-01
2.400000000000000e+00	4.607951437642906e-01
2.400000000000000e+00	4.267092525858904e-01
2.400000000000000e+00	4.995626048175208e-01
2.400000000000000e+00	4.510789297133763e-01
2.400000000000000e+00	4.579033559178000e-01
2.400000000000000e+00	4.514443608689422e-01
2.400000000000000e+00	4.949879722206009e-01
2.400000000000000e+00	4.977116094429431e-01
2.400000000000000e+00	4.906285424438879e-01
2.400000000000000e+00	4.755766743967780e-01
2.400000000000000e+00	4.822453089971616e-01
2.400000000000000e+00	4.637923899889507e-01
2.400000000000000e+00	4.484261459535005e-01
2.400000000000000e+00	4.899934704559403e-01
2.400000000000000e+00	4.926633631345869e-01
2.400000000000000e+00	4.669496956205302e-01
2.400000000000000e+00	4.346931512377101e-01
2.400000000000000e+00	4.591527799395604e-01
2.400000000000000e+00	4.860386591050928e-01
2.400000000000000e+00	4.335285139426177e-01
2.400000000000000e+00	4.899164071611715e-01
2.400000000000000e+00	5.267610346762307e-01
2.400000000000000e+00	4.740828946170722e-01
2.400000000000000e+00	4.951832096916721e-01
2.400000000000000e+00	4.889228491822897e-01
2.400000000000000e+00	4.814661548660442e-01
2.400000000000000e+00	4.608998881432088e-01
2.400000000000000e+00	4.754386725341618e-01
2.400000000000000e+00	4.910423826825502e-01
2.400000000000000e+00	4.499011423277881e-01
2.400000000000000e+00	4.383452363765576e-01
2.400000000000000e+00	4.433238100902879e-01
2.400000000000000e+00	4.993926472493586e-01
2.400000000000000e+00	5.052775538941695e-01
2.400000000000000e+00	4.733603750018694e-01
2.400000000000000e+00	4.394803185424164e-01
2.400000000000000e+00	4.435708702183490e-01
2.400000000000000e+00	5.118781343173676e-01
2.400000000000000e+00	4.922661483884600e-01
2.400000000000000e+00	5.235883288699912e-01
2.400000000000000e+00	4.483944165060532e-01
2.400000000000000e+00	4.507316683704720e-01
2.400000000000000e+00	4.184252033191850e-01
2.400000000000000e+00	4.552381492296820e-01
2.400000000000000e+00	5.185847409907837e-01
2.400000000000000e+00	4.360327512956237e-01
2.400000000000000e+00	4.775523057345375e-01
2.400000000000000e+00	4.867263609988984e-01
2.400000000000000e+00	4.508439148794110e-01
2.400000000000000e+00	4.856456885026517e-01
2.400000000000000e+00	4.839460551336668e-01
2.400000000000000e+00	4.518426784963068e-01
2.400000000000000e+00	4.955952878235789e-01
2.400000000000000e+00	4.543758011738025e-01
2.400000000000000e+00	4.838696216232550e-01
2.400000000000000e+00	4.605402367134880e-01
2.400000000000000e+00	5.018576608798926e-01
2.400000000000000e+00	4.865510397228860e-01
2.400000000000000e+00	4.935554414411035e-01
2.400000000000000e+00	5.061379758588781e-01
2.400000000000000e+00	5.294126530660421e-01
2.400000000000000e+00	4.945663331914484e-01
2.400000000000000e+00	4.615216625388908e-01
2.400000000000000e+00	5.335234790875186e-01
2.400000000000000e+00	5.069375425163316e-01
2.400000000000000e+00	4.781975444977623e-01
2.400000000000000e+00	4.348988634618421e-01
2.400000000000000e+00	4.756127535026328e-01
2.400000000000000e+00	4.525446626915866e-01
2.400000000000000e+00	4.996547204068565e-01
2.400000000000000e+00	4.602811305785658e-01
2.400000000000000e+00	4.868105230688768e-01
2.400000000000000e+00	5.053552404978068e-01
2.400000000000000e+00	4.426070157845778e-01
2.400000000000000e+00	4.046301227518556e-01
2.400000000000000e+00	4.837336955477421e-01
2.400000000000000e+00	4.482069425916902e-01
2.400000000000000e+00	4.642434464102606e-01
2.400000000000000e+00	4.390660454799354e-01
2.400000000000000e+00	4.456091662090189e-01
2.400000000000000e+00	4.630833698873296e-01
2.400000000000000e+00	4.846074216555444e-01
2.400000000000000e+00	4.687871148417115e-01
2.400000000000000e+00	4.690722649675707e-01
2.400000000000000e+00	4.612509383722586e-01
2.400000000000000e+00	5.075794218947709e-01
2.400000000000000e+00	4.678386597790637e-01
2.400000000000000e+00	4.994041414062124e-01
2.400000000000000e+00	4.984744624209124e-01
2.400000000000000e+00	4.663535321834018e-01
2.400000000000000e+00	4.560329075452405e-01
2.400000000000000e+00	4.309393009495648e-01
2.400000000000000e+00	4.477391678229196e-01
2.400000000000000e+00	5.074931030072545e-01
2.400000000000000e+00	4.665554159274495e-01
2.400000000000000e+00	4.956184909391287e-01
2.400000000000000e+00	4.960469966197582e-01
2.400000000000000e+00	4.500568772964404e-01
2.400000000000000e+00	5.273945003667463e-01
2.400000000000000e+00	5.049990570302392e-01
2.400000000000000e+00	4.503668996320738e-01
2.400000000000000e+00	4.870989562146143e-01
2.400000000000000e+00	4.916985866469328e-01
2.400000000000000e+00	4.813242512354060e-01
2.400000000000000e+00	4.961100793649482e-01
2.400000000000000e+00	4.938977849390515e-01
2.400000000000000e+00	4.799409623693016e-01
2.400000000000000e+00	4.792964093842128e-01
2.400000000000000e+00	4.748747311316935e-01
2.400000000000000e+00	4.902584134815843e-01
2.400000000000000e+00	4.286674201683353e-01
2.400000000000000e+00	5.119151879349213e-01
2.400000000000000e+00	4.756887043970269e-01
2.400000000000000e+00	4.741210331697465e-01
2.400000000000000e+00	4.562419493341742e-01
2.400000000000000e+00	4.270202423566984e-01
2.400000000000000e+00	4.438799471695860e-01
2.400000000000000e+00	4.969564552713053e-01
2.400000000000000e+00	4.733287147525759e-01
2.400000000000000e+00	4.594804517439077e-01
2.400000000000000e+00	4.695623802705433e-01
2.400000000000000e+00	4.790344317154232e-01
2.400000000000000e+00	5.033272885700756e-01
2.400000000000000e+00	4.638873249582854e-01
2.400000000000000e+00	4.847475495281327e-01
2.400000000000000e+00	4.618160489741278e-01
2.400000000000000e+00	4.172678869352102e-01
2.400000000000000e+00	4.918051463682476e-01
2.400000000000000e+00	4.912199362828963e-01
2.400000000000000e+00	5.082660091162879e-01
2.400000000000000e+00	4.830734101736465e-01
2.400000000000000e+00	5.309097170683302e-01
2.400000000000000e+00	4.629128097922589e-01
2.400000000000000e+00	4.370337327460792e-01
2.400000000000000e+00	4.726489654261844e-01
2.400000000000000e+00	4.707585167830128e-01
2.400000000000000e+00	4.759351163590574e-01
2.400000000000000e+00	4.794884814640942e-01
2.400000000000000e+00	4.566120899780592e-01
2.400000000000000e+00	4.783845191833168e-01
2.400000000000000e+00	5.429753548449687e-01
2.400000000000000e+00	4.718099858432721e-01
2.400000000000000e+00	4.937662202816504e-01
2.400000000000000e+00	5.110081079051626e-01
2.400000000000000e+00	4.880120085296389e-01
2.400000000000000e+00	4.920043531540699e-01
2.400000000000000e+00	4.736314966538780e-01
2.400000000000000e+00	4.745881762836404e-01
2.400000000000000e+00	5.074668915482398e-01
2.400000000000000e+00	4.813565497428591e-01
2.400000000000000e+00	4.193150194421780e-01
2.400000000000000e+00	4.764116291143755e-01
2.400000000000000e+00	4.442046279684436e-01
2.400000000000000e+00	4.822076330785801e-01
2.400000000000000e+00	4.746429289692427e-01
2.400000000000000e+00	4.971122727893226e-01
2.400000000000000e+00	4.961970867817949e-01
2.400000000000000e+00	4.371846182814023e-01
2.400000000000000e+00	4.252894080418213e-01
2.400000000000000e+00	5.196739648895521e-01
2.400000000000000e+00	5.021325926265116e-01
2.400000000000000e+00	4.214873377293396e-01
2.400000000000000e+00	4.852891260423819e-01
2.400000000000000e+00	4.741069670530386e-01
2.400000000000000e+00	4.772168855807414e-01
2.400000000000000e+00	4.701829574656603e-01
2.400000000000000e+00	4.453877398900033e-01
2.400000000000000e+00	4.325911351910928e-01
2.400000000000000e+00	4.668632098210439e-01
2.400000000000000e+00	4.545540497893347e-01
2.400000000000000e+00	4.677165032505045e-01
2.400000000000000e+00	4.622391436566489e-01
2.400000000000000e+00	4.302695202668458e-01
2.400000000000000e+00	4.742885424922789e-01
2.400000000000000e+00	4.932907288273000e-01
2.400000000000000e+00	4.890736221922654e-01
2.400000000000000e+00	4.876740258033707e-01
2.400000000000000e+00	4.072260914113278e-01
2.400000000000000e+00	4.513909031597484e-01
2.400000000000000e+00	4.154693574317085e-01
2.400000000000000e+00	4.960180413683564e-01
2.400000000000000e+00	4.568823011280482e-01
2.400000000000000e+00	4.950373795771746e-01
2.400000000000000e+00	5.021118051987474e-01
2.400000000000000e+00	4.856491365333555e-01
2.400000000000000e+00	4.422255504343461e-01
2.400000000000000e+00	4.301924590542183e-01
2.400000000000000e+00	4.947774925740876e-01
2.400000000000000e+00	4.627286567329653e-01
2.400000000000000e+00	4.315119653606177e-01
2.400000000000000e+00	4.593755675880434e-01
2.400000000000000e+00	4.980254053741765e-01
2.400000000000000e+00	4.375749952027537e-01
2.400000000000000e+00	4.854681435603908e-01
2.400000000000000e+00	4.737542074527396e-01
2.400000000000000e+00	4.516943685019098e-01
2.400000000000000e+00	4.810832790317222e-01
2.400000000000000e+00	4.953188978437505e-01
2.400000000000000e+00	4.541973500795146e-01
2.400000000000000e+00	4.190570423679674e-01
2.400000000000000e+00	4.643465754803863e-01
2.400000000000000e+00	5.023242674287235e-01
2.400000000000000e+00	4.719615971659319e-01
2.400000000000000e+00	4.674799518128550e-01
2.400000000000000e+00	5.238860486453960e-01
2.400000000000000e+00	4.889472816774318e-01
2.400000000000000e+00	4.145052677798753e-01
2.400000000000000e+00	4.822682969620806e-01
2.400000000000000e+00	4.793394358508859e-01
2.400000000000000e+00	4.943515607098081e-01
2.400000000000000e+00	4.803629192224902e-01
2.400000000000000e+00	4.636165171088627e-01
2.400000000000000e+00	3.903793866563431e-01
2.400000000000000e+00	4.614646593129231e-01
2.400000000000000e+00	4.848139959448570e-01
2.400000000000000e+00	5.071897615191744e-01
2.400000000000000e+00	4.999714894739706e-01
2.400000000000000e+00	5.037611741582456e-01
2.400000000000000e+00	5.028239080514106e-01
2.400000000000000e+00	4.971484040848520e-01
2.400000000000000e+00	5.146432431264885e-01
2.400000000000000e+00	4.383634572885826e-01
2.400000000000000e+00	4.758876386710079e-01
2.400000000000000e+00	4.636138223378314e-01
2.400000000000000e+00	4.912555792676171e-01
2.400000000000000e+00	4.901383098212490e-01
2.400000000000000e+00	4.719913463937912e-01
2.400000000000000e+00	4.842002167330581e-01
2.400000000000000e+00	4.765399532921604e-01
2.400000000000000e+00	4.758535316850576e-01
2.400000000000000e+00	4.079511547558352e-01
2.400000000000000e+00	4.905434202169995e-01
2.400000000000000e+00	5.075147964802148e-01
2.400000000000000e+00	5.133987007572287e-01
2.400000000000000e+00	4.678825676898276e-01
2.400000000000000e+00	4.728915375346263e-01
2.400000000000000e+00	4.685318738691236e-01
2.400000000000000e+00	4.918596354962920e-01
2.400000000000000e+00	4.504692206374156e-01
2.400000000000000e+00	4.343389530475378e-01
2.400000000000000e+00	4.460297177615539e-01
2.400000000000000e+00	4.495178965437925e-01
2.400000000000000e+00	4.872102341812996e-01
2.400000000000000e+00	4.964046855283200e-01
2.400000000000000e+00	4.269190281701120e-01
2.400000000000000e+00	5.076569190766252e-01
2.400000000000000e+00	4.980433943502781e-01
2.400000000000000e+00	4.927685369580931e-01
2.400000000000000e+00	5.157634345027189e-01
2.400000000000000e+00	5.279782250963901e-01
2.400000000000000e+00	4.734369709308237e-01
2.400000000000000e+00	4.943705691679534e-01
2.400000000000000e+00	4.840775111293172e-01
2.400000000000000e+00	4.393296906726629e-01
2.400000000000000e+00	4.982440113602002e-01
2.400000000000000e+00	5.090451570677691e-01
2.400000000000000e+00	4.982258855826468e-01
2.400000000000000e+00	4.447730092666445e-01
2.400000000000000e+00	4.709977135535318e-01
2.400000000000000e+00	4.394304181580777e-01
2.400000000000000e+00	5.121389868282833e-01
2.400000000000000e+00	4.456101513196226e-01
2.400000000000000e+00	4.557974294659092e-01
2.400000000000000e+00	4.132873512251858e-01
2.400000000000000e+00	4.710058896941695e-01
2.400000000000000e+00	4.812929293309754e-01
2.400000000000000e+00	4.705467475637538e-01
2.400000000000000e+00	4.771471139035579e-01
2.400000000000000e+00	4.727053172163572e-01
2.400000000000000e+00	4.805322662225535e-01
2.400000000000000e+00	4.396054174368212e-01
2.400000000000000e+00	4.402302929752021e-01
2.400000000000000e+00	4.674539845538686e-01
2.400000000000000e+00	5.007053754981038e-01
2.400000000000000e+00	4.469225956132166e-01
2.400000000000000e+00	5.264199558170783e-01
2.400000000000000e+00	4.564974800206474e-01
2.400000000000000e+00	4.447463596277332e-01
2.400000000000000e+00	4.580128998880921e-01
2.400000000000000e+00	4.759231773276008e-01
2.400000000000000e+00	4.906843884610466e-01
2.400000000000000e+00	4.551825445336565e-01
2.400000000000000e+00	4.666611482445061e-01
2.400000000000000e+00	5.055567231694159e-01
2.400000000000000e+00	5.257831412744329e-01
2.400000000000000e+00	4.607283476354702e-01
2.400000000000000e+00	4.491611536769051e-01
2.400000000000000e+00	4.664375504132958e-01
2.400000000000000e+00	4.823272377439755e-01
2.400000000000000e+00	4.574171477000403e-01
2.400000000000000e+00	4.742446053582046e-01
2.400000000000000e+00	4.645818572844969e-01
2.400000000000000e+00	4.424113675418057e-01
