1.200000000000000e+00	9.682437459401907e+00
1.200000000000000e+00	9.521721145287209e+00
1.200000000000000e+00	9.671392526092969e+00
1.200000000000000e+00	9.757271284202988e+00
1.200000000000000e+00	9.489650587035900e+00
1.200000000000000e+00	9.689084959634544e+00
1.200000000000000e+00	9.699799234853437e+00
1.200000000000000e+00	9.685845563131272e+00
1.200000000000000e+00	9.630356242642216e+00
1.200000000000000e+00	9.598044811623126e+00
1.200000000000000e+00	9.543803633536251e+00
1.200000000000000e+00	9.801665145453558e+00
1.200000000000000e+00	9.754621140088815e+00
1.200000000000000e+00	9.587932118190380e+00
1.200000000000000e+00	9.695327122809621e+00
1.200000000000000e+00	9.461142778482504e+00
1.200000000000000e+00	9.605775379147605e+00
1.200000000000000e+00	9.521549120724869e+00
1.200000000000000e+00	9.587055262701830e+00
1.200000000000000e+00	9.617309001866895e+00
1.200000000000000e+00	9.727697318269303e+00
1.200000000000000e+00	9.567284103659366e+00
1.200000000000000e+00	9.757623698735514e+00
1.200000000000000e+00	9.718642016493924e+00
1.200000000000000e+00	9.621459332023552e+00
1.200000000000000e+00	9.714649599236118e+00
1.200000000000000e+00	9.779538785313536e+00
1.200000000000000e+00	9.764552705455937e+00
1.200000000000000e+00	9.732594187047376e+00
1.200000000000000e+00	9.835180094184789e+00
1.200000000000000e+00	9.708871515643153e+00
1.200000000000000e+00	9.541646173170070e+00
1.200000000000000e+00	9.846882761558302e+00
1.200000000000000e+00	9.686819129356508e+00
1.200000000000000e+00	9.641495166504441e+00
1.200000000000000e+00	9.466748485571113e+00
1.200000000000000e+00	9.565462268379028e+00
1.200000000000000e+00	9.687382227215526e+00
1.200000000000000e+00	9.548860935796259e+00
1.200000000000000e+00	9.673934559122703e+00
1.200000000000000e+00	9.497185477754487e+00
1.200000000000000e+00	9.524897496829063e+00
1.200000000000000e+00	9.567560826413455e+00
1.200000000000000e+00	9.726697687771255e+00
1.200000000000000e+00	9.679350729658028e+00
1.200000000000000e+00	9.686704103979466e+00
1.200000000000000e+00	9.614671238153724e+00
1.200000000000000e+00	9.785909918749581e+00
1.200000000000000e+00	9.562987814222048e+00
1.200000000000000e+00	9.631527018540188e+00
1.200000000000000e+00	9.619263010190515e+00
1.200000000000000e+00	9.659036389750758e+00
1.200000000000000e+00	9.536095877998012e+00
1.200000000000000e+00	9.631359234011203e+00
1.200000000000000e+00	9.694149543842883e+00
1.200000000000000e+00	9.593047305684575e+00
1.200000000000000e+00	9.408758592817389e+00
1.200000000000000e+00	9.751228384980985e+00
1.200000000000000e+00	9.520689902267279e+00
1.200000000000000e+00	9.557697902138388e+00
1.200000000000000e+00	9.924152498902769e+00
1.200000000000000e+00	9.648992181643507e+00
1.200000000000000e+00	9.668208963986990e+00
1.200000000000000e+00	9.609707970230096e+00
1.200000000000000e+00	9.573075440996156e+00
1.200000000000000e+00	9.528311770824299e+00
1.200000000000000e+00	9.566873160482587e+00
1.200000000000000e+00	9.674941820618987e+00
1.200000000000000e+00	9.691188927642365e+00
1.200000000000000e+00	9.714336520297369e+00
1.200000000000000e+00	9.641451688872618e+00
1.200000000000000e+00	9.569196187587700e+00
1.200000000000000e+00	9.569756353880056e+00
1.200000000000000e+00	9.542773923716265e+00
1.200000000000000e+00	9.624495381375581e+00
1.200000000000000e+00	9.689778125901523e+00
1.200000000000000e+00	9.835259949787936e+00
1.200000000000000e+00	9.701459403449375e+00
1.200000000000000e+00	9.667395064458054e+00
1.200000000000000e+00	9.718847525701214e+00
1.200000000000000e+00	9.639269737560635e+00
1.200000000000000e+00	9.626490251188953e+00
1.200000000000000e+00	9.590998873458570e+00
1.200000000000000e+00	9.608514674164951e+00
1.200000000000000e+00	9.664543119319477e+00
1.200000000000000e+00	9.720887094667139e+00
1.200000000000000e+00	9.593023487263800e+00
1.200000000000000e+00	9.615475217072841e+00
1.200000000000000e+00	9.676531465820251e+00
1.200000000000000e+00	9.688352697575361e+00
1.200000000000000e+00	9.658075339116010e+00
1.200000000000000e+00	9.695398365245243e+00
1.200000000000000e+00	9.619676387760070e+00
1.200000000000000e+00	9.660489424424027e+00
1.200000000000000e+00	9.695678142311765e+00
1.200000000000000e+00	9.591690021635706e+00
1.200000000000000e+00	9.588837219268594e+00
1.200000000000000e+00	9.759747706666367e+00
1.200000000000000e+00	9.582415778120437e+00
1.200000000000000e+00	9.651406730742515e+00
1.200000000000000e+00	9.507313836531283e+00
1.200000000000000e+00	9.589263277403479e+00
1.200000000000000e+00	9.749618109211145e+00
1.200000000000000e+00	9.585089888728994e+00
1.200000000000000e+00	9.546343938781051e+00
1.200000000000000e+00	9.735356592356819e+00
1.200000000000000e+00	9.745772258680381e+00
1.200000000000000e+00	9.628497866029488e+00
1.200000000000000e+00	9.689744444939258e+00
1.200000000000000e+00	9.597159027225363e+00
1.200000000000000e+00	9.605465500471531e+00
1.200000000000000e+00	9.606286814887540e+00
1.200000000000000e+00	9.644579990856812e+00
1.200000000000000e+00	9.487678571168173e+00
1.200000000000000e+00	9.708546229965741e+00
1.200000000000000e+00	9.660678935271893e+00
1.200000000000000e+00	9.643736147164772e+00
1.200000000000000e+00	9.766489262724239e+00
1.200000000000000e+00	9.707335778562650e+00
1.200000000000000e+00	9.638602220124678e+00
1.200000000000000e+00	9.620602109049967e+00
1.200000000000000e+00	9.551236727646149e+00
1.200000000000000e+00	9.519881225827612e+00
1.200000000000000e+00	9.688551108219061e+00
1.200000000000000e+00	9.735181553346699e+00
1.200000000000000e+00	9.495182715644592e+00
1.200000000000000e+00	9.616692622838173e+00
1.200000000000000e+00	9.560297251234591e+00
1.200000000000000e+00	9.696850744137510e+00
1.200000000000000e+00	9.599445744416281e+00
1.200000000000000e+00	9.578170391260970e+00
1.200000000000000e+00	9.797868430167693e+00
1.200000000000000e+00	9.639226522014528e+00
1.200000000000000e+00	9.770216977813307e+00
1.200000000000000e+00	9.637159555109882e+00
1.200000000000000e+00	9.640720033121500e+00
1.200000000000000e+00	9.741617126926940e+00
1.200000000000000e+00	9.472007246830017e+00
1.200000000000000e+00	9.558048135695064e+00
1.200000000000000e+00	9.378515635069670e+00
1.200000000000000e+00	9.495691640170199e+00
1.200000000000000e+00	9.699734614516547e+00
1.200000000000000e+00	9.690191238209792e+00
1.200000000000000e+00	9.725782943149488e+00
1.200000000000000e+00	9.567714130275199e+00
1.200000000000000e+00	9.432690148899550e+00
1.200000000000000e+00	9.685396605613228e+00
1.200000000000000e+00	9.680967829522233e+00
1.200000000000000e+00	9.609807015940540e+00
1.200000000000000e+00	9.753171875994507e+00
1.200000000000000e+00	9.735305095563531e+00
1.200000000000000e+00	9.708466335110405e+00
1.200000000000000e+00	9.517316286824144e+00
1.200000000000000e+00	9.629464661358393e+00
1.200000000000000e+00	9.578144959403271e+00
1.200000000000000e+00	9.674593738713568e+00
1.200000000000000e+00	9.535845281984589e+00
1.200000000000000e+00	9.553662440042395e+00
1.200000000000000e+00	9.606745248696900e+00
1.200000000000000e+00	9.514779870690898e+00
1.200000000000000e+00	9.598277087589771e+00
1.200000000000000e+00	9.509319074568037e+00
1.200000000000000e+00	9.623001652996212e+00
1.200000000000000e+00	9.417501787271984e+00
1.200000000000000e+00	9.660579425098057e+00
1.200000000000000e+00	9.690175658714763e+00
1.200000000000000e+00	9.589358232538814e+00
1.200000000000000e+00	9.709029957918190e+00
1.200000000000000e+00	9.407111323204079e+00
1.200000000000000e+00	9.520289098035722e+00
1.200000000000000e+00	9.659499300685992e+00
1.200000000000000e+00	9.621515522011098e+00
1.200000000000000e+00	9.685514880962184e+00
1.200000000000000e+00	9.540330064447231e+00
1.200000000000000e+00	9.814220842277008e+00
1.200000000000000e+00	9.578929762093804e+00
1.200000000000000e+00	9.513613790521081e+00
1.200000000000000e+00	9.645493532302410e+00
1.200000000000000e+00	9.540091171257716e+00
1.200000000000000e+00	9.669136799951362e+00
1.200000000000000e+00	9.627586754569229e+00
1.200000000000000e+00	9.568397338156366e+00
1.200000000000000e+00	9.585838691902573e+00
1.200000000000000e+00	9.665765221082635e+00
1.200000000000000e+00	9.647331140157853e+00
1.200000000000000e+00	9.645154529666264e+00
1.200000000000000e+00	9.895210179151940e+00
1.200000000000000e+00	9.826813454220639e+00
1.200000000000000e+00	9.766735376852029e+00
1.200000000000000e+00	9.644478149551984e+00
1.200000000000000e+00	9.663291063939756e+00
1.200000000000000e+00	9.804675459208211e+00
1.200000000000000e+00	9.685235060920572e+00
1.200000000000000e+00	9.604493830230894e+00
1.200000000000000e+00	9.603721648660843e+00
1.200000000000000e+00	9.706691810756841e+00
1.200000000000000e+00	9.681321003558416e+00
1.200000000000000e+00	9.642898724014373e+00
1.200000000000000e+00	9.473922550262635e+00
1.200000000000000e+00	9.652811576091835e+00
1.200000000000000e+00	9.616986126542006e+00
1.200000000000000e+00	9.449360757973666e+00
1.200000000000000e+00	9.620376075503938e+00
1.200000000000000e+00	9.521067751248530e+00
1.200000000000000e+00	9.572308805726305e+00
1.200000000000000e+00	9.817476900714077e+00
1.200000000000000e+00	9.641953254706953e+00
1.200000000000000e+00	9.690170150812103e+00
1.200000000000000e+00	9.579762715206039e+00
1.200000000000000e+00	9.647124791979229e+00
1.200000000000000e+00	9.637781060335946e+00
1.200000000000000e+00	9.793754212654987e+00
1.200000000000000e+00	9.707139133278966e+00
1.200000000000000e+00	9.593325054592366e+00
1.200000000000000e+00	9.755343733195831e+00
1.200000000000000e+00	1.007417507773080e+01
1.200000000000000e+00	9.625135005866726e+00
1.200000000000000e+00	9.578915699916754e+00
1.200000000000000e+00	9.720375903082431e+00
1.200000000000000e+00	9.679578929965384e+00
1.200000000000000e+00	9.781007982001858e+00
1.200000000000000e+00	9.640730875491345e+00
1.200000000000000e+00	9.743861313636973e+00
1.200000000000000e+00	9.624464223291749e+00
1.200000000000000e+00	9.444974486115406e+00
1.200000000000000e+00	9.470886305980828e+00
1.200000000000000e+00	9.669828250715241e+00
1.200000000000000e+00	9.614092969492638e+00
1.200000000000000e+00	9.568759791538863e+00
1.200000000000000e+00	9.805004390031753e+00
1.200000000000000e+00	9.700851155069765e+00
1.200000000000000e+00	9.585290353585400e+00
1.200000000000000e+00	9.649311670376058e+00
1.200000000000000e+00	9.589823206571614e+00
1.200000000000000e+00	9.556931958714742e+00
1.200000000000000e+00	9.632212683779660e+00
1.200000000000000e+00	9.654447433580437e+00
1.200000000000000e+00	9.681873326334280e+00
1.200000000000000e+00	9.487135770279323e+00
1.200000000000000e+00	9.485214436309686e+00
1.200000000000000e+00	9.586903956913487e+00
1.200000000000000e+00	9.530661365322970e+00
1.200000000000000e+00	9.502698568248878e+00
1.200000000000000e+00	9.786807773739039e+00
1.200000000000000e+00	9.500730999202798e+00
1.200000000000000e+00	9.628559369611914e+00
1.200000000000000e+00	9.666618317819294e+00
1.200000000000000e+00	9.771925243653186e+00
1.200000000000000e+00	9.407740301045820e+00
1.200000000000000e+00	9.441112957939000e+00
1.200000000000000e+00	9.679509591327298e+00
1.200000000000000e+00	9.658250386932455e+00
1.200000000000000e+00	9.808174648764890e+00
1.200000000000000e+00	9.709058902384454e+00
1.200000000000000e+00	9.525389034171628e+00
1.200000000000000e+00	9.636108531849551e+00
1.200000000000000e+00	9.658326137266517e+00
1.200000000000000e+00	9.450359000479075e+00
1.200000000000000e+00	9.579283740694240e+00
1.200000000000000e+00	9.611734919734726e+00
1.200000000000000e+00	9.648381397475012e+00
1.200000000000000e+00	9.548554273697690e+00
1.200000000000000e+00	9.846316860495232e+00
1.200000000000000e+00	9.638789175879310e+00
1.200000000000000e+00	9.579435407908816e+00
1.200000000000000e+00	9.564455348427355e+00
1.200000000000000e+00	9.670095732039155e+00
1.200000000000000e+00	9.618240824506051e+00
1.200000000000000e+00	9.777645125392892e+00
1.200000000000000e+00	9.589189987941147e+00
1.200000000000000e+00	9.522764196837588e+00
1.200000000000000e+00	9.731895857162613e+00
1.200000000000000e+00	9.599155319123835e+00
1.200000000000000e+00	9.461268415529803e+00
1.200000000000000e+00	9.539015250155341e+00
1.200000000000000e+00	9.610937551277036e+00
1.200000000000000e+00	9.688638657508337e+00
1.200000000000000e+00	9.744506491105735e+00
1.200000000000000e+00	9.549388144757936e+00
1.200000000000000e+00	9.583198402162488e+00
1.200000000000000e+00	9.584841197143822e+00
1.200000000000000e+00	9.485970032492926e+00
1.200000000000000e+00	9.675090748701090e+00
1.200000000000000e+00	9.652135422408138e+00
1.200000000000000e+00	9.517536193921007e+00
1.200000000000000e+00	9.582111080536777e+00
1.200000000000000e+00	9.591934965030685e+00
1.200000000000000e+00	9.630507084682847e+00
1.200000000000000e+00	9.626934578633863e+00
1.200000000000000e+00	9.656322957519880e+00
1.200000000000000e+00	9.604930543453241e+00
1.200000000000000e+00	9.586102989597872e+00
1.200000000000000e+00	9.806739616236232e+00
1.200000000000000e+00	9.673621556073904e+00
1.200000000000000e+00	9.676999720349174e+00
1.200000000000000e+00	9.622467611132564e+00
1.200000000000000e+00	9.630830586584155e+00
1.200000000000000e+00	9.612929075537973e+00
1.200000000000000e+00	9.705283086509683e+00
1.200000000000000e+00	9.534805977799092e+00
1.200000000000000e+00	9.672656987088326e+00
1.200000000000000e+00	9.440775020776965e+00
1.200000000000000e+00	9.462801859992780e+00
1.200000000000000e+00	9.700498765177207e+00
1.200000000000000e+00	9.435149947070485e+00
1.200000000000000e+00	9.581908570937589e+00
1.200000000000000e+00	9.586743227460822e+00
1.200000000000000e+00	9.604361757752709e+00
1.200000000000000e+00	9.721851664339347e+00
1.200000000000000e+00	9.615163884083824e+00
1.200000000000000e+00	9.757487610117836e+00
1.200000000000000e+00	9.697388744816411e+00
1.200000000000000e+00	9.745525923914052e+00
1.200000000000000e+00	9.569683694371747e+00
1.200000000000000e+00	9.534809312941301e+00
1.200000000000000e+00	9.620256498749420e+00
1.200000000000000e+00	9.658929783811194e+00
1.200000000000000e+00	9.599355406707945e+00
1.200000000000000e+00	9.834317524744520e+00
1.200000000000000e+00	9.561132455672851e+00
1.200000000000000e+00	9.834980848488650e+00
1.200000000000000e+00	9.717729515535908e+00
1.200000000000000e+00	9.589450452033601e+00
1.200000000000000e+00	9.642444269597561e+00
1.200000000000000e+00	9.567386676685912e+00
1.200000000000000e+00	9.479581376571588e+00
1.200000000000000e+00	9.546799331951469e+00
1.200000000000000e+00	9.599053961533427e+00
1.200000000000000e+00	9.652877774615686e+00
1.200000000000000e+00	9.713325353093269e+00
1.200000000000000e+00	9.613301662025325e+00
1.200000000000000e+00	9.564091601008196e+00
1.200000000000000e+00	9.518911700955428e+00
1.200000000000000e+00	9.616739354430344e+00
1.200000000000000e+00	9.616384497044686e+00
1.200000000000000e+00	9.695925758588199e+00
1.200000000000000e+00	9.591042215970829e+00
1.200000000000000e+00	9.738827666352231e+00
1.200000000000000e+00	9.637682413421164e+00
1.200000000000000e+00	9.498044531812599e+00
1.200000000000000e+00	9.641827467812234e+00
1.200000000000000e+00	9.758086134543476e+00
1.200000000000000e+00	9.701167583367036e+00
1.200000000000000e+00	9.605676702643231e+00
1.200000000000000e+00	9.633667350041367e+00
1.200000000000000e+00	9.588528683666517e+00
1.200000000000000e+00	9.685667050803065e+00
1.200000000000000e+00	9.867680639236912e+00
1.200000000000000e+00	9.532529785378998e+00
1.200000000000000e+00	9.660895788719728e+00
1.200000000000000e+00	9.734040134247518e+00
1.200000000000000e+00	9.613796478294395e+00
1.200000000000000e+00	9.794799950541202e+00
1.200000000000000e+00	9.565616728672000e+00
1.200000000000000e+00	9.434266137419666e+00
1.200000000000000e+00	9.569772348920857e+00
1.200000000000000e+00	9.754714385548919e+00
1.200000000000000e+00	9.692754061534437e+00
1.200000000000000e+00	9.584585793936917e+00
1.200000000000000e+00	9.518420278456798e+00
1.200000000000000e+00	9.567688670552032e+00
1.200000000000000e+00	9.653463481944726e+00
1.200000000000000e+00	9.660073944206131e+00
1.200000000000000e+00	9.424394586244976e+00
1.200000000000000e+00	9.581019258131569e+00
1.200000000000000e+00	9.478411047984395e+00
1.200000000000000e+00	9.616858319754375e+00
1.200000000000000e+00	9.684609934773693e+00
1.200000000000000e+00	9.553582501438363e+00
1.200000000000000e+00	9.461835401492737e+00
1.200000000000000e+00	9.721987696689650e+00
1.200000000000000e+00	9.868700431081757e+00
1.200000000000000e+00	9.545719643446878e+00
1.200000000000000e+00	9.601687980829102e+00
1.200000000000000e+00	9.598292226742629e+00
1.200000000000000e+00	9.684873520352802e+00
1.200000000000000e+00	9.563354434929181e+00
1.200000000000000e+00	9.687833785647467e+00
1.200000000000000e+00	9.712214090969313e+00
1.200000000000000e+00	9.584417123240023e+00
1.200000000000000e+00	9.581877013408780e+00
1.200000000000000e+00	9.573571171102799e+00
1.200000000000000e+00	9.638700430355730e+00
1.200000000000000e+00	9.790629117223904e+00
1.200000000000000e+00	9.441986636309581e+00
1.200000000000000e+00	9.553217366248532e+00
1.200000000000000e+00	9.646234766748808e+00
1.200000000000000e+00	9.836932367002966e+00
1.200000000000000e+00	9.617032998509888e+00
1.200000000000000e+00	9.837024930994392e+00
1.200000000000000e+00	9.778701076296128e+00
1.200000000000000e+00	9.664764554559033e+00
1.200000000000000e+00	9.727371767038125e+00
1.200000000000000e+00	9.359673962453504e+00
1.200000000000000e+00	9.495240369950146e+00
1.200000000000000e+00	9.732717227724638e+00
1.200000000000000e+00	9.590916935429792e+00
1.200000000000000e+00	9.665862823364199e+00
1.200000000000000e+00	9.605017780676860e+00
1.200000000000000e+00	9.574445844047592e+00
1.200000000000000e+00	9.852172756089459e+00
1.200000000000000e+00	9.687615365019752e+00
1.200000000000000e+00	9.633955822162294e+00
1.200000000000000e+00	9.639957654168779e+00
1.200000000000000e+00	9.698798373807609e+00
1.200000000000000e+00	9.737286478447954e+00
1.200000000000000e+00	9.478750044330441e+00
1.200000000000000e+00	9.623070534452092e+00
1.200000000000000e+00	9.376799425153120e+00
1.200000000000000e+00	9.727064056493248e+00
1.200000000000000e+00	9.652944224440979e+00
1.200000000000000e+00	9.512485033261100e+00
1.200000000000000e+00	9.501498851180690e+00
1.200000000000000e+00	9.601722514829433e+00
1.200000000000000e+00	9.480480887072519e+00
1.200000000000000e+00	9.710530472069458e+00
1.200000000000000e+00	9.588602077593370e+00
1.200000000000000e+00	9.808741713681021e+00
1.200000000000000e+00	9.787746884580557e+00
1.200000000000000e+00	9.662773749192016e+00
1.200000000000000e+00	9.661907700878167e+00
1.200000000000000e+00	9.492639130519358e+00
1.200000000000000e+00	9.764958483505261e+00
1.200000000000000e+00	9.502390529673745e+00
1.200000000000000e+00	9.565134749814694e+00
1.200000000000000e+00	9.582430885512712e+00
1.200000000000000e+00	9.589791388935494e+00
1.200000000000000e+00	9.498922357577264e+00
1.200000000000000e+00	9.628603866797786e+00
1.200000000000000e+00	9.593360626170107e+00
1.200000000000000e+00	9.550463130620859e+00
1.200000000000000e+00	9.468231043445854e+00
1.200000000000000e+00	9.667504988096457e+00
1.200000000000000e+00	9.557480051254291e+00
1.200000000000000e+00	9.552974196267495e+00
1.200000000000000e+00	9.696480773162291e+00
1.200000000000000e+00	9.695772190255866e+00
1.200000000000000e+00	9.677229892065700e+00
1.200000000000000e+00	9.710190535664028e+00
1.200000000000000e+00	9.460118087552722e+00
1.200000000000000e+00	9.702347980682363e+00
1.200000000000000e+00	9.658725452731154e+00
1.200000000000000e+00	9.643942816544307e+00
1.200000000000000e+00	9.498362610168016e+00
1.200000000000000e+00	9.665861910997792e+00
1.200000000000000e+00	9.693823734247575e+00
1.200000000000000e+00	9.731264174083604e+00
1.200000000000000e+00	9.764191121493219e+00
1.200000000000000e+00	9.502811405802468e+00
1.200000000000000e+00	9.536047882191955e+00
1.200000000000000e+00	9.675883018977173e+00
1.200000000000000e+00	9.601371285734880e+00
1.200000000000000e+00	9.682617148241240e+00
1.200000000000000e+00	9.706798814759036e+00
1.200000000000000e+00	9.572452926671570e+00
1.200000000000000e+00	9.610631657884518e+00
1.200000000000000e+00	9.734034033375353e+00
1.200000000000000e+00	9.637848249106767e+00
1.200000000000000e+00	9.594080331166937e+00
1.200000000000000e+00	9.613115506887004e+00
1.200000000000000e+00	9.618741228361760e+00
1.200000000000000e+00	9.504255870086165e+00
1.200000000000000e+00	9.470112267155203e+00
1.200000000000000e+00	9.483620711884194e+00
1.200000000000000e+00	9.753188860816106e+00
1.200000000000000e+00	9.554924466745710e+00
1.200000000000000e+00	9.646219784452754e+00
1.200000000000000e+00	9.518981085725832e+00
1.200000000000000e+00	9.585514486260458e+00
1.200000000000000e+00	9.540120371276306e+00
1.200000000000000e+00	9.566897062638436e+00
1.200000000000000e+00	9.611449678636630e+00
1.200000000000000e+00	9.651998455226355e+00
1.200000000000000e+00	9.490326529557487e+00
1.200000000000000e+00	9.811725029560174e+00
1.200000000000000e+00	9.796254688458916e+00
1.200000000000000e+00	9.666286614238587e+00
1.200000000000000e+00	9.562685292305009e+00
1.200000000000000e+00	9.685573429026423e+00
1.200000000000000e+00	9.682090457367391e+00
1.200000000000000e+00	9.500531379649274e+00
1.200000000000000e+00	9.658140046339796e+00
1.200000000000000e+00	9.721895652990799e+00
1.200000000000000e+00	9.684043733616040e+00
1.200000000000000e+00	9.724560009423691e+00
1.200000000000000e+00	9.576357260977000e+00
1.200000000000000e+00	9.544088054780762e+00
1.200000000000000e+00	9.537751346604288e+00
1.200000000000000e+00	9.663811724300187e+00
1.200000000000000e+00	9.680539255512961e+00
1.200000000000000e+00	9.681539651106593e+00
1.200000000000000e+00	9.564164908056739e+00
1.200000000000000e+00	9.531993494993657e+00
1.200000000000000e+00	9.652661874170732e+00
1.200000000000000e+00	9.769980668111149e+00
1.200000000000000e+00	9.589309952132417e+00
1.200000000000000e+00	9.408913322567082e+00
1.200000000000000e+00	9.804488448746415e+00
1.200000000000000e+00	9.589743831723094e+00
1.200000000000000e+00	9.729491472744481e+00
1.200000000000000e+00	9.665036682748447e+00
1.200000000000000e+00	9.576990351339898e+00
1.200000000000000e+00	9.603989067299953e+00
1.200000000000000e+00	9.510689376951845e+00
1.200000000000000e+00	9.670390716752360e+00
1.200000000000000e+00	9.575740328427848e+00
1.200000000000000e+00	9.719044252846654e+00
1.200000000000000e+00	9.738243690879955e+00
1.200000000000000e+00	9.602568718794195e+00
1.200000000000000e+00	9.733651825112819e+00
1.200000000000000e+00	9.690921169518964e+00
1.200000000000000e+00	9.715954145045593e+00
1.200000000000000e+00	9.331449228054783e+00
1.200000000000000e+00	9.542337214844952e+00
1.200000000000000e+00	9.706913497582052e+00
1.200000000000000e+00	9.657383359003060e+00
1.200000000000000e+00	9.601630256938854e+00
1.200000000000000e+00	9.572641254176919e+00
1.200000000000000e+00	9.482317816653520e+00
1.200000000000000e+00	9.678571690453493e+00
1.200000000000000e+00	9.678062959700121e+00
1.200000000000000e+00	9.588286530410201e+00
1.200000000000000e+00	9.604018223049671e+00
1.200000000000000e+00	9.667749277859670e+00
1.200000000000000e+00	9.816292860035169e+00
1.200000000000000e+00	9.691758381471489e+00
1.200000000000000e+00	9.541750169113518e+00
1.200000000000000e+00	9.575790054551836e+00
1.200000000000000e+00	9.641077355325951e+00
1.200000000000000e+00	9.552476902120940e+00
1.200000000000000e+00	9.678707573350481e+00
1.200000000000000e+00	9.676673979429658e+00
1.200000000000000e+00	9.619776386569640e+00
1.200000000000000e+00	9.442560988520160e+00
1.200000000000000e+00	9.644143622275125e+00
1.200000000000000e+00	9.566220135837257e+00
1.200000000000000e+00	9.664650278073413e+00
1.200000000000000e+00	9.521047710944920e+00
1.200000000000000e+00	9.553711535223488e+00
1.200000000000000e+00	9.554311298274403e+00
1.200000000000000e+00	9.660185398380877e+00
1.200000000000000e+00	9.549713323326813e+00
1.200000000000000e+00	9.535199892431248e+00
1.200000000000000e+00	9.541349117350041e+00
1.200000000000000e+00	9.610999058891666e+00
1.200000000000000e+00	9.885013988194927e+00
1.200000000000000e+00	9.682100229048650e+00
1.200000000000000e+00	9.630266473839391e+00
1.200000000000000e+00	9.632672932902121e+00
1.200000000000000e+00	9.596736975345808e+00
1.200000000000000e+00	9.649912951999342e+00
1.200000000000000e+00	9.523820762088569e+00
1.200000000000000e+00	9.668589459551953e+00
1.200000000000000e+00	9.617768407461577e+00
1.200000000000000e+00	9.693726280911395e+00
1.200000000000000e+00	9.756349294999927e+00
1.200000000000000e+00	9.702470944399646e+00
1.200000000000000e+00	9.675258978960755e+00
1.200000000000000e+00	9.519220958244256e+00
1.200000000000000e+00	9.604808353877843e+00
1.200000000000000e+00	9.625159170767088e+00
1.200000000000000e+00	9.712485650068881e+00
1.200000000000000e+00	9.596126632874974e+00
1.200000000000000e+00	9.706572586823583e+00
1.200000000000000e+00	9.856446317165769e+00
1.200000000000000e+00	9.565357412919598e+00
1.200000000000000e+00	9.599641173848299e+00
1.200000000000000e+00	9.649642638958182e+00
1.200000000000000e+00	9.549159101778592e+00
1.200000000000000e+00	9.634046426674988e+00
1.200000000000000e+00	9.308976776493477e+00
1.200000000000000e+00	9.687661552038378e+00
1.200000000000000e+00	9.674288972194027e+00
1.200000000000000e+00	9.663454064507336e+00
1.200000000000000e+00	9.533776683050103e+00
1.200000000000000e+00	9.391754721214063e+00
1.200000000000000e+00	9.625729397428039e+00
1.200000000000000e+00	9.523195881481605e+00
1.200000000000000e+00	9.584328229215293e+00
1.200000000000000e+00	9.562735417928367e+00
1.200000000000000e+00	9.633709597769903e+00
1.200000000000000e+00	9.411382129925366e+00
1.200000000000000e+00	9.494606536826797e+00
1.200000000000000e+00	9.492371880663265e+00
1.200000000000000e+00	9.619159700388266e+00
1.200000000000000e+00	9.659288844682770e+00
1.200000000000000e+00	9.790631582659048e+00
1.200000000000000e+00	9.579309049842973e+00
1.200000000000000e+00	9.786861223923410e+00
1.200000000000000e+00	9.647509250144246e+00
1.200000000000000e+00	9.715156899799393e+00
1.200000000000000e+00	9.766470661262440e+00
1.200000000000000e+00	9.562698738548992e+00
1.200000000000000e+00	9.657286643625808e+00
1.200000000000000e+00	9.547000871736159e+00
1.200000000000000e+00	9.479967849329622e+00
1.200000000000000e+00	9.692976883690012e+00
1.200000000000000e+00	9.592080493421054e+00
1.200000000000000e+00	9.694027431446795e+00
1.200000000000000e+00	9.784524745209747e+00
1.200000000000000e+00	9.643067576608178e+00
1.200000000000000e+00	9.632605209831063e+00
1.200000000000000e+00	9.670671733215769e+00
1.200000000000000e+00	9.487510855106951e+00
1.200000000000000e+00	9.590723107327602e+00
1.200000000000000e+00	9.551204364564526e+00
1.200000000000000e+00	9.562529819283013e+00
1.200000000000000e+00	9.537551236560427e+00
1.200000000000000e+00	9.499847293417586e+00
1.200000000000000e+00	9.595555274383919e+00
1.200000000000000e+00	9.754570783781991e+00
1.200000000000000e+00	9.677976003846174e+00
1.200000000000000e+00	9.697596542908844e+00
1.200000000000000e+00	9.538146079347143e+00
1.200000000000000e+00	9.524209698142011e+00
1.200000000000000e+00	9.447463814537542e+00
1.200000000000000e+00	9.624623141933192e+00
1.200000000000000e+00	9.663047246262799e+00
1.200000000000000e+00	9.572897583820081e+00
1.200000000000000e+00	9.511188609563050e+00
1.200000000000000e+00	9.497336474612890e+00
1.200000000000000e+00	9.539413373599368e+00
1.200000000000000e+00	9.639894771815948e+00
1.200000000000000e+00	9.550018001430452e+00
1.200000000000000e+00	9.815309529163841e+00
1.200000000000000e+00	9.508739790579369e+00
1.200000000000000e+00	9.522299202082710e+00
1.200000000000000e+00	9.773403811626608e+00
1.200000000000000e+00	9.620601574049241e+00
1.200000000000000e+00	9.707798433056666e+00
1.200000000000000e+00	9.645274525432843e+00
1.200000000000000e+00	9.704943532156793e+00
1.200000000000000e+00	9.698008324917105e+00
1.200000000000000e+00	9.529929967334546e+00
1.200000000000000e+00	9.783838577773952e+00
1.200000000000000e+00	9.683204664613173e+00
1.200000000000000e+00	9.583402793299218e+00
1.200000000000000e+00	9.508362503805726e+00
1.200000000000000e+00	9.367037969845288e+00
1.200000000000000e+00	9.536779160428386e+00
1.200000000000000e+00	9.720631046551601e+00
1.200000000000000e+00	9.707722996841113e+00
1.200000000000000e+00	9.736728229353261e+00
1.200000000000000e+00	9.646179395505735e+00
1.200000000000000e+00	9.541062384905672e+00
1.200000000000000e+00	9.507338720336922e+00
1.200000000000000e+00	9.626852870319794e+00
1.200000000000000e+00	9.605139688948732e+00
1.200000000000000e+00	9.539811706801895e+00
1.200000000000000e+00	9.559344470809545e+00
1.200000000000000e+00	9.534349101888580e+00
1.200000000000000e+00	9.510143895024997e+00
1.200000000000000e+00	9.629519795749335e+00
1.200000000000000e+00	9.557602618409000e+00
1.200000000000000e+00	9.812524364108242e+00
1.200000000000000e+00	9.614046390385155e+00
1.200000000000000e+00	9.430671017411109e+00
1.200000000000000e+00	9.635287699832013e+00
1.200000000000000e+00	9.592970352568486e+00
1.200000000000000e+00	9.647402522970030e+00
1.200000000000000e+00	9.667521576373279e+00
1.200000000000000e+00	9.765973654248715e+00
1.200000000000000e+00	9.665954704350439e+00
1.200000000000000e+00	9.692116237269207e+00
1.200000000000000e+00	9.561082993680992e+00
1.200000000000000e+00	9.544556302501435e+00
1.200000000000000e+00	9.561441477907668e+00
1.200000000000000e+00	9.602952501236452e+00
1.200000000000000e+00	9.519103734428880e+00
1.200000000000000e+00	9.510476418407348e+00
1.200000000000000e+00	9.488486100724725e+00
1.200000000000000e+00	9.752384282925640e+00
1.200000000000000e+00	9.550529221832946e+00
1.200000000000000e+00	9.565367560578002e+00
1.200000000000000e+00	9.586828726350745e+00
1.200000000000000e+00	9.727200345950596e+00
1.200000000000000e+00	9.684081983727891e+00
1.200000000000000e+00	9.732092751594717e+00
1.200000000000000e+00	9.669314324674257e+00
1.200000000000000e+00	9.725686523934202e+00
1.200000000000000e+00	9.659295144862927e+00
1.200000000000000e+00	9.539534890721857e+00
1.200000000000000e+00	9.545102906864697e+00
1.200000000000000e+00	9.820186814571022e+00
1.200000000000000e+00	9.645317449306656e+00
1.200000000000000e+00	9.680719518402352e+00
1.200000000000000e+00	9.627045456875807e+00
1.200000000000000e+00	9.819765037038117e+00
1.200000000000000e+00	9.760232820921573e+00
1.200000000000000e+00	9.647882533266213e+00
1.200000000000000e+00	9.493152801519980e+00
1.200000000000000e+00	9.572034276077753e+00
1.200000000000000e+00	9.821063125574803e+00
1.200000000000000e+00	9.410089210008781e+00
1.200000000000000e+00	9.642247888475238e+00
1.200000000000000e+00	9.538518002043334e+00
1.200000000000000e+00	9.605207583850159e+00
1.200000000000000e+00	9.503835994795111e+00
1.200000000000000e+00	9.631238808638585e+00
1.200000000000000e+00	9.843090870361406e+00
1.200000000000000e+00	9.558924644847513e+00
1.200000000000000e+00	9.382100567000158e+00
1.200000000000000e+00	9.472004147656431e+00
1.200000000000000e+00	9.502800456135333e+00
1.200000000000000e+00	9.626748818098914e+00
1.200000000000000e+00	9.813977486229696e+00
1.200000000000000e+00	9.671713890054942e+00
1.200000000000000e+00	9.737056894339315e+00
1.200000000000000e+00	9.674220375187828e+00
1.200000000000000e+00	9.519092218909957e+00
1.200000000000000e+00	9.737141009434453e+00
1.200000000000000e+00	9.876070741253088e+00
1.200000000000000e+00	9.718591061305764e+00
1.200000000000000e+00	9.658651848936488e+00
1.200000000000000e+00	9.535352456606565e+00
1.200000000000000e+00	9.559012514829879e+00
1.200000000000000e+00	9.541892725059279e+00
1.200000000000000e+00	9.551964928726585e+00
1.200000000000000e+00	9.584471951126520e+00
1.200000000000000e+00	9.683605003215540e+00
1.200000000000000e+00	9.488991534985903e+00
1.200000000000000e+00	9.526603866076030e+00
1.200000000000000e+00	9.650577822732766e+00
1.200000000000000e+00	9.649519495596181e+00
1.200000000000000e+00	9.750333568812655e+00
1.200000000000000e+00	9.793731470683614e+00
1.200000000000000e+00	9.665682495514218e+00
1.200000000000000e+00	9.582367675671147e+00
1.200000000000000e+00	9.574094520486732e+00
1.200000000000000e+00	9.688805793304766e+00
1.200000000000000e+00	9.689527143722291e+00
1.200000000000000e+00	9.527904549983898e+00
1.200000000000000e+00	9.507557547857484e+00
1.200000000000000e+00	9.717956029354964e+00
1.200000000000000e+00	9.524677149429326e+00
1.200000000000000e+00	9.529443874005374e+00
1.200000000000000e+00	9.667845330732881e+00
1.200000000000000e+00	9.700480961853977e+00
1.200000000000000e+00	9.488338933866968e+00
1.200000000000000e+00	9.777366542257621e+00
1.200000000000000e+00	9.652911566680396e+00
1.200000000000000e+00	9.572920988752518e+00
1.200000000000000e+00	9.614148024880009e+00
1.200000000000000e+00	9.641202331889554e+00
1.200000000000000e+00	9.635570806650065e+00
1.200000000000000e+00	9.665926495046783e+00
1.200000000000000e+00	9.722560732349097e+00
1.200000000000000e+00	9.404182959079078e+00
1.200000000000000e+00	9.718326575142338e+00
1.200000000000000e+00	9.467102952598321e+00
1.200000000000000e+00	9.642851022447974e+00
1.200000000000000e+00	9.563322401194347e+00
1.200000000000000e+00	9.564159511831789e+00
1.200000000000000e+00	9.479472854950640e+00
1.200000000000000e+00	9.737119851362849e+00
1.200000000000000e+00	9.717510906624716e+00
1.200000000000000e+00	9.683774952726260e+00
1.200000000000000e+00	9.640267808421061e+00
1.200000000000000e+00	9.645537825736861e+00
1.200000000000000e+00	9.560610206711839e+00
1.200000000000000e+00	9.690650484139056e+00
1.200000000000000e+00	9.663120284785156e+00
1.200000000000000e+00	9.686931421669675e+00
1.200000000000000e+00	9.617674002871263e+00
1.200000000000000e+00	9.770781257020777e+00
1.200000000000000e+00	9.640151908164228e+00
1.200000000000000e+00	9.516508258119762e+00
1.200000000000000e+00	9.552781756927017e+00
1.200000000000000e+00	9.525139665637843e+00
1.200000000000000e+00	9.768614008156913e+00
1.200000000000000e+00	9.723018251146691e+00
1.200000000000000e+00	9.634120026978065e+00
1.200000000000000e+00	9.590603492076374e+00
1.200000000000000e+00	9.603040361355697e+00
1.200000000000000e+00	9.414752430124654e+00
1.200000000000000e+00	9.618456336363648e+00
1.200000000000000e+00	9.635787755124095e+00
1.200000000000000e+00	9.663893021301181e+00
1.200000000000000e+00	9.566505271250264e+00
1.200000000000000e+00	9.645981431722095e+00
1.200000000000000e+00	9.698695321242017e+00
1.200000000000000e+00	9.621597578325634e+00
1.200000000000000e+00	9.578335469735524e+00
1.200000000000000e+00	9.799052054674512e+00
1.200000000000000e+00	9.748471541791989e+00
1.200000000000000e+00	9.726320329558824e+00
1.200000000000000e+00	9.543907812186189e+00
1.200000000000000e+00	9.565361442984873e+00
1.200000000000000e+00	9.687517046599430e+00
1.200000000000000e+00	9.551011252165027e+00
1.200000000000000e+00	9.669371725383240e+00
1.200000000000000e+00	9.866606515675191e+00
1.200000000000000e+00	9.719737412596416e+00
1.200000000000000e+00	9.528853610553677e+00
1.200000000000000e+00	9.752587120761470e+00
1.200000000000000e+00	9.426311672457366e+00
1.200000000000000e+00	9.529874119920958e+00
1.200000000000000e+00	9.456205163716470e+00
1.200000000000000e+00	9.465071683861954e+00
1.200000000000000e+00	9.813748675037925e+00
1.200000000000000e+00	9.698284993177012e+00
1.200000000000000e+00	9.525703756723653e+00
1.200000000000000e+00	9.636862618684386e+00
1.200000000000000e+00	9.819151822069060e+00
1.200000000000000e+00	9.560380959364810e+00
1.200000000000000e+00	9.814441524212386e+00
1.200000000000000e+00	9.472653352511209e+00
1.200000000000000e+00	9.673740879075371e+00
1.200000000000000e+00	9.657644366357214e+00
1.200000000000000e+00	9.646975258895932e+00
1.200000000000000e+00	9.698183653032686e+00
1.200000000000000e+00	9.814229199537609e+00
1.200000000000000e+00	9.607528405963389e+00
1.200000000000000e+00	9.657015000976047e+00
1.200000000000000e+00	9.630964810528157e+00
1.200000000000000e+00	9.582845428223484e+00
1.200000000000000e+00	9.796470511263827e+00
1.200000000000000e+00	9.600164158936945e+00
1.200000000000000e+00	9.861843603417260e+00
1.200000000000000e+00	9.683522962854468e+00
1.200000000000000e+00	9.669563302660237e+00
1.200000000000000e+00	9.577705429938462e+00
1.200000000000000e+00	9.643903646382629e+00
1.200000000000000e+00	9.561275154738393e+00
1.200000000000000e+00	9.438550239593757e+00
1.200000000000000e+00	9.748014147388126e+00
1.200000000000000e+00	9.547161480988635e+00
1.200000000000000e+00	9.624553435713509e+00
1.200000000000000e+00	9.747546995950783e+00
1.200000000000000e+00	9.526871734682976e+00
1.200000000000000e+00	9.629047990379325e+00
1.200000000000000e+00	9.522463786604202e+00
1.200000000000000e+00	9.561752304381358e+00
1.200000000000000e+00	9.536558105427833e+00
1.200000000000000e+00	9.567297020331191e+00
1.200000000000000e+00	9.477507460387967e+00
1.200000000000000e+00	9.798100687479517e+00
1.200000000000000e+00	9.711286088772214e+00
1.200000000000000e+00	9.923666378623956e+00
1.200000000000000e+00	9.708760157121851e+00
1.200000000000000e+00	9.821245298954857e+00
1.200000000000000e+00	9.546432917010234e+00
1.200000000000000e+00	9.523926952658305e+00
1.200000000000000e+00	9.497895486009970e+00
1.200000000000000e+00	9.596815519797797e+00
1.200000000000000e+00	9.548424566475703e+00
1.200000000000000e+00	9.560695830921880e+00
1.200000000000000e+00	9.546419711520404e+00
1.200000000000000e+00	9.589061891023455e+00
1.200000000000000e+00	9.594249677615544e+00
1.200000000000000e+00	9.694642064331795e+00
1.200000000000000e+00	9.542946128069646e+00
1.200000000000000e+00	9.345556935428217e+00
1.200000000000000e+00	9.496896083465655e+00
1.200000000000000e+00	9.697392499712180e+00
1.200000000000000e+00	9.815906392018107e+00
1.200000000000000e+00	9.634057738829686e+00
1.200000000000000e+00	9.678859298513608e+00
1.200000000000000e+00	9.534614246309353e+00
1.200000000000000e+00	9.633725959855230e+00
1.200000000000000e+00	9.583804006100076e+00
1.200000000000000e+00	9.703829826983839e+00
1.200000000000000e+00	9.685728941439683e+00
1.200000000000000e+00	9.540327399381683e+00
1.200000000000000e+00	9.558253140668041e+00
1.200000000000000e+00	9.576507397341793e+00
1.200000000000000e+00	9.784799651442876e+00
1.200000000000000e+00	9.643255060264687e+00
1.200000000000000e+00	9.699564598978220e+00
1.200000000000000e+00	9.753843979927206e+00
1.200000000000000e+00	9.710159280219894e+00
1.200000000000000e+00	9.601246152006738e+00
1.200000000000000e+00	9.721323725627917e+00
1.200000000000000e+00	9.601752737889992e+00
1.200000000000000e+00	9.509458840748836e+00
1.200000000000000e+00	9.737216104447015e+00
1.200000000000000e+00	9.650370276889515e+00
1.200000000000000e+00	9.621189285862833e+00
1.200000000000000e+00	9.626457488552536e+00
1.200000000000000e+00	9.672522217040701e+00
1.200000000000000e+00	9.567556827594638e+00
1.200000000000000e+00	9.307673557415868e+00
1.200000000000000e+00	9.775751749381271e+00
1.200000000000000e+00	9.528795066770899e+00
1.200000000000000e+00	9.505585183204524e+00
1.200000000000000e+00	9.673854968567223e+00
1.200000000000000e+00	9.557061467047545e+00
1.200000000000000e+00	9.666458196102155e+00
1.200000000000000e+00	9.559057779271253e+00
1.200000000000000e+00	9.474582508057003e+00
1.200000000000000e+00	9.770522607861293e+00
1.200000000000000e+00	9.584717935705486e+00
1.200000000000000e+00	9.801285497861103e+00
1.200000000000000e+00	9.679276140019986e+00
1.200000000000000e+00	9.596186788090067e+00
1.200000000000000e+00	9.690826965984963e+00
1.200000000000000e+00	9.696494117601269e+00
1.200000000000000e+00	9.642912494931680e+00
1.200000000000000e+00	9.461640721149294e+00
1.200000000000000e+00	9.531961638395158e+00
1.200000000000000e+00	9.476986302560004e+00
1.200000000000000e+00	9.498618575828090e+00
1.200000000000000e+00	9.425197346247254e+00
1.200000000000000e+00	9.571213826656766e+00
1.200000000000000e+00	9.591474067403382e+00
1.200000000000000e+00	9.672534450099917e+00
1.200000000000000e+00	9.736004842206945e+00
1.200000000000000e+00	9.666504558521842e+00
1.200000000000000e+00	9.601473337066578e+00
1.200000000000000e+00	9.620159409735829e+00
1.200000000000000e+00	9.706026252597388e+00
1.200000000000000e+00	9.728278265129326e+00
1.200000000000000e+00	9.572976384153911e+00
1.200000000000000e+00	9.596960146863909e+00
1.200000000000000e+00	9.591382407059946e+00
1.200000000000000e+00	9.593696394237909e+00
1.200000000000000e+00	9.598821027364925e+00
1.200000000000000e+00	9.541082992536921e+00
1.200000000000000e+00	9.562913377774219e+00
1.200000000000000e+00	9.550619457492374e+00
1.200000000000000e+00	9.523507409781793e+00
1.200000000000000e+00	9.480874265557535e+00
1.200000000000000e+00	9.611591599227111e+00
1.200000000000000e+00	9.639749787725858e+00
1.200000000000000e+00	9.578510312919819e+00
1.200000000000000e+00	9.790053823081223e+00
1.200000000000000e+00	9.640035816952510e+00
1.200000000000000e+00	9.713281263702189e+00
1.200000000000000e+00	9.521259195488458e+00
1.200000000000000e+00	9.710018461826087e+00
1.200000000000000e+00	9.673361214731283e+00
1.200000000000000e+00	9.347890869924701e+00
1.200000000000000e+00	9.621405158814436e+00
1.200000000000000e+00	9.512463443286343e+00
1.200000000000000e+00	9.521388608464704e+00
1.200000000000000e+00	9.615461801691506e+00
1.200000000000000e+00	9.635593247045225e+00
1.200000000000000e+00	9.755264081136954e+00
1.200000000000000e+00	9.600751104638103e+00
1.200000000000000e+00	9.767949888376954e+00
1.200000000000000e+00	9.721328045888715e+00
1.200000000000000e+00	9.751665493815709e+00
1.200000000000000e+00	9.767258868602509e+00
1.200000000000000e+00	9.596066009314683e+00
1.200000000000000e+00	9.521560144238396e+00
1.200000000000000e+00	9.555083911031016e+00
1.200000000000000e+00	9.439976100805483e+00
1.200000000000000e+00	9.643496987806158e+00
1.200000000000000e+00	9.596019609117597e+00
1.200000000000000e+00	9.533307190055323e+00
1.200000000000000e+00	9.890513582261205e+00
1.200000000000000e+00	9.704622897604271e+00
1.200000000000000e+00	9.697048643429161e+00
1.200000000000000e+00	9.657546238955049e+00
1.200000000000000e+00	9.707261305004462e+00
1.200000000000000e+00	9.668633307768685e+00
1.200000000000000e+00	9.509100105140202e+00
1.200000000000000e+00	9.639737673502912e+00
1.200000000000000e+00	9.706573934833280e+00
1.200000000000000e+00	9.680929466699871e+00
1.200000000000000e+00	9.595352926186731e+00
1.200000000000000e+00	9.677239656200999e+00
1.200000000000000e+00	9.457721221877778e+00
1.200000000000000e+00	9.554642091950008e+00
1.200000000000000e+00	9.816230222346933e+00
1.200000000000000e+00	9.686024415450680e+00
1.200000000000000e+00	9.638403566103911e+00
1.200000000000000e+00	9.592739012117756e+00
1.200000000000000e+00	9.861987168487794e+00
1.200000000000000e+00	9.435317272511895e+00
1.200000000000000e+00	9.704125881222545e+00
1.200000000000000e+00	9.486885556324106e+00
1.200000000000000e+00	9.609645326813695e+00
1.200000000000000e+00	9.608063352492621e+00
1.200000000000000e+00	9.587897702476329e+00
1.200000000000000e+00	9.760613864045347e+00
1.200000000000000e+00	9.657350532919985e+00
1.200000000000000e+00	9.760482689905226e+00
1.200000000000000e+00	9.677429160629206e+00
1.200000000000000e+00	9.497409332162153e+00
1.200000000000000e+00	9.531510415310143e+00
1.200000000000000e+00	9.617874936612518e+00
1.200000000000000e+00	9.535882725346173e+00
1.200000000000000e+00	9.567481943535835e+00
1.200000000000000e+00	9.556489112427879e+00
1.200000000000000e+00	9.474272232507111e+00
1.200000000000000e+00	9.596211409557373e+00
1.200000000000000e+00	9.691266277189735e+00
1.200000000000000e+00	9.595609353569035e+00
1.200000000000000e+00	9.693274144793602e+00
1.200000000000000e+00	9.556415161204420e+00
1.200000000000000e+00	9.431973235248483e+00
1.200000000000000e+00	9.465481884699445e+00
1.200000000000000e+00	9.437836324793031e+00
1.200000000000000e+00	9.580998807538176e+00
1.200000000000000e+00	9.679038318525020e+00
1.200000000000000e+00	9.693659835360300e+00
1.200000000000000e+00	9.588193147643583e+00
1.200000000000000e+00	9.659868029397895e+00
1.200000000000000e+00	9.534506867857484e+00
