2.650000000000000e+00	4.636295104349879e+00
2.650000000000000e+00	4.732082544072844e+00
2.650000000000000e+00	4.758268725906758e+00
2.650000000000000e+00	4.713273904187112e+00
2.650000000000000e+00	4.812323335688826e+00
2.650000000000000e+00	4.821319870762931e+00
2.650000000000000e+00	4.754650432577126e+00
2.650000000000000e+00	4.764942236268719e+00
2.650000000000000e+00	4.781501098222906e+00
2.650000000000000e+00	4.746865458167073e+00
2.650000000000000e+00	4.808980157625742e+00
2.650000000000000e+00	4.841302252476023e+00
2.650000000000000e+00	4.788222416893387e+00
2.650000000000000e+00	4.757901967197774e+00
2.650000000000000e+00	4.797267198493590e+00
2.650000000000000e+00	4.830905110938216e+00
2.650000000000000e+00	4.672085037665735e+00
2.650000000000000e+00	4.831335260160220e+00
2.650000000000000e+00	4.779183727483176e+00
2.650000000000000e+00	4.642282275665043e+00
2.650000000000000e+00	4.740581733388391e+00
2.650000000000000e+00	4.694565564563005e+00
2.650000000000000e+00	4.817710419464642e+00
2.650000000000000e+00	4.657743456290758e+00
2.650000000000000e+00	4.768286465318033e+00
2.650000000000000e+00	4.645254646526171e+00
2.650000000000000e+00	4.810061990438334e+00
2.650000000000000e+00	4.694847112520423e+00
2.650000000000000e+00	4.708048627901231e+00
2.650000000000000e+00	4.806535792790200e+00
2.650000000000000e+00	4.797166309626443e+00
2.650000000000000e+00	4.677866735694234e+00
2.650000000000000e+00	4.746788972055227e+00
2.650000000000000e+00	4.707566713251150e+00
2.650000000000000e+00	4.685920639816670e+00
2.650000000000000e+00	4.712016536668944e+00
2.650000000000000e+00	4.843895298539008e+00
2.650000000000000e+00	4.659007695014495e+00
2.650000000000000e+00	4.905226725285647e+00
2.650000000000000e+00	4.780457577840451e+00
2.650000000000000e+00	4.765929735329507e+00
2.650000000000000e+00	4.822141336646911e+00
2.650000000000000e+00	4.737183164795252e+00
2.650000000000000e+00	4.756257678697699e+00
2.650000000000000e+00	4.761946577648902e+00
2.650000000000000e+00	4.783470165996100e+00
2.650000000000000e+00	4.974971123228337e+00
2.650000000000000e+00	4.737965546077539e+00
2.650000000000000e+00	4.681808151682781e+00
2.650000000000000e+00	4.774720715926758e+00
2.650000000000000e+00	4.718933028398187e+00
2.650000000000000e+00	4.742358160793760e+00
2.650000000000000e+00	4.810077403739783e+00
2.650000000000000e+00	4.639343456859295e+00
2.650000000000000e+00	4.608357034633134e+00
2.650000000000000e+00	4.699919226436391e+00
2.650000000000000e+00	4.858985483110770e+00
2.650000000000000e+00	4.682935589427147e+00
2.650000000000000e+00	4.765236809742234e+00
2.650000000000000e+00	4.597437371819611e+00
2.650000000000000e+00	4.682736223223625e+00
2.650000000000000e+00	4.697801250951814e+00
2.650000000000000e+00	4.800535471323288e+00
2.650000000000000e+00	4.815389589022638e+00
2.650000000000000e+00	4.673981792036985e+00
2.650000000000000e+00	4.806004290917247e+00
2.650000000000000e+00	4.691515957634445e+00
2.650000000000000e+00	4.724410624586527e+00
2.650000000000000e+00	4.638366130765306e+00
2.650000000000000e+00	4.821884131140287e+00
2.650000000000000e+00	4.661939314694804e+00
2.650000000000000e+00	4.736264446164965e+00
2.650000000000000e+00	4.663120127429771e+00
2.650000000000000e+00	4.727492360342858e+00
2.650000000000000e+00	4.698402209439499e+00
2.650000000000000e+00	4.654906697100714e+00
2.650000000000000e+00	4.796749409173872e+00
2.650000000000000e+00	4.747901772456653e+00
2.650000000000000e+00	4.850354984173601e+00
2.650000000000000e+00	4.718119091929163e+00
2.650000000000000e+00	4.783702098836045e+00
2.650000000000000e+00	4.823279220255379e+00
2.650000000000000e+00	4.792475531902790e+00
2.650000000000000e+00	4.820934957650022e+00
2.650000000000000e+00	4.744753787060347e+00
2.650000000000000e+00	4.776542193746591e+00
2.650000000000000e+00	4.753799296331459e+00
2.650000000000000e+00	4.778116786433572e+00
2.650000000000000e+00	4.807631024485662e+00
2.650000000000000e+00	4.684000230239260e+00
2.650000000000000e+00	4.847243173161501e+00
2.650000000000000e+00	4.755471390926948e+00
2.650000000000000e+00	4.719051714068114e+00
2.650000000000000e+00	4.712839613579793e+00
2.650000000000000e+00	4.881630538093788e+00
2.650000000000000e+00	4.744487955526011e+00
2.650000000000000e+00	4.749216845852811e+00
2.650000000000000e+00	4.771951390194401e+00
2.650000000000000e+00	4.846849754498572e+00
2.650000000000000e+00	4.706675125357751e+00
2.650000000000000e+00	4.717614028105018e+00
2.650000000000000e+00	4.789823447948636e+00
2.650000000000000e+00	4.731155819731566e+00
2.650000000000000e+00	4.801895905134129e+00
2.650000000000000e+00	4.791168496661898e+00
2.650000000000000e+00	4.944840392179064e+00
2.650000000000000e+00	4.765788001370190e+00
2.650000000000000e+00	4.811514982275290e+00
2.650000000000000e+00	4.766901023949732e+00
2.650000000000000e+00	4.852492986900005e+00
2.650000000000000e+00	4.713513433098930e+00
2.650000000000000e+00	4.760474399985838e+00
2.650000000000000e+00	4.840912621343207e+00
2.650000000000000e+00	4.819737777731173e+00
2.650000000000000e+00	4.802009034589827e+00
2.650000000000000e+00	4.809614347333037e+00
2.650000000000000e+00	4.896541488204604e+00
2.650000000000000e+00	4.665040980082718e+00
2.650000000000000e+00	4.668223504014684e+00
2.650000000000000e+00	4.802911788336345e+00
2.650000000000000e+00	4.694056305526352e+00
2.650000000000000e+00	4.730380680706759e+00
2.650000000000000e+00	4.782982901150456e+00
2.650000000000000e+00	4.752470796350102e+00
2.650000000000000e+00	4.757585113091230e+00
2.650000000000000e+00	4.727896806616414e+00
2.650000000000000e+00	4.776947906438459e+00
2.650000000000000e+00	4.789624536808381e+00
2.650000000000000e+00	4.720245475104162e+00
2.650000000000000e+00	4.767013767976389e+00
2.650000000000000e+00	4.821134935684357e+00
2.650000000000000e+00	4.778187596723410e+00
2.650000000000000e+00	4.731729618977052e+00
2.650000000000000e+00	4.790961568240384e+00
2.650000000000000e+00	4.770339028138322e+00
2.650000000000000e+00	4.745417260399292e+00
2.650000000000000e+00	4.770759576532585e+00
2.650000000000000e+00	4.698083724364523e+00
2.650000000000000e+00	4.780808456520062e+00
2.650000000000000e+00	4.732279602878498e+00
2.650000000000000e+00	4.738641157718748e+00
2.650000000000000e+00	4.695854754139379e+00
2.650000000000000e+00	4.584926720997426e+00
2.650000000000000e+00	4.754922020935752e+00
2.650000000000000e+00	4.743062480431384e+00
2.650000000000000e+00	4.690849523138819e+00
2.650000000000000e+00	4.819998595243600e+00
2.650000000000000e+00	4.754839604056358e+00
2.650000000000000e+00	4.909531372767557e+00
2.650000000000000e+00	4.809827077920142e+00
2.650000000000000e+00	4.651190811522335e+00
2.650000000000000e+00	4.693154501973432e+00
2.650000000000000e+00	4.844252980169494e+00
2.650000000000000e+00	4.736158885700751e+00
2.650000000000000e+00	4.725501706541491e+00
2.650000000000000e+00	4.756424966276767e+00
2.650000000000000e+00	4.866029580465504e+00
2.650000000000000e+00	4.719171860776287e+00
2.650000000000000e+00	4.860363106949073e+00
2.650000000000000e+00	4.752099188173800e+00
2.650000000000000e+00	4.798708997624653e+00
2.650000000000000e+00	4.668659801757691e+00
2.650000000000000e+00	4.764319426849129e+00
2.650000000000000e+00	4.705219586658626e+00
2.650000000000000e+00	4.713962716653642e+00
2.650000000000000e+00	4.776050837384032e+00
2.650000000000000e+00	4.771116650372537e+00
2.650000000000000e+00	4.942698895732677e+00
2.650000000000000e+00	4.668395908839605e+00
2.650000000000000e+00	4.682483627913184e+00
2.650000000000000e+00	4.776722884949901e+00
2.650000000000000e+00	4.828428087643585e+00
2.650000000000000e+00	4.753903292809661e+00
2.650000000000000e+00	4.852031830862623e+00
2.650000000000000e+00	4.769246354188823e+00
2.650000000000000e+00	4.691311702436404e+00
2.650000000000000e+00	4.871653269026686e+00
2.650000000000000e+00	4.746698520707360e+00
2.650000000000000e+00	4.753973568458232e+00
2.650000000000000e+00	4.831165131415208e+00
2.650000000000000e+00	4.729554331497661e+00
2.650000000000000e+00	4.685787500276852e+00
2.650000000000000e+00	4.757168138362776e+00
2.650000000000000e+00	4.704030326866068e+00
2.650000000000000e+00	4.681411621457512e+00
2.650000000000000e+00	4.846057242276538e+00
2.650000000000000e+00	4.638846592139419e+00
2.650000000000000e+00	4.688296473771216e+00
2.650000000000000e+00	4.670416287431029e+00
2.650000000000000e+00	4.745438266541903e+00
2.650000000000000e+00	4.798579846329078e+00
2.650000000000000e+00	4.736766469444403e+00
2.650000000000000e+00	4.718978555659284e+00
2.650000000000000e+00	4.644493566406162e+00
2.650000000000000e+00	4.715003086241397e+00
2.650000000000000e+00	4.695418295236776e+00
2.650000000000000e+00	4.717102506353282e+00
2.650000000000000e+00	4.728399436202648e+00
2.650000000000000e+00	4.888314057328001e+00
2.650000000000000e+00	4.689068137633106e+00
2.650000000000000e+00	4.762840693911253e+00
2.650000000000000e+00	4.753796390524233e+00
2.650000000000000e+00	4.732424463880161e+00
2.650000000000000e+00	4.829001298382781e+00
2.650000000000000e+00	4.739506132696936e+00
2.650000000000000e+00	4.675855773847236e+00
2.650000000000000e+00	4.770112568523068e+00
2.650000000000000e+00	4.768941225636000e+00
2.650000000000000e+00	4.740436428057299e+00
2.650000000000000e+00	4.845831209423175e+00
2.650000000000000e+00	4.808651363188032e+00
2.650000000000000e+00	4.848534330702909e+00
2.650000000000000e+00	4.747371697135605e+00
2.650000000000000e+00	4.790042852684335e+00
2.650000000000000e+00	4.709756658830646e+00
2.650000000000000e+00	4.768080460936046e+00
2.650000000000000e+00	4.629182157245746e+00
2.650000000000000e+00	4.688026493973362e+00
2.650000000000000e+00	4.736962459775702e+00
2.650000000000000e+00	4.754380238886577e+00
2.650000000000000e+00	4.794351576144670e+00
2.650000000000000e+00	4.729063619644653e+00
2.650000000000000e+00	4.782768048216898e+00
2.650000000000000e+00	4.639235286209054e+00
2.650000000000000e+00	4.889186445738653e+00
2.650000000000000e+00	4.705696889492804e+00
2.650000000000000e+00	4.733218635812753e+00
2.650000000000000e+00	4.803407722097076e+00
2.650000000000000e+00	4.753974047179845e+00
2.650000000000000e+00	4.692823202166640e+00
2.650000000000000e+00	4.754918613594891e+00
2.650000000000000e+00	4.831622243680034e+00
2.650000000000000e+00	4.809238899090007e+00
2.650000000000000e+00	4.695707266541209e+00
2.650000000000000e+00	4.720306665629490e+00
2.650000000000000e+00	4.669418957246238e+00
2.650000000000000e+00	4.601991030401226e+00
2.650000000000000e+00	4.753128868109287e+00
2.650000000000000e+00	4.659610031116916e+00
2.650000000000000e+00	4.688103373989468e+00
2.650000000000000e+00	4.750937106371212e+00
2.650000000000000e+00	4.757229003518747e+00
2.650000000000000e+00	4.772382947111701e+00
2.650000000000000e+00	4.703112930724288e+00
2.650000000000000e+00	4.758218269747654e+00
2.650000000000000e+00	4.835348785494401e+00
2.650000000000000e+00	4.720674383592821e+00
2.650000000000000e+00	4.643922367864064e+00
2.650000000000000e+00	4.771268172874728e+00
2.650000000000000e+00	4.689698307036151e+00
2.650000000000000e+00	4.848515398516222e+00
2.650000000000000e+00	4.720929456231882e+00
2.650000000000000e+00	4.834282527731505e+00
2.650000000000000e+00	4.799518977167692e+00
2.650000000000000e+00	4.709342056686832e+00
2.650000000000000e+00	4.738372252143200e+00
2.650000000000000e+00	4.655335092944719e+00
2.650000000000000e+00	4.757174630539520e+00
2.650000000000000e+00	4.824824436465002e+00
2.650000000000000e+00	4.691898205309347e+00
2.650000000000000e+00	4.869575030319027e+00
2.650000000000000e+00	4.777550480667810e+00
2.650000000000000e+00	4.685509303929971e+00
2.650000000000000e+00	4.691033150822618e+00
2.650000000000000e+00	4.801537721459480e+00
2.650000000000000e+00	4.771191236953644e+00
2.650000000000000e+00	4.765418398823273e+00
2.650000000000000e+00	4.846764811262698e+00
2.650000000000000e+00	4.764227927652555e+00
2.650000000000000e+00	4.798813011958836e+00
2.650000000000000e+00	4.691515539782905e+00
2.650000000000000e+00	4.702290631407742e+00
2.650000000000000e+00	4.671676311616226e+00
2.650000000000000e+00	4.737364475696053e+00
2.650000000000000e+00	4.669952604459590e+00
2.650000000000000e+00	4.773484308304722e+00
2.650000000000000e+00	4.689264934425742e+00
2.650000000000000e+00	4.743112672900077e+00
2.650000000000000e+00	4.674284660006211e+00
2.650000000000000e+00	4.752185968074283e+00
2.650000000000000e+00	4.833400452133117e+00
2.650000000000000e+00	4.807538468943831e+00
2.650000000000000e+00	4.733745194693878e+00
2.650000000000000e+00	4.819686515175081e+00
2.650000000000000e+00	4.850264699020807e+00
2.650000000000000e+00	4.757325009564259e+00
2.650000000000000e+00	4.774013604883006e+00
2.650000000000000e+00	4.805771377307898e+00
2.650000000000000e+00	4.835751927839479e+00
2.650000000000000e+00	4.893629316075338e+00
2.650000000000000e+00	4.584143970024837e+00
2.650000000000000e+00	4.779278060034601e+00
2.650000000000000e+00	4.897559707058120e+00
2.650000000000000e+00	4.667237533053078e+00
2.650000000000000e+00	4.706521380372670e+00
2.650000000000000e+00	4.714210753472571e+00
2.650000000000000e+00	4.667824848049626e+00
2.650000000000000e+00	4.751430735919875e+00
2.650000000000000e+00	4.938009787535061e+00
2.650000000000000e+00	4.817170415456014e+00
2.650000000000000e+00	4.678119285564151e+00
2.650000000000000e+00	4.792887482041474e+00
2.650000000000000e+00	4.797872328496831e+00
2.650000000000000e+00	4.631538399734816e+00
2.650000000000000e+00	4.805490595564200e+00
2.650000000000000e+00	4.762145165458161e+00
2.650000000000000e+00	4.807828691240037e+00
2.650000000000000e+00	4.858049073928330e+00
2.650000000000000e+00	4.871379773938639e+00
2.650000000000000e+00	4.804376544198740e+00
2.650000000000000e+00	4.731677758297659e+00
2.650000000000000e+00	4.880654485941424e+00
2.650000000000000e+00	4.796341322199480e+00
2.650000000000000e+00	4.728597205127872e+00
2.650000000000000e+00	4.762073057113438e+00
2.650000000000000e+00	4.675468794856103e+00
2.650000000000000e+00	4.759153535780429e+00
2.650000000000000e+00	4.678581707142257e+00
2.650000000000000e+00	4.708882898510616e+00
2.650000000000000e+00	4.688235232833611e+00
2.650000000000000e+00	4.767991464221588e+00
2.650000000000000e+00	4.753315661255914e+00
2.650000000000000e+00	4.765531068748606e+00
2.650000000000000e+00	4.779688323279522e+00
2.650000000000000e+00	4.730394382464110e+00
2.650000000000000e+00	4.796576742734921e+00
2.650000000000000e+00	4.747091071163463e+00
2.650000000000000e+00	4.757651022468241e+00
2.650000000000000e+00	4.709509665783230e+00
2.650000000000000e+00	4.902410556249539e+00
2.650000000000000e+00	4.832579212016491e+00
2.650000000000000e+00	4.710177251343094e+00
2.650000000000000e+00	4.770348087630159e+00
2.650000000000000e+00	4.839141081302264e+00
2.650000000000000e+00	4.788479615333284e+00
2.650000000000000e+00	4.871221301748251e+00
2.650000000000000e+00	4.812801618179114e+00
2.650000000000000e+00	4.723730239943808e+00
2.650000000000000e+00	4.792507736906657e+00
2.650000000000000e+00	4.842341181675051e+00
2.650000000000000e+00	4.754175348044917e+00
2.650000000000000e+00	4.706922645695606e+00
2.650000000000000e+00	4.862363236821350e+00
2.650000000000000e+00	4.784419319124225e+00
2.650000000000000e+00	4.767523857967360e+00
2.650000000000000e+00	4.585979529722122e+00
2.650000000000000e+00	4.939059612582751e+00
2.650000000000000e+00	4.754119223514770e+00
2.650000000000000e+00	4.650960190518016e+00
2.650000000000000e+00	4.745883773937663e+00
2.650000000000000e+00	4.725475343844193e+00
2.650000000000000e+00	4.726139424733649e+00
2.650000000000000e+00	4.736359098762192e+00
2.650000000000000e+00	4.623665500975207e+00
2.650000000000000e+00	4.704476981935528e+00
2.650000000000000e+00	4.684659055599656e+00
2.650000000000000e+00	4.820651760554950e+00
2.650000000000000e+00	4.727384552867283e+00
2.650000000000000e+00	4.698899057640586e+00
2.650000000000000e+00	4.657773940422622e+00
2.650000000000000e+00	4.749211737659168e+00
2.650000000000000e+00	4.736539233469503e+00
2.650000000000000e+00	4.634058515080223e+00
2.650000000000000e+00	4.728869708858032e+00
2.650000000000000e+00	4.746611794518700e+00
2.650000000000000e+00	4.786588329518598e+00
2.650000000000000e+00	4.678132201862591e+00
2.650000000000000e+00	4.738544670378375e+00
2.650000000000000e+00	4.730987080727320e+00
2.650000000000000e+00	4.676693660913159e+00
2.650000000000000e+00	4.705608237241607e+00
2.650000000000000e+00	4.907255619701652e+00
2.650000000000000e+00	4.791567815435291e+00
2.650000000000000e+00	4.732541583067163e+00
2.650000000000000e+00	4.722151242253199e+00
2.650000000000000e+00	4.666001343577639e+00
2.650000000000000e+00	4.835247118787457e+00
2.650000000000000e+00	4.731719362708598e+00
2.650000000000000e+00	4.852911139456721e+00
2.650000000000000e+00	4.872247047207979e+00
2.650000000000000e+00	4.729412341064137e+00
2.650000000000000e+00	4.747765030232042e+00
2.650000000000000e+00	4.542833643587372e+00
2.650000000000000e+00	4.711352013344576e+00
2.650000000000000e+00	4.668311885041739e+00
2.650000000000000e+00	4.656733558205860e+00
2.650000000000000e+00	4.811781401454069e+00
2.650000000000000e+00	4.718092751588419e+00
2.650000000000000e+00	4.794233372977006e+00
2.650000000000000e+00	4.791434238990826e+00
2.650000000000000e+00	4.642245120447670e+00
2.650000000000000e+00	4.804787948667002e+00
2.650000000000000e+00	4.692475923057415e+00
2.650000000000000e+00	4.779996723445591e+00
2.650000000000000e+00	4.695946233561394e+00
2.650000000000000e+00	4.858885186720642e+00
2.650000000000000e+00	4.712401453334377e+00
2.650000000000000e+00	4.644407791120628e+00
2.650000000000000e+00	4.693966489250236e+00
2.650000000000000e+00	4.752935498729622e+00
2.650000000000000e+00	4.775050632447391e+00
2.650000000000000e+00	5.042065845527127e+00
2.650000000000000e+00	4.689052103938580e+00
2.650000000000000e+00	4.607005646934669e+00
2.650000000000000e+00	4.665298831792610e+00
2.650000000000000e+00	4.602671109799738e+00
2.650000000000000e+00	4.675834058508339e+00
2.650000000000000e+00	4.776619687329831e+00
2.650000000000000e+00	4.753116981267153e+00
2.650000000000000e+00	4.792705425857600e+00
2.650000000000000e+00	4.740702308769885e+00
2.650000000000000e+00	4.610000931894281e+00
2.650000000000000e+00	4.816033846999676e+00
2.650000000000000e+00	4.810665669241178e+00
2.650000000000000e+00	4.773767099363733e+00
2.650000000000000e+00	4.532809410221786e+00
2.650000000000000e+00	4.922342888791084e+00
2.650000000000000e+00	4.817546780881806e+00
2.650000000000000e+00	4.748585471888019e+00
2.650000000000000e+00	4.649497911411943e+00
2.650000000000000e+00	4.714795102167873e+00
2.650000000000000e+00	4.754718549398500e+00
2.650000000000000e+00	4.787167170529692e+00
2.650000000000000e+00	4.797076658375534e+00
2.650000000000000e+00	4.859544698435069e+00
2.650000000000000e+00	4.751273173766146e+00
2.650000000000000e+00	4.828216464788771e+00
2.650000000000000e+00	4.814963733643829e+00
2.650000000000000e+00	4.798021233846988e+00
2.650000000000000e+00	4.747511635925955e+00
2.650000000000000e+00	4.724988312251897e+00
2.650000000000000e+00	4.696346772307184e+00
2.650000000000000e+00	4.700095182794845e+00
2.650000000000000e+00	4.655064454757346e+00
2.650000000000000e+00	4.751231304022113e+00
2.650000000000000e+00	4.771893540523747e+00
2.650000000000000e+00	4.726687686132786e+00
2.650000000000000e+00	4.819171895655999e+00
2.650000000000000e+00	4.745713169695089e+00
2.650000000000000e+00	4.769119412756400e+00
2.650000000000000e+00	4.744608733218579e+00
2.650000000000000e+00	4.776143097706031e+00
2.650000000000000e+00	4.729397617509450e+00
2.650000000000000e+00	4.731741481344802e+00
2.650000000000000e+00	4.728815335411364e+00
2.650000000000000e+00	4.856992879929691e+00
2.650000000000000e+00	4.762457533107733e+00
2.650000000000000e+00	4.681875984714583e+00
2.650000000000000e+00	4.740413024905751e+00
2.650000000000000e+00	4.687715235123004e+00
2.650000000000000e+00	4.745026634818299e+00
2.650000000000000e+00	4.757230213635051e+00
2.650000000000000e+00	4.756503202585261e+00
2.650000000000000e+00	4.826587013119604e+00
2.650000000000000e+00	4.771132122717910e+00
2.650000000000000e+00	4.687569499662692e+00
2.650000000000000e+00	4.709938653334868e+00
2.650000000000000e+00	4.778729362891762e+00
2.650000000000000e+00	4.783682599116164e+00
2.650000000000000e+00	4.672297644324125e+00
2.650000000000000e+00	4.707278948577811e+00
2.650000000000000e+00	4.892799728344114e+00
2.650000000000000e+00	4.751257699455644e+00
2.650000000000000e+00	4.787561067536156e+00
2.650000000000000e+00	4.818284726527322e+00
2.650000000000000e+00	4.739969750097860e+00
2.650000000000000e+00	4.804278954965028e+00
2.650000000000000e+00	4.711560235559834e+00
2.650000000000000e+00	4.800395121393942e+00
2.650000000000000e+00	4.634575122637115e+00
2.650000000000000e+00	4.750370315298417e+00
2.650000000000000e+00	4.927829630323763e+00
2.650000000000000e+00	4.817247647792021e+00
2.650000000000000e+00	4.714418880360376e+00
2.650000000000000e+00	4.830709566627943e+00
2.650000000000000e+00	4.722295256680629e+00
2.650000000000000e+00	4.652910991254720e+00
2.650000000000000e+00	4.805328042772011e+00
2.650000000000000e+00	4.695666523262137e+00
2.650000000000000e+00	4.749056097844573e+00
2.650000000000000e+00	4.701117335576132e+00
2.650000000000000e+00	4.758622432406995e+00
2.650000000000000e+00	4.817326259713056e+00
2.650000000000000e+00	4.720238614333078e+00
2.650000000000000e+00	4.733328774581157e+00
2.650000000000000e+00	4.834729793925307e+00
2.650000000000000e+00	4.773129500933222e+00
2.650000000000000e+00	4.855560336309402e+00
2.650000000000000e+00	4.929669236854807e+00
2.650000000000000e+00	4.756753767496881e+00
2.650000000000000e+00	4.611930309623888e+00
2.650000000000000e+00	4.705030500805083e+00
2.650000000000000e+00	4.792794626355824e+00
2.650000000000000e+00	4.767959463412369e+00
2.650000000000000e+00	4.759070151712177e+00
2.650000000000000e+00	4.596697262926188e+00
2.650000000000000e+00	4.771215244919208e+00
2.650000000000000e+00	4.753973259704023e+00
2.650000000000000e+00	4.722769726072753e+00
2.650000000000000e+00	4.596098168161406e+00
2.650000000000000e+00	4.639945106854375e+00
2.650000000000000e+00	4.762709854052868e+00
2.650000000000000e+00	4.765980584309851e+00
2.650000000000000e+00	4.804407250372792e+00
2.650000000000000e+00	4.756545637002667e+00
2.650000000000000e+00	4.726266535397614e+00
2.650000000000000e+00	4.798518823058410e+00
2.650000000000000e+00	4.735919983748182e+00
2.650000000000000e+00	4.729853382602879e+00
2.650000000000000e+00	4.762535578291436e+00
2.650000000000000e+00	4.755045297214605e+00
2.650000000000000e+00	4.794735396720514e+00
2.650000000000000e+00	4.828333274156546e+00
2.650000000000000e+00	4.581408507743054e+00
2.650000000000000e+00	4.744853075569408e+00
2.650000000000000e+00	4.605300810740117e+00
2.650000000000000e+00	4.756592195864895e+00
2.650000000000000e+00	4.837195628518627e+00
2.650000000000000e+00	4.607322584345440e+00
2.650000000000000e+00	4.762637002056058e+00
2.650000000000000e+00	4.777660812891963e+00
2.650000000000000e+00	4.726435795885947e+00
2.650000000000000e+00	4.665615946457359e+00
2.650000000000000e+00	4.805110312592801e+00
2.650000000000000e+00	4.697994098821923e+00
2.650000000000000e+00	4.713811903558014e+00
2.650000000000000e+00	4.790931071067969e+00
2.650000000000000e+00	4.867047023770231e+00
2.650000000000000e+00	4.679999731499936e+00
2.650000000000000e+00	4.788982923111391e+00
2.650000000000000e+00	4.617613190760427e+00
2.650000000000000e+00	4.706603614240778e+00
2.650000000000000e+00	4.739470224243110e+00
2.650000000000000e+00	4.828922222491236e+00
2.650000000000000e+00	4.795673105183999e+00
2.650000000000000e+00	4.770071941419310e+00
2.650000000000000e+00	4.778473021752704e+00
2.650000000000000e+00	4.755777466621756e+00
2.650000000000000e+00	4.726308986514682e+00
2.650000000000000e+00	4.677323320775880e+00
2.650000000000000e+00	4.785430479981420e+00
2.650000000000000e+00	4.696339125716561e+00
2.650000000000000e+00	4.643941135334426e+00
2.650000000000000e+00	4.692920517312779e+00
2.650000000000000e+00	4.808859239113887e+00
2.650000000000000e+00	4.678535808302277e+00
2.650000000000000e+00	4.687146652046207e+00
2.650000000000000e+00	4.706406965247105e+00
2.650000000000000e+00	4.842358387448824e+00
2.650000000000000e+00	4.687340807507568e+00
2.650000000000000e+00	4.743185771891840e+00
2.650000000000000e+00	4.761770035155260e+00
2.650000000000000e+00	4.836126113033721e+00
2.650000000000000e+00	4.801739902185478e+00
2.650000000000000e+00	4.754988504550075e+00
2.650000000000000e+00	4.874485451782443e+00
2.650000000000000e+00	4.646095672269254e+00
2.650000000000000e+00	4.833356725344933e+00
2.650000000000000e+00	4.717564621853978e+00
2.650000000000000e+00	4.848509817768901e+00
2.650000000000000e+00	4.726975922849786e+00
2.650000000000000e+00	4.753795700615328e+00
2.650000000000000e+00	4.802963136299258e+00
2.650000000000000e+00	4.700640677472319e+00
2.650000000000000e+00	4.737491652136453e+00
2.650000000000000e+00	4.731447149267329e+00
2.650000000000000e+00	4.697968084140383e+00
2.650000000000000e+00	4.699356691975934e+00
2.650000000000000e+00	4.728650441686127e+00
2.650000000000000e+00	4.707026900166012e+00
2.650000000000000e+00	4.854869528209282e+00
2.650000000000000e+00	4.767542843437666e+00
2.650000000000000e+00	4.663285818110896e+00
2.650000000000000e+00	4.756122166106457e+00
2.650000000000000e+00	4.748675947106916e+00
2.650000000000000e+00	4.770504462902819e+00
2.650000000000000e+00	4.755102362157219e+00
2.650000000000000e+00	4.825746943457681e+00
2.650000000000000e+00	4.620680243471606e+00
2.650000000000000e+00	4.722465969374818e+00
2.650000000000000e+00	4.757241072297614e+00
2.650000000000000e+00	4.660174040399923e+00
2.650000000000000e+00	4.789266040879826e+00
2.650000000000000e+00	4.791058722457676e+00
2.650000000000000e+00	4.703822775395886e+00
2.650000000000000e+00	4.804424150951095e+00
2.650000000000000e+00	4.665478473215997e+00
2.650000000000000e+00	4.676972198139557e+00
2.650000000000000e+00	4.857797060916997e+00
2.650000000000000e+00	4.690071133089668e+00
2.650000000000000e+00	4.677688217164952e+00
2.650000000000000e+00	4.797195747385614e+00
2.650000000000000e+00	4.686988524800257e+00
2.650000000000000e+00	4.731838252485684e+00
2.650000000000000e+00	4.752049690752798e+00
2.650000000000000e+00	4.860006040055882e+00
2.650000000000000e+00	4.713884956892863e+00
2.650000000000000e+00	4.668515794783358e+00
2.650000000000000e+00	4.843617360350333e+00
2.650000000000000e+00	4.699642545131341e+00
2.650000000000000e+00	4.736560442782842e+00
2.650000000000000e+00	4.755673391911277e+00
2.650000000000000e+00	4.685754203511326e+00
2.650000000000000e+00	4.725143309699485e+00
2.650000000000000e+00	4.721626227005203e+00
2.650000000000000e+00	4.631078109487706e+00
2.650000000000000e+00	4.772317228460697e+00
2.650000000000000e+00	4.726607386855052e+00
2.650000000000000e+00	4.560382482211310e+00
2.650000000000000e+00	4.822683527303930e+00
2.650000000000000e+00	4.714033876128009e+00
2.650000000000000e+00	4.828287190181229e+00
2.650000000000000e+00	4.741128045093636e+00
2.650000000000000e+00	4.811031978740965e+00
2.650000000000000e+00	4.728602031355400e+00
2.650000000000000e+00	4.684651398126400e+00
2.650000000000000e+00	4.821574750529054e+00
2.650000000000000e+00	4.669813537299124e+00
2.650000000000000e+00	4.726276329030378e+00
2.650000000000000e+00	4.786229279366605e+00
2.650000000000000e+00	4.726355505764292e+00
2.650000000000000e+00	4.886972240704566e+00
2.650000000000000e+00	4.613549753196741e+00
2.650000000000000e+00	4.624575462332626e+00
2.650000000000000e+00	4.817895042729265e+00
2.650000000000000e+00	4.704996597343648e+00
2.650000000000000e+00	4.631932787306797e+00
2.650000000000000e+00	4.635116948549181e+00
2.650000000000000e+00	4.775889067691246e+00
2.650000000000000e+00	4.837916966622126e+00
2.650000000000000e+00	4.758546296562320e+00
2.650000000000000e+00	4.822389674596231e+00
2.650000000000000e+00	4.717145286251096e+00
2.650000000000000e+00	4.826938105598439e+00
2.650000000000000e+00	4.756387038376470e+00
2.650000000000000e+00	4.749002015944438e+00
2.650000000000000e+00	4.753211378548281e+00
2.650000000000000e+00	4.709357697645969e+00
2.650000000000000e+00	4.656161420646720e+00
2.650000000000000e+00	4.643643451058940e+00
2.650000000000000e+00	4.702698017319133e+00
2.650000000000000e+00	4.682601870128424e+00
2.650000000000000e+00	4.643467013503667e+00
2.650000000000000e+00	4.739879105584372e+00
2.650000000000000e+00	4.799941438946167e+00
2.650000000000000e+00	4.738901299102059e+00
2.650000000000000e+00	4.606432884044937e+00
2.650000000000000e+00	4.732105438850678e+00
2.650000000000000e+00	4.714146293095043e+00
2.650000000000000e+00	4.744610686929454e+00
2.650000000000000e+00	4.837699100157099e+00
2.650000000000000e+00	4.679547245569175e+00
2.650000000000000e+00	4.741013351910823e+00
2.650000000000000e+00	4.772729660592459e+00
2.650000000000000e+00	4.854528930525333e+00
2.650000000000000e+00	4.656230108703792e+00
2.650000000000000e+00	4.862959672998089e+00
2.650000000000000e+00	4.805532918677391e+00
2.650000000000000e+00	4.780764074559962e+00
2.650000000000000e+00	4.734349221434179e+00
2.650000000000000e+00	4.738181538252085e+00
2.650000000000000e+00	4.669624943812108e+00
2.650000000000000e+00	4.621521315396883e+00
2.650000000000000e+00	4.771622137899159e+00
2.650000000000000e+00	4.796668998074907e+00
2.650000000000000e+00	4.756964790328004e+00
2.650000000000000e+00	4.766650756257373e+00
2.650000000000000e+00	4.916245785981074e+00
2.650000000000000e+00	4.757089182390925e+00
2.650000000000000e+00	4.686531183109956e+00
2.650000000000000e+00	4.794408305314143e+00
2.650000000000000e+00	4.662970633269790e+00
2.650000000000000e+00	4.905284553965917e+00
2.650000000000000e+00	4.887212407961771e+00
2.650000000000000e+00	4.735756514864759e+00
2.650000000000000e+00	4.681735210197080e+00
2.650000000000000e+00	4.804463502570365e+00
2.650000000000000e+00	4.845192838989527e+00
2.650000000000000e+00	4.772224531244175e+00
2.650000000000000e+00	4.692527113664109e+00
2.650000000000000e+00	4.751397924267078e+00
2.650000000000000e+00	4.728258021333989e+00
2.650000000000000e+00	4.789174584531726e+00
2.650000000000000e+00	4.748167411522206e+00
2.650000000000000e+00	4.642877454105412e+00
2.650000000000000e+00	4.723650560333867e+00
2.650000000000000e+00	4.735822964459732e+00
2.650000000000000e+00	4.809841466730639e+00
2.650000000000000e+00	4.899864511592329e+00
2.650000000000000e+00	4.676280404858334e+00
2.650000000000000e+00	4.741697357443760e+00
2.650000000000000e+00	4.635858117782252e+00
2.650000000000000e+00	4.920096920228946e+00
2.650000000000000e+00	4.734040652089525e+00
2.650000000000000e+00	4.714962489000277e+00
2.650000000000000e+00	4.680000833629115e+00
2.650000000000000e+00	4.637418572088673e+00
2.650000000000000e+00	4.860954094795642e+00
2.650000000000000e+00	4.772438892148108e+00
2.650000000000000e+00	4.745056236327152e+00
2.650000000000000e+00	4.852302185911044e+00
2.650000000000000e+00	4.716475407891441e+00
2.650000000000000e+00	4.757788349915685e+00
2.650000000000000e+00	4.743160351766035e+00
2.650000000000000e+00	4.758410077152748e+00
2.650000000000000e+00	4.782824830900243e+00
2.650000000000000e+00	4.756117734085088e+00
2.650000000000000e+00	4.738769692569063e+00
2.650000000000000e+00	4.681441722001195e+00
2.650000000000000e+00	4.801445740455295e+00
2.650000000000000e+00	4.710025582661387e+00
2.650000000000000e+00	4.812850827917059e+00
2.650000000000000e+00	4.726240642837270e+00
2.650000000000000e+00	4.784904606168893e+00
2.650000000000000e+00	4.805533306122905e+00
2.650000000000000e+00	4.696665698912287e+00
2.650000000000000e+00	4.786793490963556e+00
2.650000000000000e+00	4.762930425898272e+00
2.650000000000000e+00	4.674592369731448e+00
2.650000000000000e+00	4.748182205803795e+00
2.650000000000000e+00	4.748872724794575e+00
2.650000000000000e+00	4.803235561792078e+00
2.650000000000000e+00	4.718262368632483e+00
2.650000000000000e+00	4.722590434854377e+00
2.650000000000000e+00	4.775838870430533e+00
2.650000000000000e+00	4.805115942337453e+00
2.650000000000000e+00	4.702251856592970e+00
2.650000000000000e+00	4.711480245347600e+00
2.650000000000000e+00	4.750811843355054e+00
2.650000000000000e+00	4.768874780979473e+00
2.650000000000000e+00	4.750871306447306e+00
2.650000000000000e+00	4.660201188353175e+00
2.650000000000000e+00	4.794977425013101e+00
2.650000000000000e+00	4.690890177205578e+00
2.650000000000000e+00	4.787500615403358e+00
2.650000000000000e+00	4.845976813949100e+00
2.650000000000000e+00	4.795700372122376e+00
2.650000000000000e+00	4.780940741530943e+00
2.650000000000000e+00	4.797443525067349e+00
2.650000000000000e+00	4.714837776691238e+00
2.650000000000000e+00	4.711573943582527e+00
2.650000000000000e+00	4.773999439746911e+00
2.650000000000000e+00	4.759549977545397e+00
2.650000000000000e+00	4.709482317343660e+00
2.650000000000000e+00	4.836454761964561e+00
2.650000000000000e+00	4.813095992482754e+00
2.650000000000000e+00	4.765068484484087e+00
2.650000000000000e+00	4.703031039185898e+00
2.650000000000000e+00	4.639558594204400e+00
2.650000000000000e+00	4.693923127271753e+00
2.650000000000000e+00	4.679983591733773e+00
2.650000000000000e+00	4.636739711670561e+00
2.650000000000000e+00	4.758475980417078e+00
2.650000000000000e+00	4.759076358164815e+00
2.650000000000000e+00	4.627389806554483e+00
2.650000000000000e+00	4.749060581861073e+00
2.650000000000000e+00	4.741617465088093e+00
2.650000000000000e+00	4.753217845202199e+00
2.650000000000000e+00	4.823644092763696e+00
2.650000000000000e+00	4.688043642767195e+00
2.650000000000000e+00	4.817611344184157e+00
2.650000000000000e+00	4.707988889028440e+00
2.650000000000000e+00	4.645282034833526e+00
2.650000000000000e+00	4.786381070542030e+00
2.650000000000000e+00	4.801638591795474e+00
2.650000000000000e+00	4.763062034564276e+00
2.650000000000000e+00	4.737035605765872e+00
2.650000000000000e+00	4.801655475704043e+00
2.650000000000000e+00	4.721414533138288e+00
2.650000000000000e+00	4.672836469824054e+00
2.650000000000000e+00	4.711893771519108e+00
2.650000000000000e+00	4.673909174868498e+00
2.650000000000000e+00	4.581297599479010e+00
2.650000000000000e+00	4.813395367508875e+00
2.650000000000000e+00	4.826175066061223e+00
2.650000000000000e+00	4.708711648479076e+00
2.650000000000000e+00	4.623907147162326e+00
2.650000000000000e+00	4.784038842586547e+00
2.650000000000000e+00	4.714256953277308e+00
2.650000000000000e+00	4.761762839654743e+00
2.650000000000000e+00	4.752539923484381e+00
2.650000000000000e+00	4.742793499812343e+00
2.650000000000000e+00	4.819681217986373e+00
2.650000000000000e+00	4.715942294338761e+00
2.650000000000000e+00	4.788911801243076e+00
2.650000000000000e+00	4.741565723777873e+00
2.650000000000000e+00	4.782137809600573e+00
2.650000000000000e+00	4.850919253249184e+00
2.650000000000000e+00	4.587492656421594e+00
2.650000000000000e+00	4.664787277650877e+00
2.650000000000000e+00	4.707118226134181e+00
2.650000000000000e+00	4.719224607718855e+00
2.650000000000000e+00	4.849509963839742e+00
2.650000000000000e+00	4.742917136909373e+00
2.650000000000000e+00	4.695418409072335e+00
2.650000000000000e+00	4.648582065241234e+00
2.650000000000000e+00	4.741974857172905e+00
2.650000000000000e+00	4.749930208064608e+00
2.650000000000000e+00	4.796970614678800e+00
2.650000000000000e+00	4.770379393913013e+00
2.650000000000000e+00	4.696311786526195e+00
2.650000000000000e+00	4.674417655354846e+00
2.650000000000000e+00	4.824750078326231e+00
2.650000000000000e+00	4.668682721225021e+00
2.650000000000000e+00	4.866442219744353e+00
2.650000000000000e+00	4.676165468675794e+00
2.650000000000000e+00	4.810250858512457e+00
2.650000000000000e+00	4.719273791856895e+00
2.650000000000000e+00	4.746715282661260e+00
2.650000000000000e+00	4.637081915676282e+00
2.650000000000000e+00	4.828485431733090e+00
2.650000000000000e+00	4.605290834886487e+00
2.650000000000000e+00	4.617256175394196e+00
2.650000000000000e+00	4.802688907623832e+00
2.650000000000000e+00	4.778237738238333e+00
2.650000000000000e+00	4.710642862204735e+00
2.650000000000000e+00	4.684583901229951e+00
2.650000000000000e+00	4.774605287258010e+00
2.650000000000000e+00	4.770128007524293e+00
2.650000000000000e+00	4.692962150090617e+00
2.650000000000000e+00	4.764118303196730e+00
2.650000000000000e+00	4.702064103721113e+00
2.650000000000000e+00	4.626242597941613e+00
2.650000000000000e+00	4.842706475489965e+00
2.650000000000000e+00	4.651422033031656e+00
2.650000000000000e+00	4.834389868590415e+00
2.650000000000000e+00	4.793146451057897e+00
2.650000000000000e+00	4.688983943749796e+00
2.650000000000000e+00	4.829138214034426e+00
2.650000000000000e+00	4.743030214721172e+00
2.650000000000000e+00	4.807913625922987e+00
2.650000000000000e+00	4.725184208926900e+00
2.650000000000000e+00	4.694066041284549e+00
2.650000000000000e+00	4.724416657211846e+00
2.650000000000000e+00	4.776343905376473e+00
2.650000000000000e+00	4.661558731698147e+00
2.650000000000000e+00	4.835207867887761e+00
2.650000000000000e+00	4.790451754949500e+00
2.650000000000000e+00	4.762104462202114e+00
2.650000000000000e+00	4.763463740627234e+00
2.650000000000000e+00	4.815366500067624e+00
2.650000000000000e+00	4.804997773259716e+00
2.650000000000000e+00	4.724262433207900e+00
2.650000000000000e+00	4.695919255169687e+00
2.650000000000000e+00	4.672266698998328e+00
2.650000000000000e+00	4.769272108664732e+00
2.650000000000000e+00	4.870912779302087e+00
2.650000000000000e+00	4.685024984719886e+00
2.650000000000000e+00	4.818768199946821e+00
2.650000000000000e+00	4.816175945879775e+00
2.650000000000000e+00	4.869462499386681e+00
2.650000000000000e+00	4.813878723120797e+00
2.650000000000000e+00	4.841054019807403e+00
2.650000000000000e+00	4.793338816788607e+00
2.650000000000000e+00	4.708230262317389e+00
2.650000000000000e+00	4.672899600732232e+00
2.650000000000000e+00	4.826580098363245e+00
2.650000000000000e+00	4.719957201421834e+00
2.650000000000000e+00	4.768443132900671e+00
2.650000000000000e+00	4.754204574240429e+00
2.650000000000000e+00	4.652291312942973e+00
2.650000000000000e+00	4.820202264319247e+00
2.650000000000000e+00	4.743896729854645e+00
2.650000000000000e+00	4.731575972115510e+00
2.650000000000000e+00	4.873033889792721e+00
2.650000000000000e+00	4.696681079384197e+00
2.650000000000000e+00	4.741025792179808e+00
2.650000000000000e+00	4.784003608859234e+00
2.650000000000000e+00	4.747897461222930e+00
2.650000000000000e+00	4.800109392721687e+00
2.650000000000000e+00	4.633587561230858e+00
2.650000000000000e+00	4.744264021817623e+00
2.650000000000000e+00	4.743317261102737e+00
2.650000000000000e+00	4.696141502348349e+00
2.650000000000000e+00	4.744942584795067e+00
2.650000000000000e+00	4.875845182569327e+00
2.650000000000000e+00	4.719751880027895e+00
2.650000000000000e+00	4.631151000734091e+00
2.650000000000000e+00	4.683001569585411e+00
2.650000000000000e+00	4.776721368425347e+00
2.650000000000000e+00	4.790780164584802e+00
2.650000000000000e+00	4.827214608985472e+00
2.650000000000000e+00	4.743462550037943e+00
2.650000000000000e+00	4.746684259944399e+00
2.650000000000000e+00	4.791579548822634e+00
2.650000000000000e+00	4.805175315929242e+00
2.650000000000000e+00	4.778001561800879e+00
2.650000000000000e+00	4.733917054579410e+00
2.650000000000000e+00	4.736921930741437e+00
2.650000000000000e+00	4.710541053206496e+00
2.650000000000000e+00	4.683968797214715e+00
2.650000000000000e+00	4.735242350366470e+00
2.650000000000000e+00	4.675979537753178e+00
2.650000000000000e+00	4.780685008491218e+00
2.650000000000000e+00	4.834515978687975e+00
2.650000000000000e+00	4.704284128667489e+00
2.650000000000000e+00	4.825432950654874e+00
2.650000000000000e+00	4.814987073477787e+00
2.650000000000000e+00	4.857533134789954e+00
2.650000000000000e+00	4.691932246698276e+00
2.650000000000000e+00	4.847410439434075e+00
2.650000000000000e+00	4.662496080255570e+00
2.650000000000000e+00	4.768528134080409e+00
2.650000000000000e+00	4.692502503892566e+00
2.650000000000000e+00	4.862671783207689e+00
2.650000000000000e+00	4.715529653950899e+00
2.650000000000000e+00	4.748129685511454e+00
2.650000000000000e+00	4.848732258460489e+00
2.650000000000000e+00	4.775559668717383e+00
2.650000000000000e+00	4.654616833557049e+00
2.650000000000000e+00	4.695207648148231e+00
2.650000000000000e+00	4.702520541387793e+00
2.650000000000000e+00	4.679089871610830e+00
2.650000000000000e+00	4.780869155173217e+00
2.650000000000000e+00	4.804565085514687e+00
2.650000000000000e+00	4.729323803849030e+00
2.650000000000000e+00	4.736576065670958e+00
2.650000000000000e+00	4.697020122679527e+00
2.650000000000000e+00	4.905413695132295e+00
2.650000000000000e+00	4.787919315879725e+00
2.650000000000000e+00	4.753588516283192e+00
2.650000000000000e+00	4.663397172426897e+00
2.650000000000000e+00	4.717670254071004e+00
2.650000000000000e+00	4.677288568080037e+00
2.650000000000000e+00	4.689466628742824e+00
2.650000000000000e+00	4.789488787578996e+00
2.650000000000000e+00	4.737239786783939e+00
2.650000000000000e+00	4.693394492827394e+00
2.650000000000000e+00	4.807959543986009e+00
2.650000000000000e+00	4.859111228283210e+00
2.650000000000000e+00	4.592754012478210e+00
2.650000000000000e+00	4.834734882721425e+00
2.650000000000000e+00	4.758037496311727e+00
2.650000000000000e+00	4.707238046723473e+00
2.650000000000000e+00	4.822544153268902e+00
2.650000000000000e+00	4.786881783751031e+00
2.650000000000000e+00	4.807158649801667e+00
2.650000000000000e+00	4.834162687276026e+00
2.650000000000000e+00	4.713781890719509e+00
2.650000000000000e+00	4.692021800224826e+00
2.650000000000000e+00	4.821556193477144e+00
2.650000000000000e+00	4.690232899429686e+00
2.650000000000000e+00	4.698372868953807e+00
2.650000000000000e+00	4.994544462944629e+00
2.650000000000000e+00	4.871621631802084e+00
2.650000000000000e+00	4.682579489011343e+00
2.650000000000000e+00	4.727688312223178e+00
2.650000000000000e+00	4.802168626392109e+00
2.650000000000000e+00	4.753252186382625e+00
2.650000000000000e+00	4.619588209506283e+00
2.650000000000000e+00	4.780691709396219e+00
2.650000000000000e+00	4.767472872113512e+00
2.650000000000000e+00	4.717532026231748e+00
2.650000000000000e+00	4.758207758261408e+00
2.650000000000000e+00	4.787258546726338e+00
2.650000000000000e+00	4.748463914974989e+00
2.650000000000000e+00	4.828441607008412e+00
2.650000000000000e+00	4.788804193291169e+00
2.650000000000000e+00	4.739205124949192e+00
2.650000000000000e+00	4.704842460749976e+00
2.650000000000000e+00	4.689478415511681e+00
2.650000000000000e+00	4.797703208648687e+00
2.650000000000000e+00	4.716390670145410e+00
2.650000000000000e+00	4.806203892121511e+00
2.650000000000000e+00	4.719724661236717e+00
2.650000000000000e+00	4.784625178788986e+00
2.650000000000000e+00	4.732055727609207e+00
2.650000000000000e+00	4.731919011070087e+00
2.650000000000000e+00	4.787165835447442e+00
2.650000000000000e+00	4.749421906295535e+00
2.650000000000000e+00	4.721694981934148e+00
2.650000000000000e+00	4.773434221744496e+00
2.650000000000000e+00	4.761298796493529e+00
2.650000000000000e+00	4.636811815303204e+00
2.650000000000000e+00	4.814717429125193e+00
2.650000000000000e+00	4.763117435011824e+00
2.650000000000000e+00	4.680476680874577e+00
2.650000000000000e+00	4.790022624764803e+00
2.650000000000000e+00	4.745942042409593e+00
2.650000000000000e+00	4.653215609784187e+00
2.650000000000000e+00	4.705504336499581e+00
2.650000000000000e+00	4.757976941033935e+00
2.650000000000000e+00	4.748023545338148e+00
2.650000000000000e+00	4.755094841818893e+00
2.650000000000000e+00	4.826420143138771e+00
2.650000000000000e+00	4.712740577786994e+00
2.650000000000000e+00	4.714915438423055e+00
2.650000000000000e+00	4.686144231162944e+00
2.650000000000000e+00	4.782721252116167e+00
2.650000000000000e+00	4.798773497668481e+00
2.650000000000000e+00	4.745550756041878e+00
2.650000000000000e+00	4.729517976577342e+00
2.650000000000000e+00	4.763591196582100e+00
2.650000000000000e+00	4.820111231286877e+00
2.650000000000000e+00	4.690557664151642e+00
2.650000000000000e+00	4.759695255130287e+00
2.650000000000000e+00	4.901336349339156e+00
2.650000000000000e+00	4.903299875779201e+00
2.650000000000000e+00	4.900101661425273e+00
2.650000000000000e+00	4.772514276561823e+00
