3.150000000000000e+00	6.972309080463192e-01
3.150000000000000e+00	6.729679833679248e-01
3.150000000000000e+00	6.767264135561704e-01
3.150000000000000e+00	6.659401183166602e-01
3.150000000000000e+00	6.526947786335123e-01
3.150000000000000e+00	6.255395277658167e-01
3.150000000000000e+00	6.475354551647696e-01
3.150000000000000e+00	6.414695219592880e-01
3.150000000000000e+00	5.996264897538592e-01
3.150000000000000e+00	5.841581055080648e-01
3.150000000000000e+00	6.254702186793427e-01
3.150000000000000e+00	6.374833419718363e-01
3.150000000000000e+00	6.136667441743475e-01
3.150000000000000e+00	6.146385775604303e-01
3.150000000000000e+00	6.895468936593404e-01
3.150000000000000e+00	6.487544723866199e-01
3.150000000000000e+00	6.366379475932952e-01
3.150000000000000e+00	6.552391102158761e-01
3.150000000000000e+00	6.619726762863283e-01
3.150000000000000e+00	6.194474570939832e-01
3.150000000000000e+00	6.173604857129660e-01
3.150000000000000e+00	6.650041130865726e-01
3.150000000000000e+00	6.295470843254739e-01
3.150000000000000e+00	6.836290941982429e-01
3.150000000000000e+00	6.580249701228963e-01
3.150000000000000e+00	6.654203181249270e-01
3.150000000000000e+00	6.023614926277786e-01
3.150000000000000e+00	6.534080796677743e-01
3.150000000000000e+00	6.299882043414508e-01
3.150000000000000e+00	6.750437472587651e-01
3.150000000000000e+00	6.407479122354299e-01
3.150000000000000e+00	6.295905915795688e-01
3.150000000000000e+00	6.469262815599803e-01
3.150000000000000e+00	6.877468596082150e-01
3.150000000000000e+00	6.814144562133058e-01
3.150000000000000e+00	6.377424079647979e-01
3.150000000000000e+00	6.303693133939055e-01
3.150000000000000e+00	6.306329554571949e-01
3.150000000000000e+00	6.480645598411562e-01
3.150000000000000e+00	6.857179237971882e-01
3.150000000000000e+00	6.374589352305601e-01
3.150000000000000e+00	6.213323929163467e-01
3.150000000000000e+00	6.379471264092019e-01
3.150000000000000e+00	6.548284560234277e-01
3.150000000000000e+00	6.702588948998766e-01
3.150000000000000e+00	6.281386618972931e-01
3.150000000000000e+00	6.290932727300453e-01
3.150000000000000e+00	6.395870003252269e-01
3.150000000000000e+00	6.446949936477990e-01
3.150000000000000e+00	6.596673995395196e-01
3.150000000000000e+00	6.476772876872945e-01
3.150000000000000e+00	5.907522432694932e-01
3.150000000000000e+00	6.528850454332007e-01
3.150000000000000e+00	6.099069258043650e-01
3.150000000000000e+00	6.199860400143580e-01
3.150000000000000e+00	6.947685645196240e-01
3.150000000000000e+00	6.658065299049718e-01
3.150000000000000e+00	6.569963426005493e-01
3.150000000000000e+00	6.526425586809882e-01
3.150000000000000e+00	6.762063404466245e-01
3.150000000000000e+00	6.178663048228089e-01
3.150000000000000e+00	6.102639750979039e-01
3.150000000000000e+00	6.592392909655914e-01
3.150000000000000e+00	6.315068114228188e-01
3.150000000000000e+00	6.323774131341331e-01
3.150000000000000e+00	6.602280393208279e-01
3.150000000000000e+00	6.518841915182672e-01
3.150000000000000e+00	6.234736380591797e-01
3.150000000000000e+00	6.820999612723583e-01
3.150000000000000e+00	6.515469437905717e-01
3.150000000000000e+00	6.205799706134457e-01
3.150000000000000e+00	6.286567914792391e-01
3.150000000000000e+00	6.413850646346094e-01
3.150000000000000e+00	5.993341277004466e-01
3.150000000000000e+00	6.089318500264397e-01
3.150000000000000e+00	6.076877001977056e-01
3.150000000000000e+00	6.406778134312597e-01
3.150000000000000e+00	6.398551857866778e-01
3.150000000000000e+00	5.942255672036739e-01
3.150000000000000e+00	6.210450964483547e-01
3.150000000000000e+00	6.281645516156035e-01
3.150000000000000e+00	6.772855499412865e-01
3.150000000000000e+00	6.589938888561502e-01
3.150000000000000e+00	6.217896260093392e-01
3.150000000000000e+00	6.438304774631238e-01
3.150000000000000e+00	6.313786726057165e-01
3.150000000000000e+00	6.622222156853513e-01
3.150000000000000e+00	5.850583213921479e-01
3.150000000000000e+00	6.124828948219332e-01
3.150000000000000e+00	6.164084556636448e-01
3.150000000000000e+00	6.066539368474257e-01
3.150000000000000e+00	6.575387208962414e-01
3.150000000000000e+00	6.273713135818133e-01
3.150000000000000e+00	6.484666568858780e-01
3.150000000000000e+00	6.624492570226479e-01
3.150000000000000e+00	6.604606674914838e-01
3.150000000000000e+00	6.757486434748389e-01
3.150000000000000e+00	6.248722959302346e-01
3.150000000000000e+00	6.621165621289345e-01
3.150000000000000e+00	6.716028181379232e-01
3.150000000000000e+00	6.774052683916256e-01
3.150000000000000e+00	6.578211746787472e-01
3.150000000000000e+00	6.541906977733212e-01
3.150000000000000e+00	6.489321936716471e-01
3.150000000000000e+00	6.796345611056877e-01
3.150000000000000e+00	6.471458960407143e-01
3.150000000000000e+00	6.103758547990835e-01
3.150000000000000e+00	5.950803083488079e-01
3.150000000000000e+00	6.311697691065475e-01
3.150000000000000e+00	6.207431336554432e-01
3.150000000000000e+00	6.869560970232252e-01
3.150000000000000e+00	6.426689929729884e-01
3.150000000000000e+00	5.996812201496441e-01
3.150000000000000e+00	6.214749581879531e-01
3.150000000000000e+00	6.256877468512866e-01
3.150000000000000e+00	6.281393800359152e-01
3.150000000000000e+00	6.604089176941815e-01
3.150000000000000e+00	6.229137833675290e-01
3.150000000000000e+00	6.313605390539276e-01
3.150000000000000e+00	6.122741993787638e-01
3.150000000000000e+00	6.680942324224290e-01
3.150000000000000e+00	6.380606943219929e-01
3.150000000000000e+00	6.461635521980557e-01
3.150000000000000e+00	6.815033889829085e-01
3.150000000000000e+00	6.590588869816555e-01
3.150000000000000e+00	6.365262525933310e-01
3.150000000000000e+00	6.219829606998571e-01
3.150000000000000e+00	6.638271316895870e-01
3.150000000000000e+00	6.611282644409875e-01
3.150000000000000e+00	6.347844788573480e-01
3.150000000000000e+00	5.927497207143517e-01
3.150000000000000e+00	6.711029160511707e-01
3.150000000000000e+00	6.247862357091548e-01
3.150000000000000e+00	6.392604877996577e-01
3.150000000000000e+00	6.536015639763030e-01
3.150000000000000e+00	6.238699107767187e-01
3.150000000000000e+00	6.216644829328900e-01
3.150000000000000e+00	6.351285771257672e-01
3.150000000000000e+00	6.589930639712848e-01
3.150000000000000e+00	6.738008231715800e-01
3.150000000000000e+00	6.765860319030109e-01
3.150000000000000e+00	7.044808508807501e-01
3.150000000000000e+00	6.250393479517375e-01
3.150000000000000e+00	6.731147843672565e-01
3.150000000000000e+00	6.269674484118862e-01
3.150000000000000e+00	6.115593963840100e-01
3.150000000000000e+00	6.376338008646959e-01
3.150000000000000e+00	6.555300614413642e-01
3.150000000000000e+00	6.649536363048536e-01
3.150000000000000e+00	7.061313124891690e-01
3.150000000000000e+00	6.192593367662771e-01
3.150000000000000e+00	6.774238976316703e-01
3.150000000000000e+00	6.612804140240701e-01
3.150000000000000e+00	6.185756918450428e-01
3.150000000000000e+00	6.387579052773240e-01
3.150000000000000e+00	6.222723152772863e-01
3.150000000000000e+00	6.523771842389823e-01
3.150000000000000e+00	6.527700872257119e-01
3.150000000000000e+00	6.375251016004695e-01
3.150000000000000e+00	6.248297553253687e-01
3.150000000000000e+00	6.103420387338091e-01
3.150000000000000e+00	6.492012717649172e-01
3.150000000000000e+00	6.351839946840121e-01
3.150000000000000e+00	6.409565306730394e-01
3.150000000000000e+00	6.474211902837923e-01
3.150000000000000e+00	5.880771019215640e-01
3.150000000000000e+00	6.193810532150491e-01
3.150000000000000e+00	6.338087550057445e-01
3.150000000000000e+00	6.402451603092320e-01
3.150000000000000e+00	6.456404050112122e-01
3.150000000000000e+00	6.253966325888186e-01
3.150000000000000e+00	6.104332277158365e-01
3.150000000000000e+00	6.592382818761925e-01
3.150000000000000e+00	6.226879681291257e-01
3.150000000000000e+00	6.508353471739878e-01
3.150000000000000e+00	6.928600586457353e-01
3.150000000000000e+00	6.425114515250185e-01
3.150000000000000e+00	6.557134161023979e-01
3.150000000000000e+00	6.356793645806316e-01
3.150000000000000e+00	6.399457578078799e-01
3.150000000000000e+00	6.526998176131303e-01
3.150000000000000e+00	6.765341256882245e-01
3.150000000000000e+00	6.233676288591116e-01
3.150000000000000e+00	6.136351273799164e-01
3.150000000000000e+00	6.688379197992144e-01
3.150000000000000e+00	6.469715970603113e-01
3.150000000000000e+00	6.834043445006337e-01
3.150000000000000e+00	6.489094098203430e-01
3.150000000000000e+00	6.989340167324783e-01
3.150000000000000e+00	6.370800974950929e-01
3.150000000000000e+00	6.288532182391438e-01
3.150000000000000e+00	6.367840599361985e-01
3.150000000000000e+00	5.973659555560954e-01
3.150000000000000e+00	6.914642068267082e-01
3.150000000000000e+00	6.453871464665620e-01
3.150000000000000e+00	6.514454447680982e-01
3.150000000000000e+00	6.435514311738104e-01
3.150000000000000e+00	6.814432974174859e-01
3.150000000000000e+00	6.359732417204293e-01
3.150000000000000e+00	6.714853890426474e-01
3.150000000000000e+00	7.062938354353859e-01
3.150000000000000e+00	6.305073466072517e-01
3.150000000000000e+00	6.398804240207827e-01
3.150000000000000e+00	7.033915616816302e-01
3.150000000000000e+00	6.660319155747606e-01
3.150000000000000e+00	6.738160086532197e-01
3.150000000000000e+00	6.151265777303739e-01
3.150000000000000e+00	6.209738757579768e-01
3.150000000000000e+00	6.333497948439653e-01
3.150000000000000e+00	6.205117950571113e-01
3.150000000000000e+00	6.537034986050845e-01
3.150000000000000e+00	6.170675103510886e-01
3.150000000000000e+00	6.519518124044137e-01
3.150000000000000e+00	6.455658415795141e-01
3.150000000000000e+00	6.298715988694881e-01
3.150000000000000e+00	6.276554281259453e-01
3.150000000000000e+00	6.104141478788297e-01
3.150000000000000e+00	6.476718419601533e-01
3.150000000000000e+00	6.760393034940234e-01
3.150000000000000e+00	6.605167094545672e-01
3.150000000000000e+00	6.845627126347500e-01
3.150000000000000e+00	6.632450186333696e-01
3.150000000000000e+00	6.064675788664449e-01
3.150000000000000e+00	6.101080511538056e-01
3.150000000000000e+00	6.387686940539830e-01
3.150000000000000e+00	6.753549935962796e-01
3.150000000000000e+00	6.450304548402844e-01
3.150000000000000e+00	6.258964399963657e-01
3.150000000000000e+00	6.637734389909841e-01
3.150000000000000e+00	6.330836185134401e-01
3.150000000000000e+00	6.551238995927529e-01
3.150000000000000e+00	6.477321095861290e-01
3.150000000000000e+00	6.465928267485547e-01
3.150000000000000e+00	6.450504601643975e-01
3.150000000000000e+00	6.842208646130432e-01
3.150000000000000e+00	6.866646843455368e-01
3.150000000000000e+00	7.000873364286905e-01
3.150000000000000e+00	6.378753739928479e-01
3.150000000000000e+00	6.468855817847838e-01
3.150000000000000e+00	6.485727738829572e-01
3.150000000000000e+00	6.358831939620179e-01
3.150000000000000e+00	6.430009504212837e-01
3.150000000000000e+00	6.156177534323495e-01
3.150000000000000e+00	6.582258152357215e-01
3.150000000000000e+00	6.425178508455095e-01
3.150000000000000e+00	6.505399939492952e-01
3.150000000000000e+00	6.447122562638100e-01
3.150000000000000e+00	6.490789352997007e-01
3.150000000000000e+00	6.200353615002125e-01
3.150000000000000e+00	6.563593163710181e-01
3.150000000000000e+00	6.186987808383181e-01
3.150000000000000e+00	6.337415285224731e-01
3.150000000000000e+00	6.110418287265060e-01
3.150000000000000e+00	6.713372344947849e-01
3.150000000000000e+00	6.447319742409559e-01
3.150000000000000e+00	6.623468595313070e-01
3.150000000000000e+00	6.846419193303133e-01
3.150000000000000e+00	6.035565803037732e-01
3.150000000000000e+00	6.248893712355093e-01
3.150000000000000e+00	6.546941180460047e-01
3.150000000000000e+00	6.626998164793207e-01
3.150000000000000e+00	6.276652327146570e-01
3.150000000000000e+00	6.904697275593924e-01
3.150000000000000e+00	6.476601269595398e-01
3.150000000000000e+00	6.785633172221703e-01
3.150000000000000e+00	6.853545498847978e-01
3.150000000000000e+00	6.930626853993755e-01
3.150000000000000e+00	6.707497220236853e-01
3.150000000000000e+00	6.540462983039133e-01
3.150000000000000e+00	6.457713233845332e-01
3.150000000000000e+00	6.463013781683519e-01
3.150000000000000e+00	6.232776891614593e-01
3.150000000000000e+00	6.695717212546304e-01
3.150000000000000e+00	6.777838396504609e-01
3.150000000000000e+00	6.400672878875275e-01
3.150000000000000e+00	6.704282497791757e-01
3.150000000000000e+00	6.631793377714632e-01
3.150000000000000e+00	7.038540853834405e-01
3.150000000000000e+00	6.590094042499678e-01
3.150000000000000e+00	6.586807604007121e-01
3.150000000000000e+00	6.691209917821646e-01
3.150000000000000e+00	6.721429784961734e-01
3.150000000000000e+00	6.802160338849674e-01
3.150000000000000e+00	6.770669465271679e-01
3.150000000000000e+00	6.489103135874671e-01
3.150000000000000e+00	6.232376795010437e-01
3.150000000000000e+00	6.595174623173287e-01
3.150000000000000e+00	6.731290403111841e-01
3.150000000000000e+00	6.482114636209764e-01
3.150000000000000e+00	6.216803916649439e-01
3.150000000000000e+00	6.605322150944759e-01
3.150000000000000e+00	6.887350655770030e-01
3.150000000000000e+00	6.498969677569431e-01
3.150000000000000e+00	6.479354087519779e-01
3.150000000000000e+00	6.539356482086507e-01
3.150000000000000e+00	6.454854759474515e-01
3.150000000000000e+00	6.231140077628383e-01
3.150000000000000e+00	6.941202401464350e-01
3.150000000000000e+00	6.136728647106521e-01
3.150000000000000e+00	6.620882917178188e-01
3.150000000000000e+00	6.469561990194274e-01
3.150000000000000e+00	6.799134161033930e-01
3.150000000000000e+00	6.397759958887698e-01
3.150000000000000e+00	6.586682792510654e-01
3.150000000000000e+00	6.996336681997452e-01
3.150000000000000e+00	6.686822115406027e-01
3.150000000000000e+00	6.178727389574822e-01
3.150000000000000e+00	7.069357729600405e-01
3.150000000000000e+00	6.187301340685465e-01
3.150000000000000e+00	6.653188798302381e-01
3.150000000000000e+00	6.243613812745955e-01
3.150000000000000e+00	6.349363856567082e-01
3.150000000000000e+00	6.524302320925682e-01
3.150000000000000e+00	6.389871894947786e-01
3.150000000000000e+00	6.189713922907074e-01
3.150000000000000e+00	6.473488359347427e-01
3.150000000000000e+00	6.334595986816238e-01
3.150000000000000e+00	6.540322691579665e-01
3.150000000000000e+00	6.726673581416464e-01
3.150000000000000e+00	6.431071887937470e-01
3.150000000000000e+00	6.505744364784002e-01
3.150000000000000e+00	6.089028072379682e-01
3.150000000000000e+00	6.468713057672842e-01
3.150000000000000e+00	6.857113296360999e-01
3.150000000000000e+00	6.583811908680633e-01
3.150000000000000e+00	6.340292757352709e-01
3.150000000000000e+00	6.413679601383973e-01
3.150000000000000e+00	6.119494052311463e-01
3.150000000000000e+00	6.194920288110827e-01
3.150000000000000e+00	6.400935478976570e-01
3.150000000000000e+00	6.816340366827979e-01
3.150000000000000e+00	6.496142202854098e-01
3.150000000000000e+00	6.508677195282913e-01
3.150000000000000e+00	6.208195339122082e-01
3.150000000000000e+00	6.546102816025933e-01
3.150000000000000e+00	6.593238702003376e-01
3.150000000000000e+00	6.532194431046798e-01
3.150000000000000e+00	6.455903715777670e-01
3.150000000000000e+00	6.675772842208999e-01
3.150000000000000e+00	6.785899243360749e-01
3.150000000000000e+00	6.634623301784851e-01
3.150000000000000e+00	6.819336698496344e-01
3.150000000000000e+00	6.546331664353279e-01
3.150000000000000e+00	6.485876417401598e-01
3.150000000000000e+00	6.855482538459181e-01
3.150000000000000e+00	6.783097432732299e-01
3.150000000000000e+00	6.022073869293961e-01
3.150000000000000e+00	6.173468924549390e-01
3.150000000000000e+00	6.060119799141972e-01
3.150000000000000e+00	6.322448910910538e-01
3.150000000000000e+00	6.232756423582900e-01
3.150000000000000e+00	6.577196338889514e-01
3.150000000000000e+00	5.994561081400320e-01
3.150000000000000e+00	6.798976445244841e-01
3.150000000000000e+00	6.649987674397978e-01
3.150000000000000e+00	6.114117987788331e-01
3.150000000000000e+00	6.198035615647655e-01
3.150000000000000e+00	6.515620153661630e-01
3.150000000000000e+00	6.589234062913587e-01
3.150000000000000e+00	6.759062337237177e-01
3.150000000000000e+00	6.244163423529446e-01
3.150000000000000e+00	6.668964659286780e-01
3.150000000000000e+00	6.436342394417865e-01
3.150000000000000e+00	6.631211756068616e-01
3.150000000000000e+00	6.799189835811861e-01
3.150000000000000e+00	6.547357732430332e-01
3.150000000000000e+00	6.476184254432419e-01
3.150000000000000e+00	6.259132498866141e-01
3.150000000000000e+00	5.981045690953817e-01
3.150000000000000e+00	6.098471032209499e-01
3.150000000000000e+00	5.974775560504019e-01
3.150000000000000e+00	6.824582854000872e-01
3.150000000000000e+00	6.598716523966389e-01
3.150000000000000e+00	6.550277749969707e-01
3.150000000000000e+00	6.264054003273380e-01
3.150000000000000e+00	6.387262069149086e-01
3.150000000000000e+00	6.483901933511105e-01
3.150000000000000e+00	6.546706562144275e-01
3.150000000000000e+00	6.743206511516140e-01
3.150000000000000e+00	6.884094761330961e-01
3.150000000000000e+00	6.237965334007577e-01
3.150000000000000e+00	6.762850509757800e-01
3.150000000000000e+00	6.796164727424167e-01
3.150000000000000e+00	6.401086853375776e-01
3.150000000000000e+00	6.301090338383044e-01
3.150000000000000e+00	6.459152741944441e-01
3.150000000000000e+00	6.119522939092048e-01
3.150000000000000e+00	6.442269535692348e-01
3.150000000000000e+00	6.530976757371998e-01
3.150000000000000e+00	6.137384643763291e-01
3.150000000000000e+00	6.343666440408006e-01
3.150000000000000e+00	6.355271569968498e-01
3.150000000000000e+00	6.627004733551832e-01
3.150000000000000e+00	6.316427101148234e-01
3.150000000000000e+00	6.579042378620931e-01
3.150000000000000e+00	6.157708872323082e-01
3.150000000000000e+00	6.675328324832730e-01
3.150000000000000e+00	6.729680905740479e-01
3.150000000000000e+00	6.396615055770527e-01
3.150000000000000e+00	6.618911646407384e-01
3.150000000000000e+00	6.225072015052781e-01
3.150000000000000e+00	6.840446101006340e-01
3.150000000000000e+00	6.725548982256181e-01
3.150000000000000e+00	5.989542540288058e-01
3.150000000000000e+00	6.680651339440496e-01
3.150000000000000e+00	6.887088670008871e-01
3.150000000000000e+00	6.726990663288369e-01
3.150000000000000e+00	6.761596809130846e-01
3.150000000000000e+00	6.449508177075441e-01
3.150000000000000e+00	6.535470237836973e-01
3.150000000000000e+00	6.117604508737555e-01
3.150000000000000e+00	6.153576242971973e-01
3.150000000000000e+00	6.099879447210721e-01
3.150000000000000e+00	6.129857194815592e-01
3.150000000000000e+00	6.152203759670312e-01
3.150000000000000e+00	6.295201104466465e-01
3.150000000000000e+00	6.263044096164870e-01
3.150000000000000e+00	6.191126425423568e-01
3.150000000000000e+00	6.879753432424616e-01
3.150000000000000e+00	6.169885476317896e-01
3.150000000000000e+00	6.594529588094136e-01
3.150000000000000e+00	6.153629274734181e-01
3.150000000000000e+00	6.401768832664601e-01
3.150000000000000e+00	6.769185276818258e-01
3.150000000000000e+00	6.138099834544891e-01
3.150000000000000e+00	6.365061365071716e-01
3.150000000000000e+00	6.676168691680145e-01
3.150000000000000e+00	6.431458809078222e-01
3.150000000000000e+00	6.260970988169607e-01
3.150000000000000e+00	6.672507394692685e-01
3.150000000000000e+00	6.328512149539189e-01
3.150000000000000e+00	5.945787149511497e-01
3.150000000000000e+00	6.287690762298613e-01
3.150000000000000e+00	6.382629236138033e-01
3.150000000000000e+00	6.414085989871158e-01
3.150000000000000e+00	6.333586708847054e-01
3.150000000000000e+00	6.432940236285551e-01
3.150000000000000e+00	5.975314895185024e-01
3.150000000000000e+00	6.151749280527025e-01
3.150000000000000e+00	6.394798214196229e-01
3.150000000000000e+00	6.299156136948628e-01
3.150000000000000e+00	6.008481818515690e-01
3.150000000000000e+00	6.566711374994642e-01
3.150000000000000e+00	6.658701287724109e-01
3.150000000000000e+00	6.404126178013000e-01
3.150000000000000e+00	6.264777676554519e-01
3.150000000000000e+00	6.553047278100693e-01
3.150000000000000e+00	6.619841310460211e-01
3.150000000000000e+00	6.371400399166222e-01
3.150000000000000e+00	6.600491985854647e-01
3.150000000000000e+00	6.462920538059178e-01
3.150000000000000e+00	6.272833481999618e-01
3.150000000000000e+00	6.236507143705230e-01
3.150000000000000e+00	6.234564147346368e-01
3.150000000000000e+00	6.151291026052729e-01
3.150000000000000e+00	6.287772108015171e-01
3.150000000000000e+00	6.339572451158365e-01
3.150000000000000e+00	6.430155251909838e-01
3.150000000000000e+00	6.233108313033575e-01
3.150000000000000e+00	6.666843509205912e-01
3.150000000000000e+00	6.548647307703365e-01
3.150000000000000e+00	6.562738011755017e-01
3.150000000000000e+00	6.065797345647288e-01
3.150000000000000e+00	6.788548426176433e-01
3.150000000000000e+00	6.320325001946610e-01
3.150000000000000e+00	6.026890768173943e-01
3.150000000000000e+00	6.547426611286044e-01
3.150000000000000e+00	6.334570576580358e-01
3.150000000000000e+00	6.706183397529718e-01
3.150000000000000e+00	6.658520901216405e-01
3.150000000000000e+00	6.347752278301237e-01
3.150000000000000e+00	6.612998182135952e-01
3.150000000000000e+00	6.519459655355136e-01
3.150000000000000e+00	6.652229184259656e-01
3.150000000000000e+00	6.836637849580816e-01
3.150000000000000e+00	6.381567147324794e-01
3.150000000000000e+00	6.396502290695025e-01
3.150000000000000e+00	6.453582784154502e-01
3.150000000000000e+00	6.605272772994760e-01
3.150000000000000e+00	6.285739197590967e-01
3.150000000000000e+00	6.060962524634070e-01
3.150000000000000e+00	6.258436926721455e-01
3.150000000000000e+00	6.333454571586330e-01
3.150000000000000e+00	6.352990116270418e-01
3.150000000000000e+00	6.003819447617211e-01
3.150000000000000e+00	6.401943248865887e-01
3.150000000000000e+00	6.404714745520228e-01
3.150000000000000e+00	6.008770492295814e-01
3.150000000000000e+00	6.320841024042022e-01
3.150000000000000e+00	6.366812711374857e-01
3.150000000000000e+00	6.197952755005099e-01
3.150000000000000e+00	6.570008170839783e-01
3.150000000000000e+00	6.550267768446726e-01
3.150000000000000e+00	6.328183287662216e-01
3.150000000000000e+00	6.369629274661582e-01
3.150000000000000e+00	6.226482049140610e-01
3.150000000000000e+00	6.495441120492739e-01
3.150000000000000e+00	6.099996007010156e-01
3.150000000000000e+00	6.492795129186255e-01
3.150000000000000e+00	6.657922574683074e-01
3.150000000000000e+00	6.507212458704600e-01
3.150000000000000e+00	6.565102017169153e-01
3.150000000000000e+00	6.484003321373881e-01
3.150000000000000e+00	6.494273899860007e-01
3.150000000000000e+00	6.152999071916098e-01
3.150000000000000e+00	6.378168948850114e-01
3.150000000000000e+00	6.653368941183879e-01
3.150000000000000e+00	6.248420274628532e-01
3.150000000000000e+00	5.883253605719073e-01
3.150000000000000e+00	6.873851695065271e-01
3.150000000000000e+00	6.427076014536049e-01
3.150000000000000e+00	6.636035207812505e-01
3.150000000000000e+00	6.356208908023213e-01
3.150000000000000e+00	6.538021598796653e-01
3.150000000000000e+00	6.811312599392627e-01
3.150000000000000e+00	6.724948554409889e-01
3.150000000000000e+00	6.401926808325084e-01
3.150000000000000e+00	6.600435932317131e-01
3.150000000000000e+00	6.309212502142421e-01
3.150000000000000e+00	6.461806540713424e-01
3.150000000000000e+00	6.595764194459253e-01
3.150000000000000e+00	6.135203834863630e-01
3.150000000000000e+00	6.173866833744629e-01
3.150000000000000e+00	6.739633484095473e-01
3.150000000000000e+00	6.014439949396512e-01
3.150000000000000e+00	6.049203113129946e-01
3.150000000000000e+00	6.313704889886196e-01
3.150000000000000e+00	6.342658970749042e-01
3.150000000000000e+00	6.261896718195552e-01
3.150000000000000e+00	6.068907429434157e-01
3.150000000000000e+00	6.207744810712587e-01
3.150000000000000e+00	6.509692393158512e-01
3.150000000000000e+00	6.388673716694867e-01
3.150000000000000e+00	6.244430925018835e-01
3.150000000000000e+00	5.995994353534001e-01
3.150000000000000e+00	6.300161267190529e-01
3.150000000000000e+00	7.031468831714954e-01
3.150000000000000e+00	6.448538737591318e-01
3.150000000000000e+00	6.579237891716198e-01
3.150000000000000e+00	6.685200654056577e-01
3.150000000000000e+00	6.135534134303127e-01
3.150000000000000e+00	6.302911294394904e-01
3.150000000000000e+00	6.583093022633563e-01
3.150000000000000e+00	6.631650268216394e-01
3.150000000000000e+00	5.986274128064394e-01
3.150000000000000e+00	5.993483976098444e-01
3.150000000000000e+00	6.551922472927252e-01
3.150000000000000e+00	6.125271155670886e-01
3.150000000000000e+00	6.012824152762112e-01
3.150000000000000e+00	6.265516772586199e-01
3.150000000000000e+00	6.414030732821032e-01
3.150000000000000e+00	6.356303801683115e-01
3.150000000000000e+00	6.203115069798940e-01
3.150000000000000e+00	6.310921118505032e-01
3.150000000000000e+00	6.403522601276598e-01
3.150000000000000e+00	6.137752983330707e-01
3.150000000000000e+00	6.322551827507101e-01
3.150000000000000e+00	6.508378088893605e-01
3.150000000000000e+00	6.499529755725760e-01
3.150000000000000e+00	6.760668464776191e-01
3.150000000000000e+00	6.076790567222687e-01
3.150000000000000e+00	6.184705497500477e-01
3.150000000000000e+00	6.482331705847573e-01
3.150000000000000e+00	6.674576158921616e-01
3.150000000000000e+00	6.410481044365941e-01
3.150000000000000e+00	6.374098690483216e-01
3.150000000000000e+00	6.675963206636536e-01
3.150000000000000e+00	6.240235473345443e-01
3.150000000000000e+00	6.798087453244130e-01
3.150000000000000e+00	6.676688705531795e-01
3.150000000000000e+00	6.246268255330891e-01
3.150000000000000e+00	6.848363494265663e-01
3.150000000000000e+00	6.628728117855794e-01
3.150000000000000e+00	6.249528726740341e-01
3.150000000000000e+00	6.658557687404038e-01
3.150000000000000e+00	6.205265990927592e-01
3.150000000000000e+00	6.698823778590238e-01
3.150000000000000e+00	6.763422732622951e-01
3.150000000000000e+00	6.663677650527499e-01
3.150000000000000e+00	6.298898455744112e-01
3.150000000000000e+00	6.286317787193981e-01
3.150000000000000e+00	6.809484244392841e-01
3.150000000000000e+00	6.325396252196699e-01
3.150000000000000e+00	6.468216763360765e-01
3.150000000000000e+00	6.434634075893785e-01
3.150000000000000e+00	6.446080252338594e-01
3.150000000000000e+00	6.474933651436141e-01
3.150000000000000e+00	7.055240508272117e-01
3.150000000000000e+00	6.549129849119720e-01
3.150000000000000e+00	6.630359748938793e-01
3.150000000000000e+00	6.614650812940305e-01
3.150000000000000e+00	6.568248682480056e-01
3.150000000000000e+00	6.388093004389712e-01
3.150000000000000e+00	6.363103155963802e-01
3.150000000000000e+00	6.658261352136069e-01
3.150000000000000e+00	6.585216767699474e-01
3.150000000000000e+00	6.804125474801875e-01
3.150000000000000e+00	6.092102601002558e-01
3.150000000000000e+00	6.432287194210186e-01
3.150000000000000e+00	6.336991431752713e-01
3.150000000000000e+00	6.610038607934395e-01
3.150000000000000e+00	6.625978168802631e-01
3.150000000000000e+00	6.508023912981468e-01
3.150000000000000e+00	6.495958176195497e-01
3.150000000000000e+00	6.503532125299381e-01
3.150000000000000e+00	6.823990746005323e-01
3.150000000000000e+00	6.261836386792915e-01
3.150000000000000e+00	6.431212678655810e-01
3.150000000000000e+00	6.042591403880115e-01
3.150000000000000e+00	6.231036246088023e-01
3.150000000000000e+00	6.007502851610091e-01
3.150000000000000e+00	6.495795019418715e-01
3.150000000000000e+00	6.282065386480066e-01
3.150000000000000e+00	6.613659705712055e-01
3.150000000000000e+00	6.642812629734665e-01
3.150000000000000e+00	6.305634659977355e-01
3.150000000000000e+00	6.019326164023613e-01
3.150000000000000e+00	6.948553978453289e-01
3.150000000000000e+00	6.579154991762256e-01
3.150000000000000e+00	6.403454751954974e-01
3.150000000000000e+00	6.675617664704212e-01
3.150000000000000e+00	6.525015541044077e-01
3.150000000000000e+00	6.628821397255235e-01
3.150000000000000e+00	6.379929021275770e-01
3.150000000000000e+00	6.150452820307264e-01
3.150000000000000e+00	6.524149280082290e-01
3.150000000000000e+00	6.375787000156128e-01
3.150000000000000e+00	6.446840305370545e-01
3.150000000000000e+00	6.519494904297005e-01
3.150000000000000e+00	6.304753950283705e-01
3.150000000000000e+00	6.695076345868335e-01
3.150000000000000e+00	6.565458743194186e-01
3.150000000000000e+00	6.642132066498041e-01
3.150000000000000e+00	6.213353829152719e-01
3.150000000000000e+00	6.585840231634772e-01
3.150000000000000e+00	6.450606498738413e-01
3.150000000000000e+00	6.095996328494826e-01
3.150000000000000e+00	6.746778321770280e-01
3.150000000000000e+00	6.650700388962090e-01
3.150000000000000e+00	6.317722270408415e-01
3.150000000000000e+00	5.827021386200603e-01
3.150000000000000e+00	6.588854435993373e-01
3.150000000000000e+00	6.319862789293619e-01
3.150000000000000e+00	6.010256954708681e-01
3.150000000000000e+00	6.213809656331469e-01
3.150000000000000e+00	6.231472556219251e-01
3.150000000000000e+00	6.530496355812730e-01
3.150000000000000e+00	6.627845540609119e-01
3.150000000000000e+00	6.605365170800661e-01
3.150000000000000e+00	6.328601536833058e-01
3.150000000000000e+00	6.150559748625098e-01
3.150000000000000e+00	6.234168614869282e-01
3.150000000000000e+00	6.391605245686195e-01
3.150000000000000e+00	6.200532443459578e-01
3.150000000000000e+00	6.707371464398311e-01
3.150000000000000e+00	6.097944853501281e-01
3.150000000000000e+00	6.593347690932482e-01
3.150000000000000e+00	6.310844111510424e-01
3.150000000000000e+00	6.796842928603309e-01
3.150000000000000e+00	6.737241300526396e-01
3.150000000000000e+00	6.437454341999272e-01
3.150000000000000e+00	6.201913866147211e-01
3.150000000000000e+00	6.362943165544656e-01
3.150000000000000e+00	6.546472824383348e-01
3.150000000000000e+00	6.914269606607487e-01
3.150000000000000e+00	6.832298432098539e-01
3.150000000000000e+00	6.431307167746005e-01
3.150000000000000e+00	6.285793011786278e-01
3.150000000000000e+00	6.392164501884514e-01
3.150000000000000e+00	6.481427730174224e-01
3.150000000000000e+00	6.023939807431112e-01
3.150000000000000e+00	6.307828112963324e-01
3.150000000000000e+00	6.013714000162720e-01
3.150000000000000e+00	6.023934550429798e-01
3.150000000000000e+00	5.930309330170669e-01
3.150000000000000e+00	6.125467657235647e-01
3.150000000000000e+00	5.868830169957848e-01
3.150000000000000e+00	6.016298880160064e-01
3.150000000000000e+00	6.454170093075842e-01
3.150000000000000e+00	6.205968406412856e-01
3.150000000000000e+00	6.023469167803103e-01
3.150000000000000e+00	6.613658211323130e-01
3.150000000000000e+00	5.882877837619996e-01
3.150000000000000e+00	6.437491819628083e-01
3.150000000000000e+00	6.356039316767355e-01
3.150000000000000e+00	6.285174565946691e-01
3.150000000000000e+00	6.383024321027377e-01
3.150000000000000e+00	6.773606002259307e-01
3.150000000000000e+00	6.206232049337419e-01
3.150000000000000e+00	6.681420988537353e-01
3.150000000000000e+00	6.330695826773030e-01
3.150000000000000e+00	6.411769899197107e-01
3.150000000000000e+00	6.356664229381727e-01
3.150000000000000e+00	6.820429099660572e-01
3.150000000000000e+00	6.299706068659217e-01
3.150000000000000e+00	6.432783228431899e-01
3.150000000000000e+00	6.722560728036410e-01
3.150000000000000e+00	6.679605899344032e-01
3.150000000000000e+00	6.710620696235385e-01
3.150000000000000e+00	6.303997609510263e-01
3.150000000000000e+00	6.594622239290563e-01
3.150000000000000e+00	6.352513220307571e-01
3.150000000000000e+00	6.276013884523882e-01
3.150000000000000e+00	6.082003769114576e-01
3.150000000000000e+00	6.199551851750855e-01
3.150000000000000e+00	5.472367539227094e-01
3.150000000000000e+00	6.311144515797739e-01
3.150000000000000e+00	6.604683129477138e-01
3.150000000000000e+00	6.355540853861167e-01
3.150000000000000e+00	6.401797788832214e-01
3.150000000000000e+00	6.351874397770386e-01
3.150000000000000e+00	6.418895448337164e-01
3.150000000000000e+00	6.208585069671593e-01
3.150000000000000e+00	6.833617439015266e-01
3.150000000000000e+00	6.205074574102132e-01
3.150000000000000e+00	6.345999618762471e-01
3.150000000000000e+00	6.352673665957747e-01
3.150000000000000e+00	6.443296420165620e-01
3.150000000000000e+00	6.739149725748015e-01
3.150000000000000e+00	6.545095973617185e-01
3.150000000000000e+00	6.098156949908857e-01
3.150000000000000e+00	6.164067330369702e-01
3.150000000000000e+00	6.528788201466100e-01
3.150000000000000e+00	6.488933121459670e-01
3.150000000000000e+00	6.412515632127838e-01
3.150000000000000e+00	6.389361047075263e-01
3.150000000000000e+00	6.508950100023831e-01
3.150000000000000e+00	6.631024284784047e-01
3.150000000000000e+00	6.524082320821377e-01
3.150000000000000e+00	5.990328312334393e-01
3.150000000000000e+00	6.807200113538681e-01
3.150000000000000e+00	6.831045613678075e-01
3.150000000000000e+00	6.036807678650268e-01
3.150000000000000e+00	5.925721004735576e-01
3.150000000000000e+00	6.222513504353433e-01
3.150000000000000e+00	6.199568242774582e-01
3.150000000000000e+00	6.618983703024903e-01
3.150000000000000e+00	6.587754360496123e-01
3.150000000000000e+00	6.687942169282634e-01
3.150000000000000e+00	6.525925810282494e-01
3.150000000000000e+00	6.407789503992360e-01
3.150000000000000e+00	6.178460023375686e-01
3.150000000000000e+00	6.476484473520661e-01
3.150000000000000e+00	6.258288386095296e-01
3.150000000000000e+00	6.100766671562615e-01
3.150000000000000e+00	6.350270546023602e-01
3.150000000000000e+00	6.734414586350107e-01
3.150000000000000e+00	6.530082188216297e-01
3.150000000000000e+00	6.354194177588618e-01
3.150000000000000e+00	6.626548212627623e-01
3.150000000000000e+00	6.362031935667242e-01
3.150000000000000e+00	6.960852938266090e-01
3.150000000000000e+00	6.038811602015913e-01
3.150000000000000e+00	6.306281836016768e-01
3.150000000000000e+00	6.803124586755753e-01
3.150000000000000e+00	6.716068345405267e-01
3.150000000000000e+00	6.486595093374213e-01
3.150000000000000e+00	6.610229740925235e-01
3.150000000000000e+00	6.754003659463501e-01
3.150000000000000e+00	6.095395324038368e-01
3.150000000000000e+00	6.298940289650311e-01
3.150000000000000e+00	6.423423887961144e-01
3.150000000000000e+00	6.385829968753178e-01
3.150000000000000e+00	6.611129396072275e-01
3.150000000000000e+00	6.393517235991514e-01
3.150000000000000e+00	6.187792522540386e-01
3.150000000000000e+00	6.726397079055351e-01
3.150000000000000e+00	6.259259532634512e-01
3.150000000000000e+00	6.729772157083372e-01
3.150000000000000e+00	6.453611119597050e-01
3.150000000000000e+00	6.337133940836711e-01
3.150000000000000e+00	6.124205487282403e-01
3.150000000000000e+00	6.160427864876722e-01
3.150000000000000e+00	6.148711739977735e-01
3.150000000000000e+00	6.639922511295518e-01
3.150000000000000e+00	6.243935681996932e-01
3.150000000000000e+00	6.568617108562589e-01
3.150000000000000e+00	6.540884317899015e-01
3.150000000000000e+00	6.170803237280957e-01
3.150000000000000e+00	6.664849275581320e-01
3.150000000000000e+00	5.996899721578555e-01
3.150000000000000e+00	6.556796448879678e-01
3.150000000000000e+00	6.606827010894307e-01
3.150000000000000e+00	6.554556436636771e-01
3.150000000000000e+00	6.284062005496319e-01
3.150000000000000e+00	6.820933650546864e-01
3.150000000000000e+00	6.088632730996579e-01
3.150000000000000e+00	6.277990420139941e-01
3.150000000000000e+00	6.720757221043896e-01
3.150000000000000e+00	5.705004068352723e-01
3.150000000000000e+00	6.405609263809185e-01
3.150000000000000e+00	6.340142788110074e-01
3.150000000000000e+00	6.158909455379337e-01
3.150000000000000e+00	6.272512693957022e-01
3.150000000000000e+00	6.478921213006611e-01
3.150000000000000e+00	6.745588449286345e-01
3.150000000000000e+00	6.834427551360779e-01
3.150000000000000e+00	6.321704342023471e-01
3.150000000000000e+00	6.331592414301095e-01
3.150000000000000e+00	6.469071139614724e-01
3.150000000000000e+00	6.601169031854390e-01
3.150000000000000e+00	6.513299504087215e-01
3.150000000000000e+00	6.458239008072698e-01
3.150000000000000e+00	6.598593639311904e-01
3.150000000000000e+00	6.548380875491071e-01
3.150000000000000e+00	6.904234270072158e-01
3.150000000000000e+00	6.324946659489227e-01
3.150000000000000e+00	6.040857125484013e-01
3.150000000000000e+00	6.338620949494357e-01
3.150000000000000e+00	6.567798309080362e-01
3.150000000000000e+00	6.306814221072289e-01
3.150000000000000e+00	6.616301850122588e-01
3.150000000000000e+00	6.387167648343315e-01
3.150000000000000e+00	5.887672530853501e-01
3.150000000000000e+00	6.498133346635513e-01
3.150000000000000e+00	6.335546073345520e-01
3.150000000000000e+00	6.363017202673851e-01
3.150000000000000e+00	6.940408154821175e-01
3.150000000000000e+00	6.218171848863545e-01
3.150000000000000e+00	6.123988296455277e-01
3.150000000000000e+00	6.489938619547411e-01
3.150000000000000e+00	6.482179950715237e-01
3.150000000000000e+00	6.027807472155666e-01
3.150000000000000e+00	6.536927267497461e-01
3.150000000000000e+00	6.874530652053233e-01
3.150000000000000e+00	6.915352137031126e-01
3.150000000000000e+00	6.449758455258853e-01
3.150000000000000e+00	6.406725623576862e-01
3.150000000000000e+00	6.551360160623461e-01
3.150000000000000e+00	6.827702463496148e-01
3.150000000000000e+00	6.275688097733785e-01
3.150000000000000e+00	6.326470740304591e-01
3.150000000000000e+00	6.616096837976762e-01
3.150000000000000e+00	6.689136495559495e-01
3.150000000000000e+00	6.230226458259650e-01
3.150000000000000e+00	6.413282311575652e-01
3.150000000000000e+00	6.781029987586815e-01
3.150000000000000e+00	7.156839420302549e-01
3.150000000000000e+00	6.589034071129048e-01
3.150000000000000e+00	6.445340828345084e-01
3.150000000000000e+00	6.861994681630569e-01
3.150000000000000e+00	6.641348249745538e-01
3.150000000000000e+00	6.056611600889684e-01
3.150000000000000e+00	6.620274651785456e-01
3.150000000000000e+00	6.536503239657491e-01
3.150000000000000e+00	6.050003791059365e-01
3.150000000000000e+00	6.488006377220948e-01
3.150000000000000e+00	6.236242524061772e-01
3.150000000000000e+00	6.266925705135766e-01
3.150000000000000e+00	6.481169419289173e-01
3.150000000000000e+00	6.515845288934242e-01
3.150000000000000e+00	6.358541618669346e-01
3.150000000000000e+00	5.983947935298247e-01
3.150000000000000e+00	6.848463294415165e-01
3.150000000000000e+00	6.378152490411234e-01
3.150000000000000e+00	6.532532499115782e-01
3.150000000000000e+00	6.506031369620299e-01
3.150000000000000e+00	6.632114926121805e-01
3.150000000000000e+00	6.687274906762244e-01
3.150000000000000e+00	6.249549338651509e-01
3.150000000000000e+00	6.777056218304953e-01
3.150000000000000e+00	6.811892423706085e-01
3.150000000000000e+00	5.896589218019890e-01
3.150000000000000e+00	6.791564606436921e-01
3.150000000000000e+00	6.150859085287265e-01
3.150000000000000e+00	6.424150225730688e-01
3.150000000000000e+00	6.190348963852512e-01
3.150000000000000e+00	6.376290809922674e-01
3.150000000000000e+00	6.501497571645926e-01
3.150000000000000e+00	6.990030952987166e-01
3.150000000000000e+00	6.639098735797569e-01
3.150000000000000e+00	6.780930574075320e-01
3.150000000000000e+00	6.167213873130220e-01
3.150000000000000e+00	6.839377703475384e-01
3.150000000000000e+00	6.520650775383419e-01
3.150000000000000e+00	6.934133177750429e-01
3.150000000000000e+00	6.732674951715251e-01
3.150000000000000e+00	6.415259899827698e-01
3.150000000000000e+00	6.165679749010949e-01
3.150000000000000e+00	6.665939786182051e-01
3.150000000000000e+00	6.532960201311411e-01
3.150000000000000e+00	5.847417084600675e-01
3.150000000000000e+00	6.023317074991003e-01
3.150000000000000e+00	6.922330225287160e-01
3.150000000000000e+00	6.479285608196462e-01
3.150000000000000e+00	6.059893732826931e-01
3.150000000000000e+00	6.289362810494195e-01
3.150000000000000e+00	6.681290282664823e-01
3.150000000000000e+00	6.166931068853894e-01
3.150000000000000e+00	6.261336491752993e-01
3.150000000000000e+00	6.717223191207563e-01
3.150000000000000e+00	6.693722968879130e-01
3.150000000000000e+00	6.476283458065780e-01
3.150000000000000e+00	6.085167854485747e-01
3.150000000000000e+00	5.892019881947314e-01
3.150000000000000e+00	6.774357403024395e-01
3.150000000000000e+00	6.659248075890187e-01
3.150000000000000e+00	6.589285545595737e-01
3.150000000000000e+00	6.245187604242081e-01
3.150000000000000e+00	6.357521985949556e-01
3.150000000000000e+00	6.198034149591193e-01
3.150000000000000e+00	6.096552191644165e-01
3.150000000000000e+00	6.461731035870918e-01
3.150000000000000e+00	6.399928171528009e-01
3.150000000000000e+00	6.561843117591293e-01
3.150000000000000e+00	6.548246440276244e-01
3.150000000000000e+00	6.624466878703366e-01
3.150000000000000e+00	6.184898704342501e-01
3.150000000000000e+00	6.153969475699849e-01
3.150000000000000e+00	6.546158015731767e-01
3.150000000000000e+00	6.838016963562218e-01
3.150000000000000e+00	6.604739282699044e-01
3.150000000000000e+00	5.689409360164941e-01
3.150000000000000e+00	6.391145988672191e-01
3.150000000000000e+00	6.507281372212128e-01
3.150000000000000e+00	6.516754026375525e-01
3.150000000000000e+00	6.760443668594962e-01
3.150000000000000e+00	6.826833476709140e-01
3.150000000000000e+00	6.632355835566971e-01
3.150000000000000e+00	6.146907410342002e-01
3.150000000000000e+00	6.086034872715177e-01
3.150000000000000e+00	5.944323760174345e-01
3.150000000000000e+00	6.189858044674388e-01
3.150000000000000e+00	6.194808658142013e-01
3.150000000000000e+00	6.127694300113929e-01
3.150000000000000e+00	6.619140663488197e-01
3.150000000000000e+00	6.488889143887581e-01
3.150000000000000e+00	6.309646855515888e-01
3.150000000000000e+00	6.007299658365862e-01
3.150000000000000e+00	6.425535115657096e-01
3.150000000000000e+00	6.649425217939190e-01
3.150000000000000e+00	6.349661349758230e-01
3.150000000000000e+00	6.599892274071550e-01
3.150000000000000e+00	6.105765554031389e-01
3.150000000000000e+00	6.275398081558523e-01
3.150000000000000e+00	6.550614862046507e-01
3.150000000000000e+00	6.000088504441858e-01
3.150000000000000e+00	6.200837884242619e-01
3.150000000000000e+00	6.409483537144970e-01
3.150000000000000e+00	6.624012581325589e-01
3.150000000000000e+00	6.251076207322854e-01
3.150000000000000e+00	6.612729913027061e-01
3.150000000000000e+00	6.885335698495363e-01
3.150000000000000e+00	6.229722419421710e-01
3.150000000000000e+00	6.070806424758092e-01
3.150000000000000e+00	5.959598407033013e-01
3.150000000000000e+00	6.244179280885950e-01
3.150000000000000e+00	6.537777359446894e-01
3.150000000000000e+00	6.795093550241148e-01
3.150000000000000e+00	6.414050881874872e-01
3.150000000000000e+00	6.358025182208672e-01
3.150000000000000e+00	6.154487506550752e-01
3.150000000000000e+00	6.587743914394161e-01
3.150000000000000e+00	5.936522271337307e-01
3.150000000000000e+00	6.385108331226875e-01
3.150000000000000e+00	6.134848427467086e-01
3.150000000000000e+00	6.403079386886029e-01
3.150000000000000e+00	6.287848860595729e-01
3.150000000000000e+00	6.417374533519827e-01
3.150000000000000e+00	6.124487911699681e-01
3.150000000000000e+00	6.122537209717120e-01
3.150000000000000e+00	5.914359324219940e-01
3.150000000000000e+00	6.629360418714600e-01
3.150000000000000e+00	6.423781448740956e-01
3.150000000000000e+00	6.782123347219789e-01
3.150000000000000e+00	6.294309421694697e-01
3.150000000000000e+00	6.478526654508694e-01
3.150000000000000e+00	6.475442055415445e-01
3.150000000000000e+00	6.001748113547766e-01
3.150000000000000e+00	6.647024553789975e-01
3.150000000000000e+00	6.422625264548480e-01
3.150000000000000e+00	6.454556258076846e-01
3.150000000000000e+00	6.647743078464962e-01
3.150000000000000e+00	6.505642679811870e-01
3.150000000000000e+00	6.395463643325301e-01
3.150000000000000e+00	6.022383748020279e-01
3.150000000000000e+00	6.470678041787316e-01
3.150000000000000e+00	6.384324816772741e-01
3.150000000000000e+00	6.314244641680199e-01
3.150000000000000e+00	6.143111661361478e-01
3.150000000000000e+00	6.502257152251358e-01
3.150000000000000e+00	6.612748483219476e-01
3.150000000000000e+00	6.415773063329772e-01
3.150000000000000e+00	6.840392521104671e-01
3.150000000000000e+00	6.567519920952057e-01
3.150000000000000e+00	6.732621793379032e-01
3.150000000000000e+00	6.287370143124807e-01
3.150000000000000e+00	6.455141294922822e-01
3.150000000000000e+00	6.654533321064869e-01
3.150000000000000e+00	6.416380949013136e-01
3.150000000000000e+00	6.139014337870330e-01
3.150000000000000e+00	6.106652625198239e-01
3.150000000000000e+00	6.607719458672879e-01
3.150000000000000e+00	6.830940445447837e-01
3.150000000000000e+00	6.180594902557817e-01
3.150000000000000e+00	6.569543277775105e-01
3.150000000000000e+00	6.521594149786766e-01
3.150000000000000e+00	6.037588633300121e-01
3.150000000000000e+00	6.343860385228444e-01
3.150000000000000e+00	6.663816095719429e-01
