3.350000000000000e+00	4.684208547349096e+00
3.350000000000000e+00	4.742761906366126e+00
3.350000000000000e+00	4.758546003801945e+00
3.350000000000000e+00	4.701687959940502e+00
3.350000000000000e+00	4.767547091115193e+00
3.350000000000000e+00	4.764066828217072e+00
3.350000000000000e+00	4.645722927803210e+00
3.350000000000000e+00	4.670483811669653e+00
3.350000000000000e+00	4.883711339839548e+00
3.350000000000000e+00	4.736230181423606e+00
3.350000000000000e+00	4.741081926307326e+00
3.350000000000000e+00	4.811939144565658e+00
3.350000000000000e+00	4.799075154093638e+00
3.350000000000000e+00	4.814684254491378e+00
3.350000000000000e+00	4.666681819851904e+00
3.350000000000000e+00	4.718503117432100e+00
3.350000000000000e+00	4.679742927728578e+00
3.350000000000000e+00	4.746954982265568e+00
3.350000000000000e+00	4.812569201311821e+00
3.350000000000000e+00	4.626658117293731e+00
3.350000000000000e+00	4.750756951096385e+00
3.350000000000000e+00	4.833178658336724e+00
3.350000000000000e+00	4.720399696213692e+00
3.350000000000000e+00	4.756149799863778e+00
3.350000000000000e+00	4.667298893094523e+00
3.350000000000000e+00	4.768470746507633e+00
3.350000000000000e+00	4.728146869301256e+00
3.350000000000000e+00	4.809123005790504e+00
3.350000000000000e+00	4.775988679118575e+00
3.350000000000000e+00	4.776320441028963e+00
3.350000000000000e+00	4.861043725293170e+00
3.350000000000000e+00	4.701877254404097e+00
3.350000000000000e+00	4.760428089597141e+00
3.350000000000000e+00	4.854789764352402e+00
3.350000000000000e+00	4.803237944692944e+00
3.350000000000000e+00	4.628596372987448e+00
3.350000000000000e+00	4.682370375212567e+00
3.350000000000000e+00	4.827580218346494e+00
3.350000000000000e+00	4.731397935092014e+00
3.350000000000000e+00	4.784608508567672e+00
3.350000000000000e+00	4.670376438969335e+00
3.350000000000000e+00	4.731275203737119e+00
3.350000000000000e+00	4.827175262396650e+00
3.350000000000000e+00	4.929789693572281e+00
3.350000000000000e+00	4.785691700063547e+00
3.350000000000000e+00	4.765608471033536e+00
3.350000000000000e+00	4.756454355080617e+00
3.350000000000000e+00	4.711379776850948e+00
3.350000000000000e+00	4.737425806335603e+00
3.350000000000000e+00	4.760262489521223e+00
3.350000000000000e+00	4.817831203468152e+00
3.350000000000000e+00	4.690004106182087e+00
3.350000000000000e+00	4.768706812553103e+00
3.350000000000000e+00	4.742814958195735e+00
3.350000000000000e+00	4.915802432683853e+00
3.350000000000000e+00	4.799089075584714e+00
3.350000000000000e+00	4.780874827609774e+00
3.350000000000000e+00	4.830945320494488e+00
3.350000000000000e+00	4.737213590386765e+00
3.350000000000000e+00	4.770308767809892e+00
3.350000000000000e+00	4.585313537937858e+00
3.350000000000000e+00	4.740091653999150e+00
3.350000000000000e+00	4.629432270887378e+00
3.350000000000000e+00	4.663887744498311e+00
3.350000000000000e+00	4.719870921331159e+00
3.350000000000000e+00	4.770579725546147e+00
3.350000000000000e+00	4.792310737005936e+00
3.350000000000000e+00	4.829345991000527e+00
3.350000000000000e+00	4.966457151845225e+00
3.350000000000000e+00	4.651458579441772e+00
3.350000000000000e+00	4.730257529494255e+00
3.350000000000000e+00	4.669186594018293e+00
3.350000000000000e+00	4.713284632412986e+00
3.350000000000000e+00	4.677212906011945e+00
3.350000000000000e+00	4.734999088421939e+00
3.350000000000000e+00	4.697233714509760e+00
3.350000000000000e+00	4.832643367450971e+00
3.350000000000000e+00	4.725000964686460e+00
3.350000000000000e+00	4.701053108071719e+00
3.350000000000000e+00	4.734666808012050e+00
3.350000000000000e+00	4.804840214329184e+00
3.350000000000000e+00	4.791477780680567e+00
3.350000000000000e+00	4.603857480231745e+00
3.350000000000000e+00	4.802296123045270e+00
3.350000000000000e+00	4.686043908396136e+00
3.350000000000000e+00	4.794527461659035e+00
3.350000000000000e+00	4.825331282034618e+00
3.350000000000000e+00	4.735186174593782e+00
3.350000000000000e+00	4.700039689228893e+00
3.350000000000000e+00	4.767904043724543e+00
3.350000000000000e+00	4.677797053180243e+00
3.350000000000000e+00	4.813715433144242e+00
3.350000000000000e+00	4.742580262808870e+00
3.350000000000000e+00	4.720862047759878e+00
3.350000000000000e+00	4.743867894084191e+00
3.350000000000000e+00	4.687372381749241e+00
3.350000000000000e+00	4.777624028053697e+00
3.350000000000000e+00	4.630096853122007e+00
3.350000000000000e+00	4.585320178947928e+00
3.350000000000000e+00	4.850213018573538e+00
3.350000000000000e+00	4.669295647403349e+00
3.350000000000000e+00	4.725307623452314e+00
3.350000000000000e+00	4.800385850418990e+00
3.350000000000000e+00	4.919515156899505e+00
3.350000000000000e+00	4.757773090816450e+00
3.350000000000000e+00	4.769007648196272e+00
3.350000000000000e+00	4.791733983704899e+00
3.350000000000000e+00	4.814411888270364e+00
3.350000000000000e+00	4.790690058579616e+00
3.350000000000000e+00	4.789762560051191e+00
3.350000000000000e+00	4.764971592108320e+00
3.350000000000000e+00	4.724610040303187e+00
3.350000000000000e+00	4.741775340852007e+00
3.350000000000000e+00	4.885991473868697e+00
3.350000000000000e+00	4.747258811838288e+00
3.350000000000000e+00	4.832378253831548e+00
3.350000000000000e+00	4.662403258854834e+00
3.350000000000000e+00	4.767692496240327e+00
3.350000000000000e+00	4.606881912158151e+00
3.350000000000000e+00	4.720274542854604e+00
3.350000000000000e+00	4.725453185534108e+00
3.350000000000000e+00	4.842853884231225e+00
3.350000000000000e+00	4.798578244737241e+00
3.350000000000000e+00	4.780232478193243e+00
3.350000000000000e+00	4.862023350842938e+00
3.350000000000000e+00	4.961612494070799e+00
3.350000000000000e+00	4.779081356999074e+00
3.350000000000000e+00	4.784956075909114e+00
3.350000000000000e+00	4.671895010389667e+00
3.350000000000000e+00	4.614922933922012e+00
3.350000000000000e+00	4.792611673563676e+00
3.350000000000000e+00	4.744109419461171e+00
3.350000000000000e+00	4.809501375623048e+00
3.350000000000000e+00	4.791789235224811e+00
3.350000000000000e+00	4.693762563540039e+00
3.350000000000000e+00	4.872998578713466e+00
3.350000000000000e+00	4.773826187922515e+00
3.350000000000000e+00	4.680390259040303e+00
3.350000000000000e+00	4.676137743574925e+00
3.350000000000000e+00	4.769075915927211e+00
3.350000000000000e+00	4.631879791788466e+00
3.350000000000000e+00	4.748625142919513e+00
3.350000000000000e+00	4.703745598848726e+00
3.350000000000000e+00	4.716758878149125e+00
3.350000000000000e+00	4.804118824098865e+00
3.350000000000000e+00	4.753755790824941e+00
3.350000000000000e+00	4.833756921862035e+00
3.350000000000000e+00	4.819905781996414e+00
3.350000000000000e+00	4.705593062416045e+00
3.350000000000000e+00	4.748167749041786e+00
3.350000000000000e+00	4.837246954147636e+00
3.350000000000000e+00	4.798276196058818e+00
3.350000000000000e+00	4.718687066512507e+00
3.350000000000000e+00	4.756100441022211e+00
3.350000000000000e+00	4.697225648351278e+00
3.350000000000000e+00	4.735098357149568e+00
3.350000000000000e+00	4.664519130698533e+00
3.350000000000000e+00	4.820614176470501e+00
3.350000000000000e+00	4.877961998743972e+00
3.350000000000000e+00	4.741615560171019e+00
3.350000000000000e+00	4.786391356511947e+00
3.350000000000000e+00	4.759141358116856e+00
3.350000000000000e+00	4.744290595317013e+00
3.350000000000000e+00	4.662324446465728e+00
3.350000000000000e+00	4.701775535428736e+00
3.350000000000000e+00	4.815918800604279e+00
3.350000000000000e+00	4.729367666535587e+00
3.350000000000000e+00	4.688680655242838e+00
3.350000000000000e+00	4.817423051106303e+00
3.350000000000000e+00	4.786017758505412e+00
3.350000000000000e+00	4.751485377300407e+00
3.350000000000000e+00	4.825427692656962e+00
3.350000000000000e+00	4.694738932174436e+00
3.350000000000000e+00	4.818873869779614e+00
3.350000000000000e+00	4.909958995519913e+00
3.350000000000000e+00	4.688250734374815e+00
3.350000000000000e+00	4.696488263884715e+00
3.350000000000000e+00	4.721845612823012e+00
3.350000000000000e+00	4.784813238446310e+00
3.350000000000000e+00	4.708012512562938e+00
3.350000000000000e+00	4.712655410963475e+00
3.350000000000000e+00	4.816410815946289e+00
3.350000000000000e+00	4.690003579058500e+00
3.350000000000000e+00	4.775403297033691e+00
3.350000000000000e+00	4.663530430574705e+00
3.350000000000000e+00	4.705019884481025e+00
3.350000000000000e+00	4.753734844171531e+00
3.350000000000000e+00	4.719702443579656e+00
3.350000000000000e+00	4.672762343471558e+00
3.350000000000000e+00	4.734311289284511e+00
3.350000000000000e+00	4.756460472009560e+00
3.350000000000000e+00	4.782480340285790e+00
3.350000000000000e+00	4.736400672210278e+00
3.350000000000000e+00	4.803036078242179e+00
3.350000000000000e+00	4.618166843621951e+00
3.350000000000000e+00	4.805702832419708e+00
3.350000000000000e+00	4.704623702575919e+00
3.350000000000000e+00	4.655795834313415e+00
3.350000000000000e+00	4.761183478871981e+00
3.350000000000000e+00	4.831873171744018e+00
3.350000000000000e+00	4.773963717141572e+00
3.350000000000000e+00	4.782501640127087e+00
3.350000000000000e+00	4.722191024320605e+00
3.350000000000000e+00	4.697580785293862e+00
3.350000000000000e+00	4.752287037381151e+00
3.350000000000000e+00	4.694641223440581e+00
3.350000000000000e+00	4.776577540708550e+00
3.350000000000000e+00	4.789600621924508e+00
3.350000000000000e+00	4.775085252603718e+00
3.350000000000000e+00	4.702911504996256e+00
3.350000000000000e+00	4.757134993008306e+00
3.350000000000000e+00	4.798068694598179e+00
3.350000000000000e+00	4.771126203755816e+00
3.350000000000000e+00	4.735890494737363e+00
3.350000000000000e+00	4.736078738906910e+00
3.350000000000000e+00	4.729579360863247e+00
3.350000000000000e+00	4.645308803068397e+00
3.350000000000000e+00	4.737327462929604e+00
3.350000000000000e+00	4.749837451085750e+00
3.350000000000000e+00	4.761457880048982e+00
3.350000000000000e+00	4.835599646432989e+00
3.350000000000000e+00	4.786897289449890e+00
3.350000000000000e+00	4.776596369876478e+00
3.350000000000000e+00	4.800492832496039e+00
3.350000000000000e+00	4.663135680657925e+00
3.350000000000000e+00	4.767456816714929e+00
3.350000000000000e+00	4.796694735237560e+00
3.350000000000000e+00	4.704670854194037e+00
3.350000000000000e+00	4.660027594632956e+00
3.350000000000000e+00	4.777000345540034e+00
3.350000000000000e+00	4.612052448667565e+00
3.350000000000000e+00	4.698892440093157e+00
3.350000000000000e+00	4.678641302702394e+00
3.350000000000000e+00	4.723509970529975e+00
3.350000000000000e+00	4.717584448477282e+00
3.350000000000000e+00	4.738953670576741e+00
3.350000000000000e+00	4.751641844380387e+00
3.350000000000000e+00	4.783275583235572e+00
3.350000000000000e+00	4.707085028853063e+00
3.350000000000000e+00	4.748714500485095e+00
3.350000000000000e+00	4.665716900822819e+00
3.350000000000000e+00	4.746360525575431e+00
3.350000000000000e+00	4.806347221368178e+00
3.350000000000000e+00	4.794983271548013e+00
3.350000000000000e+00	4.726648041796794e+00
3.350000000000000e+00	4.835989307944157e+00
3.350000000000000e+00	4.813184914544861e+00
3.350000000000000e+00	4.782152827492405e+00
3.350000000000000e+00	4.782559895915366e+00
3.350000000000000e+00	4.793356018264549e+00
3.350000000000000e+00	4.701428773775586e+00
3.350000000000000e+00	4.707930746992309e+00
3.350000000000000e+00	4.726407170716652e+00
3.350000000000000e+00	4.639738934810521e+00
3.350000000000000e+00	4.807294140112305e+00
3.350000000000000e+00	4.778037511674738e+00
3.350000000000000e+00	4.805555291426533e+00
3.350000000000000e+00	4.753918859297318e+00
3.350000000000000e+00	4.775767780032785e+00
3.350000000000000e+00	4.905303582375645e+00
3.350000000000000e+00	4.753621605764592e+00
3.350000000000000e+00	4.840438821286801e+00
3.350000000000000e+00	4.781962073494541e+00
3.350000000000000e+00	4.698215269860941e+00
3.350000000000000e+00	4.697212064724605e+00
3.350000000000000e+00	4.665042377068315e+00
3.350000000000000e+00	4.743099928211832e+00
3.350000000000000e+00	4.657983629916281e+00
3.350000000000000e+00	4.764194400673237e+00
3.350000000000000e+00	4.833923398914155e+00
3.350000000000000e+00	4.755787167551514e+00
3.350000000000000e+00	4.840837631763374e+00
3.350000000000000e+00	4.802736386403319e+00
3.350000000000000e+00	4.751967976615703e+00
3.350000000000000e+00	4.697060558455959e+00
3.350000000000000e+00	4.758366846368179e+00
3.350000000000000e+00	4.851709180951197e+00
3.350000000000000e+00	4.760176122208566e+00
3.350000000000000e+00	4.898812030458073e+00
3.350000000000000e+00	4.744914211939549e+00
3.350000000000000e+00	4.903826002422648e+00
3.350000000000000e+00	4.801327766471259e+00
3.350000000000000e+00	4.759593203341741e+00
3.350000000000000e+00	4.692472488010539e+00
3.350000000000000e+00	4.804110416924644e+00
3.350000000000000e+00	4.709540524150195e+00
3.350000000000000e+00	4.749099947344771e+00
3.350000000000000e+00	4.769444487225099e+00
3.350000000000000e+00	4.783431764634939e+00
3.350000000000000e+00	4.720387567047500e+00
3.350000000000000e+00	4.846163443865943e+00
3.350000000000000e+00	4.765037183876688e+00
3.350000000000000e+00	4.737473245593412e+00
3.350000000000000e+00	4.902492267298449e+00
3.350000000000000e+00	4.687161872806744e+00
3.350000000000000e+00	4.710397696163685e+00
3.350000000000000e+00	4.597994487207829e+00
3.350000000000000e+00	4.728722111593576e+00
3.350000000000000e+00	4.850957097850053e+00
3.350000000000000e+00	4.781233651281354e+00
3.350000000000000e+00	4.662131471183123e+00
3.350000000000000e+00	4.757609954143519e+00
3.350000000000000e+00	4.637487221814625e+00
3.350000000000000e+00	4.745812086246973e+00
3.350000000000000e+00	4.899069071360093e+00
3.350000000000000e+00	4.914961834618607e+00
3.350000000000000e+00	4.824070720847588e+00
3.350000000000000e+00	4.810772117912524e+00
3.350000000000000e+00	4.653466222801049e+00
3.350000000000000e+00	4.674504177907123e+00
3.350000000000000e+00	4.809172670694356e+00
3.350000000000000e+00	4.800183688026816e+00
3.350000000000000e+00	4.777346950175903e+00
3.350000000000000e+00	4.666376186478443e+00
3.350000000000000e+00	4.797466917529217e+00
3.350000000000000e+00	4.707709083068769e+00
3.350000000000000e+00	4.745641605756372e+00
3.350000000000000e+00	4.817980381606198e+00
3.350000000000000e+00	4.716848041356922e+00
3.350000000000000e+00	4.802870100767572e+00
3.350000000000000e+00	4.808763545464285e+00
3.350000000000000e+00	4.681456510746584e+00
3.350000000000000e+00	4.879374001544707e+00
3.350000000000000e+00	4.816925404892978e+00
3.350000000000000e+00	4.666805331005992e+00
3.350000000000000e+00	4.703323373569877e+00
3.350000000000000e+00	4.815864996129435e+00
3.350000000000000e+00	4.661345377711768e+00
3.350000000000000e+00	4.854833970643682e+00
3.350000000000000e+00	4.766577396958191e+00
3.350000000000000e+00	4.589617857073963e+00
3.350000000000000e+00	4.739707409617520e+00
3.350000000000000e+00	4.827814160311469e+00
3.350000000000000e+00	4.795868786626142e+00
3.350000000000000e+00	4.755080649465063e+00
3.350000000000000e+00	4.745847872670945e+00
3.350000000000000e+00	4.823940374992879e+00
3.350000000000000e+00	4.869296838633288e+00
3.350000000000000e+00	4.679357628372535e+00
3.350000000000000e+00	4.812670363657428e+00
3.350000000000000e+00	4.838456518397404e+00
3.350000000000000e+00	4.789286172296455e+00
3.350000000000000e+00	4.683361358078564e+00
3.350000000000000e+00	4.870583455197564e+00
3.350000000000000e+00	4.736560982704534e+00
3.350000000000000e+00	4.680737922622257e+00
3.350000000000000e+00	4.799005745737806e+00
3.350000000000000e+00	4.775555953522227e+00
3.350000000000000e+00	4.719171234789616e+00
3.350000000000000e+00	4.641123358950611e+00
3.350000000000000e+00	4.686221365450880e+00
3.350000000000000e+00	4.739918595694085e+00
3.350000000000000e+00	4.758175529492818e+00
3.350000000000000e+00	4.716336966597255e+00
3.350000000000000e+00	4.734455920345336e+00
3.350000000000000e+00	4.734148748471027e+00
3.350000000000000e+00	4.842939440788534e+00
3.350000000000000e+00	4.781153849331626e+00
3.350000000000000e+00	4.789698887200561e+00
3.350000000000000e+00	4.779298385906486e+00
3.350000000000000e+00	4.701174867079561e+00
3.350000000000000e+00	4.639766335549014e+00
3.350000000000000e+00	4.763287321407013e+00
3.350000000000000e+00	4.715017530966081e+00
3.350000000000000e+00	4.827019065360044e+00
3.350000000000000e+00	4.731531087895817e+00
3.350000000000000e+00	4.707441453518911e+00
3.350000000000000e+00	4.852258614154428e+00
3.350000000000000e+00	4.677507173305642e+00
3.350000000000000e+00	4.795536407015556e+00
3.350000000000000e+00	4.786881749825510e+00
3.350000000000000e+00	4.671344605125878e+00
3.350000000000000e+00	4.805404196180434e+00
3.350000000000000e+00	4.780025084724005e+00
3.350000000000000e+00	4.747519694953931e+00
3.350000000000000e+00	4.695728175698799e+00
3.350000000000000e+00	4.920503979825665e+00
3.350000000000000e+00	4.772597599430105e+00
3.350000000000000e+00	4.705128646995417e+00
3.350000000000000e+00	4.736275990102426e+00
3.350000000000000e+00	4.819774443485391e+00
3.350000000000000e+00	4.695199197060770e+00
3.350000000000000e+00	4.806394355236796e+00
3.350000000000000e+00	4.655433588700291e+00
3.350000000000000e+00	4.781417700830572e+00
3.350000000000000e+00	4.784875830666032e+00
3.350000000000000e+00	4.799594513701377e+00
3.350000000000000e+00	4.689977312325591e+00
3.350000000000000e+00	4.833242323228454e+00
3.350000000000000e+00	4.777049017370016e+00
3.350000000000000e+00	4.660447231167534e+00
3.350000000000000e+00	4.748259101186134e+00
3.350000000000000e+00	4.737672222671754e+00
3.350000000000000e+00	4.886832629449072e+00
3.350000000000000e+00	4.830791316471238e+00
3.350000000000000e+00	4.664625974437357e+00
3.350000000000000e+00	4.791522976433030e+00
3.350000000000000e+00	4.804005658611153e+00
3.350000000000000e+00	4.776412893514660e+00
3.350000000000000e+00	4.684056532423139e+00
3.350000000000000e+00	4.869310893971025e+00
3.350000000000000e+00	4.731870947458345e+00
3.350000000000000e+00	4.702489377114077e+00
3.350000000000000e+00	4.718640244802470e+00
3.350000000000000e+00	4.869382890221113e+00
3.350000000000000e+00	4.777840777867087e+00
3.350000000000000e+00	4.827390234521728e+00
3.350000000000000e+00	4.724898677102932e+00
3.350000000000000e+00	4.748435496410091e+00
3.350000000000000e+00	4.810923413495004e+00
3.350000000000000e+00	4.748429636210317e+00
3.350000000000000e+00	4.748964602810315e+00
3.350000000000000e+00	4.684059876237187e+00
3.350000000000000e+00	4.691016985869566e+00
3.350000000000000e+00	4.860488715399002e+00
3.350000000000000e+00	4.706270531752085e+00
3.350000000000000e+00	4.714902869260550e+00
3.350000000000000e+00	4.729687380966000e+00
3.350000000000000e+00	4.803298293057448e+00
3.350000000000000e+00	4.634476566600135e+00
3.350000000000000e+00	4.807100000018851e+00
3.350000000000000e+00	4.729186564961597e+00
3.350000000000000e+00	4.688127387227292e+00
3.350000000000000e+00	4.634647225178633e+00
3.350000000000000e+00	4.762176071293579e+00
3.350000000000000e+00	4.681416559498997e+00
3.350000000000000e+00	4.819616296401693e+00
3.350000000000000e+00	4.823814915955739e+00
3.350000000000000e+00	4.873350407829897e+00
3.350000000000000e+00	4.583686179373869e+00
3.350000000000000e+00	4.897954049086693e+00
3.350000000000000e+00	4.769751693093797e+00
3.350000000000000e+00	4.775320177726991e+00
3.350000000000000e+00	4.754450072142487e+00
3.350000000000000e+00	4.837147158402380e+00
3.350000000000000e+00	4.741661595563677e+00
3.350000000000000e+00	4.863876619775139e+00
3.350000000000000e+00	4.731959767544897e+00
3.350000000000000e+00	4.654985017815823e+00
3.350000000000000e+00	4.797634785383911e+00
3.350000000000000e+00	4.846213266429940e+00
3.350000000000000e+00	4.658053952139204e+00
3.350000000000000e+00	4.708180515233680e+00
3.350000000000000e+00	4.713184615762975e+00
3.350000000000000e+00	4.655267995771958e+00
3.350000000000000e+00	4.677487673237944e+00
3.350000000000000e+00	4.755697933755338e+00
3.350000000000000e+00	4.726542303364969e+00
3.350000000000000e+00	4.775300236518645e+00
3.350000000000000e+00	4.718565968823569e+00
3.350000000000000e+00	4.747358024396005e+00
3.350000000000000e+00	4.723232286833206e+00
3.350000000000000e+00	4.851222567483660e+00
3.350000000000000e+00	4.734682681372410e+00
3.350000000000000e+00	4.791062363063718e+00
3.350000000000000e+00	4.689214223563817e+00
3.350000000000000e+00	4.765278787865952e+00
3.350000000000000e+00	4.724405172971448e+00
3.350000000000000e+00	4.676130698362885e+00
3.350000000000000e+00	4.863498362475069e+00
3.350000000000000e+00	4.676440194328480e+00
3.350000000000000e+00	4.742561430214183e+00
3.350000000000000e+00	4.670759069393553e+00
3.350000000000000e+00	4.837141117860568e+00
3.350000000000000e+00	4.655915841927435e+00
3.350000000000000e+00	4.723646532548688e+00
3.350000000000000e+00	4.866483334978104e+00
3.350000000000000e+00	4.816020088630943e+00
3.350000000000000e+00	4.746821995458193e+00
3.350000000000000e+00	4.651948488551596e+00
3.350000000000000e+00	4.830683796768703e+00
3.350000000000000e+00	4.759102664543683e+00
3.350000000000000e+00	4.880517604093997e+00
3.350000000000000e+00	4.855154409484820e+00
3.350000000000000e+00	4.810289531501176e+00
3.350000000000000e+00	4.754140703310977e+00
3.350000000000000e+00	4.728223192307473e+00
3.350000000000000e+00	4.750439518736639e+00
3.350000000000000e+00	4.799450367164258e+00
3.350000000000000e+00	4.699071402069704e+00
3.350000000000000e+00	4.791616944104031e+00
3.350000000000000e+00	4.851949302708914e+00
3.350000000000000e+00	4.909036149459868e+00
3.350000000000000e+00	4.847337425073411e+00
3.350000000000000e+00	4.702254093761592e+00
3.350000000000000e+00	4.671279044603981e+00
3.350000000000000e+00	4.788421842812504e+00
3.350000000000000e+00	4.812690949825572e+00
3.350000000000000e+00	4.739803386300196e+00
3.350000000000000e+00	4.684056176314103e+00
3.350000000000000e+00	4.728267647569295e+00
3.350000000000000e+00	4.767835750510184e+00
3.350000000000000e+00	4.617097679387507e+00
3.350000000000000e+00	4.832980315378347e+00
3.350000000000000e+00	4.795808071979872e+00
3.350000000000000e+00	4.761534066003966e+00
3.350000000000000e+00	4.783376441511672e+00
3.350000000000000e+00	4.740960850647308e+00
3.350000000000000e+00	4.696609323109824e+00
3.350000000000000e+00	4.693120945221018e+00
3.350000000000000e+00	4.711125182655692e+00
3.350000000000000e+00	4.755619080598625e+00
3.350000000000000e+00	4.749698435626364e+00
3.350000000000000e+00	4.808119525427398e+00
3.350000000000000e+00	4.766480045647546e+00
3.350000000000000e+00	4.813711523944090e+00
3.350000000000000e+00	4.779347674932215e+00
3.350000000000000e+00	4.781706078437790e+00
3.350000000000000e+00	4.601603507956867e+00
3.350000000000000e+00	4.765562178584018e+00
3.350000000000000e+00	4.828633264944090e+00
3.350000000000000e+00	4.763946867205536e+00
3.350000000000000e+00	4.726555672701990e+00
3.350000000000000e+00	4.776560763741903e+00
3.350000000000000e+00	4.836058710592865e+00
3.350000000000000e+00	4.786003347286210e+00
3.350000000000000e+00	4.751805350193748e+00
3.350000000000000e+00	4.714633586578250e+00
3.350000000000000e+00	4.779365568415541e+00
3.350000000000000e+00	4.669214213894545e+00
3.350000000000000e+00	4.682674189508221e+00
3.350000000000000e+00	4.722521580240306e+00
3.350000000000000e+00	4.777983991958125e+00
3.350000000000000e+00	4.780453869317825e+00
3.350000000000000e+00	4.718914825390940e+00
3.350000000000000e+00	4.751089059730210e+00
3.350000000000000e+00	4.730560694256344e+00
3.350000000000000e+00	4.679317490477257e+00
3.350000000000000e+00	4.621171645179585e+00
3.350000000000000e+00	4.679210690763266e+00
3.350000000000000e+00	4.617358632979697e+00
3.350000000000000e+00	4.790922782486200e+00
3.350000000000000e+00	4.842735519363696e+00
3.350000000000000e+00	4.726000813244367e+00
3.350000000000000e+00	4.709209623616245e+00
3.350000000000000e+00	4.717694168961841e+00
3.350000000000000e+00	4.767415905081877e+00
3.350000000000000e+00	4.599093436045843e+00
3.350000000000000e+00	4.679217549187054e+00
3.350000000000000e+00	4.746143004556958e+00
3.350000000000000e+00	4.785659135175086e+00
3.350000000000000e+00	4.784561241228763e+00
3.350000000000000e+00	4.770692029746042e+00
3.350000000000000e+00	4.680759856052108e+00
3.350000000000000e+00	4.861071521616016e+00
3.350000000000000e+00	4.694995344647960e+00
3.350000000000000e+00	4.826165326475468e+00
3.350000000000000e+00	4.693525880699218e+00
3.350000000000000e+00	4.845427558236812e+00
3.350000000000000e+00	4.729545531469741e+00
3.350000000000000e+00	4.757224668350298e+00
3.350000000000000e+00	4.732684086767556e+00
3.350000000000000e+00	4.774789173089924e+00
3.350000000000000e+00	4.660609920188589e+00
3.350000000000000e+00	4.677758552230049e+00
3.350000000000000e+00	4.726967936668002e+00
3.350000000000000e+00	4.714867209030560e+00
3.350000000000000e+00	4.738000325567092e+00
3.350000000000000e+00	4.739340601768729e+00
3.350000000000000e+00	4.840125900851047e+00
3.350000000000000e+00	4.769697705465690e+00
3.350000000000000e+00	4.761847944966727e+00
3.350000000000000e+00	4.699210351836292e+00
3.350000000000000e+00	4.782917614610552e+00
3.350000000000000e+00	4.729247209447943e+00
3.350000000000000e+00	4.716638419314350e+00
3.350000000000000e+00	4.703604617250264e+00
3.350000000000000e+00	4.836112796427105e+00
3.350000000000000e+00	4.772351212598282e+00
3.350000000000000e+00	4.774056795806894e+00
3.350000000000000e+00	4.776916495892321e+00
3.350000000000000e+00	4.774615574221167e+00
3.350000000000000e+00	4.742942396105457e+00
3.350000000000000e+00	4.804508924771524e+00
3.350000000000000e+00	4.860204116607035e+00
3.350000000000000e+00	4.764396333165508e+00
3.350000000000000e+00	4.628146760436318e+00
3.350000000000000e+00	4.676856694809687e+00
3.350000000000000e+00	4.866626893855674e+00
3.350000000000000e+00	4.752587901282701e+00
3.350000000000000e+00	4.709433718509160e+00
3.350000000000000e+00	4.830294278947487e+00
3.350000000000000e+00	4.653269546424069e+00
3.350000000000000e+00	4.625634011959176e+00
3.350000000000000e+00	4.732154217857572e+00
3.350000000000000e+00	4.815017358307395e+00
3.350000000000000e+00	4.772212103119298e+00
3.350000000000000e+00	4.838835303511305e+00
3.350000000000000e+00	4.681570043377726e+00
3.350000000000000e+00	4.713102200540733e+00
3.350000000000000e+00	4.702818535031543e+00
3.350000000000000e+00	4.856202272376674e+00
3.350000000000000e+00	4.751558446789317e+00
3.350000000000000e+00	4.761683123779206e+00
3.350000000000000e+00	4.765282912203155e+00
3.350000000000000e+00	4.606180274788951e+00
3.350000000000000e+00	4.770459500590553e+00
3.350000000000000e+00	4.821111927665327e+00
3.350000000000000e+00	4.764050174385519e+00
3.350000000000000e+00	4.758208262668875e+00
3.350000000000000e+00	4.754731845758036e+00
3.350000000000000e+00	4.822224962416342e+00
3.350000000000000e+00	4.729506858572146e+00
3.350000000000000e+00	4.788640117235953e+00
3.350000000000000e+00	4.940200414326739e+00
3.350000000000000e+00	4.801550774284083e+00
3.350000000000000e+00	4.699925374494467e+00
3.350000000000000e+00	4.724085302447844e+00
3.350000000000000e+00	4.731488008156590e+00
3.350000000000000e+00	4.798104926320365e+00
3.350000000000000e+00	4.800117832715832e+00
3.350000000000000e+00	4.831036752125383e+00
3.350000000000000e+00	4.845501556053628e+00
3.350000000000000e+00	4.808184317585200e+00
3.350000000000000e+00	4.691830535976385e+00
3.350000000000000e+00	4.662380471622810e+00
3.350000000000000e+00	4.844832258390731e+00
3.350000000000000e+00	4.944921503134101e+00
3.350000000000000e+00	4.768697136130486e+00
3.350000000000000e+00	4.835317665060206e+00
3.350000000000000e+00	4.768666745905268e+00
3.350000000000000e+00	4.774734137886651e+00
3.350000000000000e+00	4.818713742106928e+00
3.350000000000000e+00	4.725915903706147e+00
3.350000000000000e+00	4.752992534216289e+00
3.350000000000000e+00	4.569552966435165e+00
3.350000000000000e+00	4.782164577339613e+00
3.350000000000000e+00	4.599517318346578e+00
3.350000000000000e+00	4.751667293794803e+00
3.350000000000000e+00	4.775380249605513e+00
3.350000000000000e+00	4.683127747035610e+00
3.350000000000000e+00	4.672187101751117e+00
3.350000000000000e+00	4.833774605222440e+00
3.350000000000000e+00	4.746996570264475e+00
3.350000000000000e+00	4.676204570872708e+00
3.350000000000000e+00	4.732919757829773e+00
3.350000000000000e+00	4.726572674014871e+00
3.350000000000000e+00	4.895765310038779e+00
3.350000000000000e+00	4.715731495429115e+00
3.350000000000000e+00	4.807646429989743e+00
3.350000000000000e+00	4.774696517990409e+00
3.350000000000000e+00	4.677705063662867e+00
3.350000000000000e+00	4.759713460751341e+00
3.350000000000000e+00	4.834922896896321e+00
3.350000000000000e+00	4.776445592109042e+00
3.350000000000000e+00	4.700876955954351e+00
3.350000000000000e+00	4.751770869309698e+00
3.350000000000000e+00	4.780025982523327e+00
3.350000000000000e+00	4.695599342021893e+00
3.350000000000000e+00	4.903675872053877e+00
3.350000000000000e+00	4.699648371073066e+00
3.350000000000000e+00	4.817318742873667e+00
3.350000000000000e+00	4.697902311967608e+00
3.350000000000000e+00	4.696271429166041e+00
3.350000000000000e+00	4.694832824797571e+00
3.350000000000000e+00	4.702550582580377e+00
3.350000000000000e+00	4.770369042579066e+00
3.350000000000000e+00	4.784220584598435e+00
3.350000000000000e+00	4.791684052269577e+00
3.350000000000000e+00	4.769759752814737e+00
3.350000000000000e+00	4.710879629938424e+00
3.350000000000000e+00	4.771285543772169e+00
3.350000000000000e+00	4.701414273233736e+00
3.350000000000000e+00	4.846064298425591e+00
3.350000000000000e+00	4.853696587009889e+00
3.350000000000000e+00	4.741944347979485e+00
3.350000000000000e+00	4.720500815854860e+00
3.350000000000000e+00	4.631811406486048e+00
3.350000000000000e+00	4.755976628416245e+00
3.350000000000000e+00	4.924488365606717e+00
3.350000000000000e+00	4.648966231533718e+00
3.350000000000000e+00	4.741022502940563e+00
3.350000000000000e+00	4.808565979687084e+00
3.350000000000000e+00	4.710332531577642e+00
3.350000000000000e+00	4.633634258993546e+00
3.350000000000000e+00	4.681321959631427e+00
3.350000000000000e+00	4.773477357323621e+00
3.350000000000000e+00	4.762618456782008e+00
3.350000000000000e+00	4.770245253975488e+00
3.350000000000000e+00	4.686958452563059e+00
3.350000000000000e+00	4.806231051832822e+00
3.350000000000000e+00	4.735446888632916e+00
3.350000000000000e+00	4.725856722660597e+00
3.350000000000000e+00	4.665980548258824e+00
3.350000000000000e+00	4.659143482498547e+00
3.350000000000000e+00	4.767272413583914e+00
3.350000000000000e+00	4.713864242608802e+00
3.350000000000000e+00	4.748139157264927e+00
3.350000000000000e+00	4.713826366534670e+00
3.350000000000000e+00	4.724175917742129e+00
3.350000000000000e+00	4.682498656132429e+00
3.350000000000000e+00	4.810966207777555e+00
3.350000000000000e+00	4.847009081627766e+00
3.350000000000000e+00	4.890133797151119e+00
3.350000000000000e+00	4.718201184266520e+00
3.350000000000000e+00	4.611198585812796e+00
3.350000000000000e+00	4.716158881653758e+00
3.350000000000000e+00	4.748756789621551e+00
3.350000000000000e+00	4.773028525253439e+00
3.350000000000000e+00	4.801044095972983e+00
3.350000000000000e+00	4.886594350687314e+00
3.350000000000000e+00	4.728133674821088e+00
3.350000000000000e+00	4.830436927383583e+00
3.350000000000000e+00	4.820096661282882e+00
3.350000000000000e+00	4.977886853287163e+00
3.350000000000000e+00	4.781638795298505e+00
3.350000000000000e+00	4.718463348356423e+00
3.350000000000000e+00	4.775610962000099e+00
3.350000000000000e+00	4.856652202079069e+00
3.350000000000000e+00	4.807684190110987e+00
3.350000000000000e+00	4.650899480755212e+00
3.350000000000000e+00	4.813999546624935e+00
3.350000000000000e+00	4.725335855898336e+00
3.350000000000000e+00	4.738600171536345e+00
3.350000000000000e+00	4.828944142683707e+00
3.350000000000000e+00	4.667026463899437e+00
3.350000000000000e+00	4.738210612195979e+00
3.350000000000000e+00	4.720238019582798e+00
3.350000000000000e+00	4.805176886409065e+00
3.350000000000000e+00	4.779029967393498e+00
3.350000000000000e+00	4.702263031211876e+00
3.350000000000000e+00	4.774114496523296e+00
3.350000000000000e+00	4.739307802639640e+00
3.350000000000000e+00	4.800759023768078e+00
3.350000000000000e+00	4.755151621557982e+00
3.350000000000000e+00	4.624544010799799e+00
3.350000000000000e+00	4.811676264814504e+00
3.350000000000000e+00	4.686049865688410e+00
3.350000000000000e+00	4.686556147448754e+00
3.350000000000000e+00	4.799567230623327e+00
3.350000000000000e+00	4.733401189905616e+00
3.350000000000000e+00	4.674798090941824e+00
3.350000000000000e+00	4.708103064722219e+00
3.350000000000000e+00	4.705641216538849e+00
3.350000000000000e+00	4.932471826778126e+00
3.350000000000000e+00	4.701337253079339e+00
3.350000000000000e+00	4.780310525509742e+00
3.350000000000000e+00	4.763490617114615e+00
3.350000000000000e+00	4.772849328941774e+00
3.350000000000000e+00	4.715153190729877e+00
3.350000000000000e+00	4.740820980691568e+00
3.350000000000000e+00	4.814975660863015e+00
3.350000000000000e+00	4.719266528974829e+00
3.350000000000000e+00	4.707151567609134e+00
3.350000000000000e+00	4.793976338580164e+00
3.350000000000000e+00	4.743881630739407e+00
3.350000000000000e+00	4.773819490222083e+00
3.350000000000000e+00	4.773601598492940e+00
3.350000000000000e+00	4.784913545850019e+00
3.350000000000000e+00	4.881539372472735e+00
3.350000000000000e+00	4.847922192657277e+00
3.350000000000000e+00	4.765855858603182e+00
3.350000000000000e+00	4.810685661331783e+00
3.350000000000000e+00	4.603207115460881e+00
3.350000000000000e+00	4.825864327653960e+00
3.350000000000000e+00	4.858674687635676e+00
3.350000000000000e+00	4.658687454043056e+00
3.350000000000000e+00	4.748681758690743e+00
3.350000000000000e+00	4.696366931955176e+00
3.350000000000000e+00	4.688099448753333e+00
3.350000000000000e+00	4.812894903491168e+00
3.350000000000000e+00	4.750882355450131e+00
3.350000000000000e+00	4.757300623407287e+00
3.350000000000000e+00	4.772443636900194e+00
3.350000000000000e+00	4.691722986103638e+00
3.350000000000000e+00	4.726681142637776e+00
3.350000000000000e+00	4.842312373883016e+00
3.350000000000000e+00	4.828859571714998e+00
3.350000000000000e+00	4.739325766782736e+00
3.350000000000000e+00	4.779415961617360e+00
3.350000000000000e+00	4.919640489947985e+00
3.350000000000000e+00	4.752222010358281e+00
3.350000000000000e+00	4.754382094406427e+00
3.350000000000000e+00	4.692969014772115e+00
3.350000000000000e+00	4.767468938985264e+00
3.350000000000000e+00	4.704172500615884e+00
3.350000000000000e+00	4.751014487738981e+00
3.350000000000000e+00	4.695791005386613e+00
3.350000000000000e+00	4.700544711881296e+00
3.350000000000000e+00	4.701423237456127e+00
3.350000000000000e+00	4.672925299573363e+00
3.350000000000000e+00	4.748999773643586e+00
3.350000000000000e+00	4.633567676902848e+00
3.350000000000000e+00	4.790070236029872e+00
3.350000000000000e+00	4.724591208156927e+00
3.350000000000000e+00	4.738601256422893e+00
3.350000000000000e+00	4.793043960606019e+00
3.350000000000000e+00	4.823866093634255e+00
3.350000000000000e+00	4.717319769323840e+00
3.350000000000000e+00	4.712879062651347e+00
3.350000000000000e+00	4.751591894918217e+00
3.350000000000000e+00	4.770755135942426e+00
3.350000000000000e+00	4.763047606264579e+00
3.350000000000000e+00	4.895936128943216e+00
3.350000000000000e+00	4.715867808247449e+00
3.350000000000000e+00	4.797407437878721e+00
3.350000000000000e+00	4.706322818761747e+00
3.350000000000000e+00	4.880818229530106e+00
3.350000000000000e+00	4.738370595113928e+00
3.350000000000000e+00	4.727800096840554e+00
3.350000000000000e+00	4.687896080631727e+00
3.350000000000000e+00	4.835416935609258e+00
3.350000000000000e+00	4.676753363365053e+00
3.350000000000000e+00	4.872772104331133e+00
3.350000000000000e+00	4.599370503552088e+00
3.350000000000000e+00	4.805521405153745e+00
3.350000000000000e+00	4.742722576389319e+00
3.350000000000000e+00	4.814212789158038e+00
3.350000000000000e+00	4.691281875308107e+00
3.350000000000000e+00	4.694161983751339e+00
3.350000000000000e+00	4.799388793311794e+00
3.350000000000000e+00	4.800385811225189e+00
3.350000000000000e+00	4.835597792633118e+00
3.350000000000000e+00	4.624423463252109e+00
3.350000000000000e+00	4.709463454412927e+00
3.350000000000000e+00	4.727637828308556e+00
3.350000000000000e+00	4.780016528718712e+00
3.350000000000000e+00	4.810038177377786e+00
3.350000000000000e+00	4.778851736844765e+00
3.350000000000000e+00	4.652332709592419e+00
3.350000000000000e+00	4.855682265914773e+00
3.350000000000000e+00	4.744721984848188e+00
3.350000000000000e+00	4.815823001396561e+00
3.350000000000000e+00	4.768670976210558e+00
3.350000000000000e+00	4.761042334638886e+00
3.350000000000000e+00	4.737931991064908e+00
3.350000000000000e+00	4.640648495989505e+00
3.350000000000000e+00	4.733657271424528e+00
3.350000000000000e+00	4.677250396910603e+00
3.350000000000000e+00	4.758886303160235e+00
3.350000000000000e+00	4.786845773890278e+00
3.350000000000000e+00	4.800452657150997e+00
3.350000000000000e+00	4.810624021895158e+00
3.350000000000000e+00	4.924379075478939e+00
3.350000000000000e+00	4.645748322189721e+00
3.350000000000000e+00	4.772286967943719e+00
3.350000000000000e+00	4.626643300566768e+00
3.350000000000000e+00	4.688325894909308e+00
3.350000000000000e+00	4.665351723209898e+00
3.350000000000000e+00	4.695682671743377e+00
3.350000000000000e+00	4.784458226631001e+00
3.350000000000000e+00	4.810806883321226e+00
3.350000000000000e+00	4.772433524869908e+00
3.350000000000000e+00	4.865124299576050e+00
3.350000000000000e+00	4.799345502753338e+00
3.350000000000000e+00	4.687564235442784e+00
3.350000000000000e+00	4.874970687367288e+00
3.350000000000000e+00	4.792301628298053e+00
3.350000000000000e+00	4.871762431033593e+00
3.350000000000000e+00	4.668774734338787e+00
3.350000000000000e+00	4.704617129696119e+00
3.350000000000000e+00	4.695109555382446e+00
3.350000000000000e+00	4.721404080579993e+00
3.350000000000000e+00	4.844990581267485e+00
3.350000000000000e+00	4.749894552237344e+00
3.350000000000000e+00	4.677968572736349e+00
3.350000000000000e+00	4.822820708197822e+00
3.350000000000000e+00	4.693437274563001e+00
3.350000000000000e+00	4.776221642263982e+00
3.350000000000000e+00	4.769826352057319e+00
3.350000000000000e+00	4.748357861613226e+00
3.350000000000000e+00	4.765822366143720e+00
3.350000000000000e+00	4.722063648532481e+00
3.350000000000000e+00	4.690626004678972e+00
3.350000000000000e+00	4.861335508950273e+00
3.350000000000000e+00	4.834169268908889e+00
3.350000000000000e+00	4.810142844956932e+00
3.350000000000000e+00	4.869340152135594e+00
3.350000000000000e+00	4.814746854528970e+00
3.350000000000000e+00	4.747460138423483e+00
3.350000000000000e+00	4.705089705450304e+00
3.350000000000000e+00	4.832506533481649e+00
3.350000000000000e+00	4.694873443374691e+00
3.350000000000000e+00	4.705261521175350e+00
3.350000000000000e+00	4.758429189193322e+00
3.350000000000000e+00	4.844160268507501e+00
3.350000000000000e+00	4.777306303084588e+00
3.350000000000000e+00	4.758505153046012e+00
3.350000000000000e+00	4.755316098053526e+00
3.350000000000000e+00	4.823088571066452e+00
3.350000000000000e+00	4.756203094980055e+00
3.350000000000000e+00	4.884122768527956e+00
3.350000000000000e+00	4.689051573731163e+00
3.350000000000000e+00	4.702007237162401e+00
3.350000000000000e+00	4.754635689928369e+00
3.350000000000000e+00	4.741179626968125e+00
3.350000000000000e+00	4.752893860855196e+00
3.350000000000000e+00	4.644654406896466e+00
3.350000000000000e+00	4.739971321415258e+00
3.350000000000000e+00	4.727578909651782e+00
3.350000000000000e+00	4.783856909976646e+00
3.350000000000000e+00	4.816994381092234e+00
3.350000000000000e+00	4.737166733263829e+00
3.350000000000000e+00	4.794466515310187e+00
3.350000000000000e+00	4.571774159720592e+00
3.350000000000000e+00	4.750871203249017e+00
3.350000000000000e+00	4.764007935847805e+00
3.350000000000000e+00	4.777887655513258e+00
3.350000000000000e+00	4.786005060769563e+00
3.350000000000000e+00	4.631230159970986e+00
3.350000000000000e+00	4.852200107129436e+00
3.350000000000000e+00	4.903611316579982e+00
3.350000000000000e+00	4.572551501647849e+00
3.350000000000000e+00	4.891129841253372e+00
3.350000000000000e+00	4.602809296323053e+00
3.350000000000000e+00	4.740722785789059e+00
3.350000000000000e+00	4.734470232925101e+00
3.350000000000000e+00	4.724600190351087e+00
3.350000000000000e+00	4.829760259641795e+00
3.350000000000000e+00	4.668543115532096e+00
3.350000000000000e+00	4.845431724644390e+00
3.350000000000000e+00	4.778754350880381e+00
3.350000000000000e+00	4.869511727571578e+00
3.350000000000000e+00	4.683729877639226e+00
3.350000000000000e+00	4.727803700166306e+00
3.350000000000000e+00	4.713700633176940e+00
3.350000000000000e+00	4.786390166959732e+00
3.350000000000000e+00	4.791900127574725e+00
3.350000000000000e+00	4.791238957427496e+00
3.350000000000000e+00	4.779185663352144e+00
3.350000000000000e+00	4.798222931496626e+00
3.350000000000000e+00	4.733825474045608e+00
3.350000000000000e+00	4.776348254921654e+00
3.350000000000000e+00	4.736403190119253e+00
3.350000000000000e+00	4.714395201250698e+00
3.350000000000000e+00	4.623914518628221e+00
3.350000000000000e+00	4.770496073945379e+00
3.350000000000000e+00	4.772468716430553e+00
3.350000000000000e+00	4.804722922499813e+00
3.350000000000000e+00	4.713238421078267e+00
3.350000000000000e+00	4.601045580148487e+00
3.350000000000000e+00	4.794063335900541e+00
3.350000000000000e+00	4.688787552754887e+00
3.350000000000000e+00	4.579988817709806e+00
3.350000000000000e+00	4.832963809925719e+00
3.350000000000000e+00	4.651002449448542e+00
3.350000000000000e+00	4.844092095544054e+00
3.350000000000000e+00	4.823484239328561e+00
3.350000000000000e+00	4.663210989065075e+00
3.350000000000000e+00	4.748010743127200e+00
3.350000000000000e+00	4.674464024004016e+00
3.350000000000000e+00	4.813443062103028e+00
3.350000000000000e+00	4.747451116084441e+00
3.350000000000000e+00	4.728182581493490e+00
3.350000000000000e+00	4.736346701686260e+00
3.350000000000000e+00	4.771531570620427e+00
3.350000000000000e+00	4.780164095639809e+00
3.350000000000000e+00	4.772357761574523e+00
3.350000000000000e+00	4.721400384181633e+00
3.350000000000000e+00	4.768489814081653e+00
3.350000000000000e+00	4.788133157952494e+00
3.350000000000000e+00	4.839490816411026e+00
3.350000000000000e+00	4.803350545037536e+00
3.350000000000000e+00	4.773187963928175e+00
3.350000000000000e+00	4.756994051439030e+00
3.350000000000000e+00	4.724857767505241e+00
3.350000000000000e+00	4.738479756021549e+00
3.350000000000000e+00	4.734902302541574e+00
3.350000000000000e+00	4.875083495005812e+00
3.350000000000000e+00	4.843854812985160e+00
3.350000000000000e+00	4.810863580165753e+00
3.350000000000000e+00	4.844964142387489e+00
3.350000000000000e+00	4.744551331511083e+00
3.350000000000000e+00	4.733675649390507e+00
3.350000000000000e+00	4.673078149119309e+00
3.350000000000000e+00	4.720544711959903e+00
3.350000000000000e+00	4.737905541504301e+00
3.350000000000000e+00	4.719799945178902e+00
3.350000000000000e+00	4.823900929633792e+00
3.350000000000000e+00	4.802919082790488e+00
3.350000000000000e+00	4.874441633802858e+00
3.350000000000000e+00	4.686315466136801e+00
3.350000000000000e+00	4.888085278595705e+00
3.350000000000000e+00	4.739758606224148e+00
3.350000000000000e+00	4.783192788426354e+00
3.350000000000000e+00	4.834509634406704e+00
3.350000000000000e+00	4.728038771706056e+00
3.350000000000000e+00	4.555754969203742e+00
3.350000000000000e+00	4.758346632287959e+00
3.350000000000000e+00	4.860161824047863e+00
3.350000000000000e+00	4.779669927277145e+00
3.350000000000000e+00	4.631287559082025e+00
3.350000000000000e+00	4.614583958304467e+00
3.350000000000000e+00	4.649484833396318e+00
3.350000000000000e+00	4.774940824077439e+00
3.350000000000000e+00	4.660545510528848e+00
3.350000000000000e+00	4.747209132315472e+00
3.350000000000000e+00	4.816787955636973e+00
3.350000000000000e+00	4.697517501660271e+00
3.350000000000000e+00	4.745980576231148e+00
3.350000000000000e+00	4.805356307468147e+00
3.350000000000000e+00	4.732143468407586e+00
3.350000000000000e+00	4.710629036825915e+00
3.350000000000000e+00	4.713424437615640e+00
3.350000000000000e+00	4.695470674369302e+00
3.350000000000000e+00	4.641707847524311e+00
3.350000000000000e+00	4.743879210660161e+00
3.350000000000000e+00	4.891952389429615e+00
3.350000000000000e+00	4.841188407058819e+00
3.350000000000000e+00	4.766733635966521e+00
