1.100000000000000e+00	1.921812115774156e-01
1.100000000000000e+00	2.338369625646952e-01
1.100000000000000e+00	1.747080586525472e-01
1.100000000000000e+00	2.101079290510017e-01
1.100000000000000e+00	2.076550410515270e-01
1.100000000000000e+00	2.052396928729109e-01
1.100000000000000e+00	2.035921333832151e-01
1.100000000000000e+00	2.266598002143856e-01
1.100000000000000e+00	2.091317122730896e-01
1.100000000000000e+00	2.113081333206243e-01
1.100000000000000e+00	1.908008242662236e-01
1.100000000000000e+00	2.003000806110753e-01
1.100000000000000e+00	1.821251849392559e-01
1.100000000000000e+00	1.975961112826202e-01
1.100000000000000e+00	2.330760823390675e-01
1.100000000000000e+00	1.655846225994475e-01
1.100000000000000e+00	1.841067711762490e-01
1.100000000000000e+00	2.051707504231766e-01
1.100000000000000e+00	1.972546978730140e-01
1.100000000000000e+00	2.048051914255455e-01
1.100000000000000e+00	2.055879866368079e-01
1.100000000000000e+00	2.200405467908835e-01
1.100000000000000e+00	2.261573908401455e-01
1.100000000000000e+00	2.120550462776826e-01
1.100000000000000e+00	2.541265012507113e-01
1.100000000000000e+00	2.062296492926391e-01
1.100000000000000e+00	2.506098003176113e-01
1.100000000000000e+00	2.445702536475372e-01
1.100000000000000e+00	2.201729276889702e-01
1.100000000000000e+00	2.232658158606638e-01
1.100000000000000e+00	1.995901782510220e-01
1.100000000000000e+00	1.934720158768558e-01
1.100000000000000e+00	1.694307533644162e-01
1.100000000000000e+00	2.131274269807461e-01
1.100000000000000e+00	2.278037440669643e-01
1.100000000000000e+00	1.861106814762053e-01
1.100000000000000e+00	1.587672352969235e-01
1.100000000000000e+00	2.074947132218692e-01
1.100000000000000e+00	2.245990025223234e-01
1.100000000000000e+00	2.600319795673063e-01
1.100000000000000e+00	1.915366931923071e-01
1.100000000000000e+00	2.078413393717636e-01
1.100000000000000e+00	1.862469724249941e-01
1.100000000000000e+00	1.802420644023278e-01
1.100000000000000e+00	1.676471124089410e-01
1.100000000000000e+00	2.197873460843391e-01
1.100000000000000e+00	2.483560833263823e-01
1.100000000000000e+00	2.095462679469524e-01
1.100000000000000e+00	1.998935302406123e-01
1.100000000000000e+00	2.000318978043061e-01
1.100000000000000e+00	1.531736325453219e-01
1.100000000000000e+00	2.106912683712187e-01
1.100000000000000e+00	1.527042589521180e-01
1.100000000000000e+00	1.639635864424606e-01
1.100000000000000e+00	2.152167792236268e-01
1.100000000000000e+00	1.987884574311955e-01
1.100000000000000e+00	1.860650595571172e-01
1.100000000000000e+00	1.776819794179797e-01
1.100000000000000e+00	1.629037226430424e-01
1.100000000000000e+00	2.318026192300348e-01
1.100000000000000e+00	1.965564674477836e-01
1.100000000000000e+00	1.848550298902138e-01
1.100000000000000e+00	2.012979699614548e-01
1.100000000000000e+00	2.027971231455427e-01
1.100000000000000e+00	1.819135463100258e-01
1.100000000000000e+00	1.697865017589180e-01
1.100000000000000e+00	1.983183756425236e-01
1.100000000000000e+00	1.902379636202241e-01
1.100000000000000e+00	2.521563727542713e-01
1.100000000000000e+00	2.025596265716675e-01
1.100000000000000e+00	1.638142917609339e-01
1.100000000000000e+00	2.209751239168913e-01
1.100000000000000e+00	2.026086075762554e-01
1.100000000000000e+00	1.897154602352410e-01
1.100000000000000e+00	2.327607040158439e-01
1.100000000000000e+00	1.909370744731463e-01
1.100000000000000e+00	1.825705501121643e-01
1.100000000000000e+00	2.035982722241606e-01
1.100000000000000e+00	2.695238690605584e-01
1.100000000000000e+00	2.199595608875397e-01
1.100000000000000e+00	1.983103727960272e-01
1.100000000000000e+00	1.809029419385301e-01
1.100000000000000e+00	2.039643478680084e-01
1.100000000000000e+00	2.045122539778354e-01
1.100000000000000e+00	1.796007187281115e-01
1.100000000000000e+00	1.755052241891147e-01
1.100000000000000e+00	2.375513311226170e-01
1.100000000000000e+00	2.359383234153403e-01
1.100000000000000e+00	1.856659244141854e-01
1.100000000000000e+00	1.957251665122885e-01
1.100000000000000e+00	1.902790797517369e-01
1.100000000000000e+00	2.575445487168534e-01
1.100000000000000e+00	1.495663748860528e-01
1.100000000000000e+00	1.618443009629315e-01
1.100000000000000e+00	2.175118589823841e-01
1.100000000000000e+00	1.896197106410482e-01
1.100000000000000e+00	2.306494336293894e-01
1.100000000000000e+00	1.511154976946822e-01
1.100000000000000e+00	1.475352032075626e-01
1.100000000000000e+00	2.054302340280043e-01
1.100000000000000e+00	1.912078780933008e-01
1.100000000000000e+00	1.753410636937729e-01
1.100000000000000e+00	2.093107817616904e-01
1.100000000000000e+00	1.993650806711123e-01
1.100000000000000e+00	2.094458223463393e-01
1.100000000000000e+00	2.028924191723639e-01
1.100000000000000e+00	1.755595813278570e-01
1.100000000000000e+00	1.996847772453532e-01
1.100000000000000e+00	2.049040608284123e-01
1.100000000000000e+00	2.315401759009956e-01
1.100000000000000e+00	1.905658282138399e-01
1.100000000000000e+00	2.387611974892988e-01
1.100000000000000e+00	1.876954703884564e-01
1.100000000000000e+00	1.807864551876121e-01
1.100000000000000e+00	1.973917008461600e-01
1.100000000000000e+00	2.475342429952201e-01
1.100000000000000e+00	2.074877266945625e-01
1.100000000000000e+00	2.140931746636573e-01
1.100000000000000e+00	2.043211945379724e-01
1.100000000000000e+00	2.041832018210145e-01
1.100000000000000e+00	2.098421665099666e-01
1.100000000000000e+00	1.626863799221965e-01
1.100000000000000e+00	1.606422567497519e-01
1.100000000000000e+00	1.801530655572865e-01
1.100000000000000e+00	1.827810139374307e-01
1.100000000000000e+00	1.835169632161035e-01
1.100000000000000e+00	2.208568729862270e-01
1.100000000000000e+00	1.858049987216401e-01
1.100000000000000e+00	1.698553650699554e-01
1.100000000000000e+00	1.950478708934777e-01
1.100000000000000e+00	1.971944592411745e-01
1.100000000000000e+00	2.121839572384187e-01
1.100000000000000e+00	2.185834631271234e-01
1.100000000000000e+00	1.998420324146900e-01
1.100000000000000e+00	1.893497477833397e-01
1.100000000000000e+00	2.387758727283480e-01
1.100000000000000e+00	1.888586247973160e-01
1.100000000000000e+00	2.026883547694761e-01
1.100000000000000e+00	2.222158164742679e-01
1.100000000000000e+00	2.061555398173926e-01
1.100000000000000e+00	2.101082575318640e-01
1.100000000000000e+00	1.720069505369986e-01
1.100000000000000e+00	1.559431747419331e-01
1.100000000000000e+00	1.492160057943431e-01
1.100000000000000e+00	1.893089261372601e-01
1.100000000000000e+00	2.421871225089527e-01
1.100000000000000e+00	2.041118094641276e-01
1.100000000000000e+00	1.969433056762525e-01
1.100000000000000e+00	2.226040746812021e-01
1.100000000000000e+00	2.084271919313637e-01
1.100000000000000e+00	2.009766346686415e-01
1.100000000000000e+00	2.186964103198329e-01
1.100000000000000e+00	1.709237512648404e-01
1.100000000000000e+00	1.790814568030907e-01
1.100000000000000e+00	1.659724841146017e-01
1.100000000000000e+00	1.592366413375578e-01
1.100000000000000e+00	2.034517859931113e-01
1.100000000000000e+00	2.146822880166900e-01
1.100000000000000e+00	1.996702581035303e-01
1.100000000000000e+00	1.540647054812546e-01
1.100000000000000e+00	1.857170801523320e-01
1.100000000000000e+00	1.699360557933259e-01
1.100000000000000e+00	1.829026502194189e-01
1.100000000000000e+00	2.322922477744296e-01
1.100000000000000e+00	2.217254955289846e-01
1.100000000000000e+00	1.802894048562697e-01
1.100000000000000e+00	1.742759932803201e-01
1.100000000000000e+00	2.177658260320877e-01
1.100000000000000e+00	2.369360879386059e-01
1.100000000000000e+00	2.244836594034821e-01
1.100000000000000e+00	2.190795802372525e-01
1.100000000000000e+00	1.998007750632721e-01
1.100000000000000e+00	1.761110939327916e-01
1.100000000000000e+00	1.932552348022910e-01
1.100000000000000e+00	2.256944042731524e-01
1.100000000000000e+00	2.269126152845368e-01
1.100000000000000e+00	2.122645862550467e-01
1.100000000000000e+00	2.334938856925090e-01
1.100000000000000e+00	2.421738565463613e-01
1.100000000000000e+00	2.059706581720537e-01
1.100000000000000e+00	2.089305672543006e-01
1.100000000000000e+00	1.766721974225486e-01
1.100000000000000e+00	1.626641666097690e-01
1.100000000000000e+00	2.073678706833942e-01
1.100000000000000e+00	2.431199132766618e-01
1.100000000000000e+00	2.020819805956638e-01
1.100000000000000e+00	2.289540745077261e-01
1.100000000000000e+00	2.222530903030829e-01
1.100000000000000e+00	2.030712846546164e-01
1.100000000000000e+00	1.685452690457041e-01
1.100000000000000e+00	2.256883185861839e-01
1.100000000000000e+00	1.873459584706128e-01
1.100000000000000e+00	2.219857388207548e-01
1.100000000000000e+00	2.202530825061995e-01
1.100000000000000e+00	2.072918865869199e-01
1.100000000000000e+00	2.398843060767233e-01
1.100000000000000e+00	2.196591316731172e-01
1.100000000000000e+00	2.483255872112699e-01
1.100000000000000e+00	2.152917084295394e-01
1.100000000000000e+00	1.831397955619603e-01
1.100000000000000e+00	2.063635340426208e-01
1.100000000000000e+00	2.077501261367666e-01
1.100000000000000e+00	1.995014567395554e-01
1.100000000000000e+00	1.672898801256503e-01
1.100000000000000e+00	1.919548929071228e-01
1.100000000000000e+00	2.038321372886788e-01
1.100000000000000e+00	1.735925111587441e-01
1.100000000000000e+00	2.146611122490443e-01
1.100000000000000e+00	1.863836687892841e-01
1.100000000000000e+00	1.884351134193824e-01
1.100000000000000e+00	1.996193626437612e-01
1.100000000000000e+00	2.122082332830632e-01
1.100000000000000e+00	2.042121973826578e-01
1.100000000000000e+00	1.807434268108915e-01
1.100000000000000e+00	2.040454031719700e-01
1.100000000000000e+00	1.681375930993418e-01
1.100000000000000e+00	1.990092210248265e-01
1.100000000000000e+00	1.751563010029371e-01
1.100000000000000e+00	1.849005509614310e-01
1.100000000000000e+00	2.616729590432380e-01
1.100000000000000e+00	2.323470197204112e-01
1.100000000000000e+00	1.769176497048646e-01
1.100000000000000e+00	1.803257040206760e-01
1.100000000000000e+00	1.947577082099847e-01
1.100000000000000e+00	1.841073715890432e-01
1.100000000000000e+00	1.817760298243010e-01
1.100000000000000e+00	1.699659477356133e-01
1.100000000000000e+00	1.953395482295229e-01
1.100000000000000e+00	2.052452321386325e-01
1.100000000000000e+00	2.069607689975945e-01
1.100000000000000e+00	1.943829766514829e-01
1.100000000000000e+00	2.034010369601652e-01
1.100000000000000e+00	2.064887183764119e-01
1.100000000000000e+00	2.025905726759966e-01
1.100000000000000e+00	1.929507344331040e-01
1.100000000000000e+00	1.834226049559159e-01
1.100000000000000e+00	1.808767891129796e-01
1.100000000000000e+00	2.047879879822174e-01
1.100000000000000e+00	1.862074031733639e-01
1.100000000000000e+00	2.314792371140133e-01
1.100000000000000e+00	2.253621941400213e-01
1.100000000000000e+00	2.210500359944668e-01
1.100000000000000e+00	1.839972926684766e-01
1.100000000000000e+00	1.784549208908927e-01
1.100000000000000e+00	1.639757836402373e-01
1.100000000000000e+00	2.196568881375818e-01
1.100000000000000e+00	2.055446776202975e-01
1.100000000000000e+00	1.854247660186513e-01
1.100000000000000e+00	2.110541566302905e-01
1.100000000000000e+00	2.327059710807613e-01
1.100000000000000e+00	1.991597925647867e-01
1.100000000000000e+00	1.687852285343404e-01
1.100000000000000e+00	1.426158313088630e-01
1.100000000000000e+00	1.899320632431859e-01
1.100000000000000e+00	2.110928153433575e-01
1.100000000000000e+00	2.103176943806152e-01
1.100000000000000e+00	1.865607641991967e-01
1.100000000000000e+00	2.052947623008782e-01
1.100000000000000e+00	1.857984401775342e-01
1.100000000000000e+00	1.778841321492503e-01
1.100000000000000e+00	2.272808891377027e-01
1.100000000000000e+00	1.772439948235536e-01
1.100000000000000e+00	1.665370847334865e-01
1.100000000000000e+00	1.639790967144746e-01
1.100000000000000e+00	1.990934668982876e-01
1.100000000000000e+00	1.899551094364626e-01
1.100000000000000e+00	1.844924073394834e-01
1.100000000000000e+00	1.748145021747985e-01
1.100000000000000e+00	2.075660042915875e-01
1.100000000000000e+00	1.814579584924871e-01
1.100000000000000e+00	1.836684382914851e-01
1.100000000000000e+00	1.835028527659917e-01
1.100000000000000e+00	1.999190915626489e-01
1.100000000000000e+00	1.701488305580143e-01
1.100000000000000e+00	1.911229543656288e-01
1.100000000000000e+00	1.741993777536850e-01
1.100000000000000e+00	2.395824575201091e-01
1.100000000000000e+00	1.894872260918056e-01
1.100000000000000e+00	1.957107186593407e-01
1.100000000000000e+00	2.199921903291787e-01
1.100000000000000e+00	2.268933540576162e-01
1.100000000000000e+00	2.499447209284040e-01
1.100000000000000e+00	1.754193559237074e-01
1.100000000000000e+00	2.420401538227046e-01
1.100000000000000e+00	1.998950801284000e-01
1.100000000000000e+00	2.194500475163298e-01
1.100000000000000e+00	1.971588810791142e-01
1.100000000000000e+00	2.426675183727485e-01
1.100000000000000e+00	2.408576388458338e-01
1.100000000000000e+00	1.891140161195702e-01
1.100000000000000e+00	1.744084538050643e-01
1.100000000000000e+00	2.034162787000547e-01
1.100000000000000e+00	2.097404566018838e-01
1.100000000000000e+00	2.039105584570139e-01
1.100000000000000e+00	2.129483588940263e-01
1.100000000000000e+00	2.145873752290290e-01
1.100000000000000e+00	1.707313896484676e-01
1.100000000000000e+00	2.486994221510134e-01
1.100000000000000e+00	2.188132752023340e-01
1.100000000000000e+00	1.790528776309530e-01
1.100000000000000e+00	2.368404529153617e-01
1.100000000000000e+00	2.092973225386801e-01
1.100000000000000e+00	2.186839089892638e-01
1.100000000000000e+00	2.087966828423831e-01
1.100000000000000e+00	2.757940134093536e-01
1.100000000000000e+00	1.893021398312567e-01
1.100000000000000e+00	2.080006643938842e-01
1.100000000000000e+00	1.804569351392084e-01
1.100000000000000e+00	1.730006974854278e-01
1.100000000000000e+00	1.713513089244082e-01
1.100000000000000e+00	1.885009483613143e-01
1.100000000000000e+00	2.168811145280256e-01
1.100000000000000e+00	1.896312842788656e-01
1.100000000000000e+00	2.495837212490409e-01
1.100000000000000e+00	2.183900555185370e-01
1.100000000000000e+00	2.027656785807983e-01
1.100000000000000e+00	2.370816718926162e-01
1.100000000000000e+00	2.022131368965264e-01
1.100000000000000e+00	1.782036217543120e-01
1.100000000000000e+00	2.084330971751752e-01
1.100000000000000e+00	2.078340316717725e-01
1.100000000000000e+00	1.987700841866789e-01
1.100000000000000e+00	1.767459243323390e-01
1.100000000000000e+00	1.616645223066740e-01
1.100000000000000e+00	2.146065520281924e-01
1.100000000000000e+00	1.587198151591648e-01
1.100000000000000e+00	2.172092575933742e-01
1.100000000000000e+00	2.433705110744281e-01
1.100000000000000e+00	2.095717059175485e-01
1.100000000000000e+00	2.392168875218053e-01
1.100000000000000e+00	2.102160200641188e-01
1.100000000000000e+00	2.443361412045449e-01
1.100000000000000e+00	1.891568340100581e-01
1.100000000000000e+00	1.660743112458424e-01
1.100000000000000e+00	1.674705123644890e-01
1.100000000000000e+00	2.076919179443482e-01
1.100000000000000e+00	2.306289509343683e-01
1.100000000000000e+00	2.422463722150572e-01
1.100000000000000e+00	1.780985356270009e-01
1.100000000000000e+00	2.213251490009945e-01
1.100000000000000e+00	2.345637063772987e-01
1.100000000000000e+00	2.533703622577301e-01
1.100000000000000e+00	1.574239276779700e-01
1.100000000000000e+00	2.171040432340831e-01
1.100000000000000e+00	2.478559645236544e-01
1.100000000000000e+00	2.073375063589286e-01
1.100000000000000e+00	1.933168113870205e-01
1.100000000000000e+00	2.104542565870463e-01
1.100000000000000e+00	1.831401154767661e-01
1.100000000000000e+00	2.540134064284193e-01
1.100000000000000e+00	2.226873871219777e-01
1.100000000000000e+00	2.014477320331665e-01
1.100000000000000e+00	1.845742200739882e-01
1.100000000000000e+00	2.203350609007766e-01
1.100000000000000e+00	1.871040563760453e-01
1.100000000000000e+00	2.017505835446859e-01
1.100000000000000e+00	2.143013200079568e-01
1.100000000000000e+00	1.844165014205438e-01
1.100000000000000e+00	1.974392017747683e-01
1.100000000000000e+00	2.181701909641643e-01
1.100000000000000e+00	1.851418516609063e-01
1.100000000000000e+00	1.904615787689012e-01
1.100000000000000e+00	2.345433897250370e-01
1.100000000000000e+00	1.937877846056253e-01
1.100000000000000e+00	2.074091529935628e-01
1.100000000000000e+00	2.227715919349677e-01
1.100000000000000e+00	2.037668014947442e-01
1.100000000000000e+00	2.165511192817545e-01
1.100000000000000e+00	1.829494580800581e-01
1.100000000000000e+00	2.148707723710927e-01
1.100000000000000e+00	1.997568968066120e-01
1.100000000000000e+00	2.453884014429163e-01
1.100000000000000e+00	2.255503561085120e-01
1.100000000000000e+00	2.025550962692977e-01
1.100000000000000e+00	1.897506762049873e-01
1.100000000000000e+00	2.042884943584963e-01
1.100000000000000e+00	1.960872221590124e-01
1.100000000000000e+00	2.031496119886131e-01
1.100000000000000e+00	2.265936254103179e-01
1.100000000000000e+00	2.083169433978493e-01
1.100000000000000e+00	2.266790958382254e-01
1.100000000000000e+00	1.714653229316388e-01
1.100000000000000e+00	2.204937576936460e-01
1.100000000000000e+00	2.532122449629995e-01
1.100000000000000e+00	1.966970022480158e-01
1.100000000000000e+00	2.013111572350255e-01
1.100000000000000e+00	2.149429226700031e-01
1.100000000000000e+00	2.045926767706093e-01
1.100000000000000e+00	1.784552392447893e-01
1.100000000000000e+00	2.157047557207007e-01
1.100000000000000e+00	2.037103127000413e-01
1.100000000000000e+00	2.265149132759188e-01
1.100000000000000e+00	1.809783515543727e-01
1.100000000000000e+00	2.319832597627499e-01
1.100000000000000e+00	1.898261542737392e-01
1.100000000000000e+00	1.857839452594328e-01
1.100000000000000e+00	1.911610681639710e-01
1.100000000000000e+00	1.716263408389491e-01
1.100000000000000e+00	2.224146071405344e-01
1.100000000000000e+00	2.179124931495350e-01
1.100000000000000e+00	1.737084857572986e-01
1.100000000000000e+00	1.697527333468573e-01
1.100000000000000e+00	2.174433351432382e-01
1.100000000000000e+00	1.817814803405419e-01
1.100000000000000e+00	2.260250922017962e-01
1.100000000000000e+00	1.941188087495400e-01
1.100000000000000e+00	2.097300751803549e-01
1.100000000000000e+00	2.378392536335685e-01
1.100000000000000e+00	1.974268801463919e-01
1.100000000000000e+00	1.995582597328941e-01
1.100000000000000e+00	1.929898402066318e-01
1.100000000000000e+00	1.851267355961272e-01
1.100000000000000e+00	1.879096084547363e-01
1.100000000000000e+00	1.848827746449764e-01
1.100000000000000e+00	1.251934037763288e-01
1.100000000000000e+00	2.251543041658852e-01
1.100000000000000e+00	1.772859916614007e-01
1.100000000000000e+00	2.109980797721317e-01
1.100000000000000e+00	1.818449621283796e-01
1.100000000000000e+00	2.298915851202208e-01
1.100000000000000e+00	1.905661832562047e-01
1.100000000000000e+00	1.300028832583083e-01
1.100000000000000e+00	1.791417100615039e-01
1.100000000000000e+00	1.481152856775418e-01
1.100000000000000e+00	1.792901043964160e-01
1.100000000000000e+00	2.049395328132505e-01
1.100000000000000e+00	2.061386049085229e-01
1.100000000000000e+00	2.031041799678102e-01
1.100000000000000e+00	2.032102376407880e-01
1.100000000000000e+00	2.155588528435317e-01
1.100000000000000e+00	2.722929669893304e-01
1.100000000000000e+00	2.373275058466671e-01
1.100000000000000e+00	1.629371912131804e-01
1.100000000000000e+00	1.787114590018764e-01
1.100000000000000e+00	1.565680630088300e-01
1.100000000000000e+00	1.815262258928242e-01
1.100000000000000e+00	2.412483674886159e-01
1.100000000000000e+00	2.155981591890345e-01
1.100000000000000e+00	2.211701543608821e-01
1.100000000000000e+00	1.686173737605905e-01
1.100000000000000e+00	1.742393077690165e-01
1.100000000000000e+00	1.912980865358758e-01
1.100000000000000e+00	2.148410626518270e-01
1.100000000000000e+00	1.855486441276767e-01
1.100000000000000e+00	1.896421291181996e-01
1.100000000000000e+00	1.972150717403745e-01
1.100000000000000e+00	2.061808804946090e-01
1.100000000000000e+00	1.631753656054099e-01
1.100000000000000e+00	2.018477593390825e-01
1.100000000000000e+00	2.474946916138352e-01
1.100000000000000e+00	2.144436132267876e-01
1.100000000000000e+00	2.180858498366025e-01
1.100000000000000e+00	2.333322215948829e-01
1.100000000000000e+00	2.044989450095770e-01
1.100000000000000e+00	2.106382751004563e-01
1.100000000000000e+00	1.869367055710818e-01
1.100000000000000e+00	2.276612805910466e-01
1.100000000000000e+00	1.510307791617706e-01
1.100000000000000e+00	1.614604357634682e-01
1.100000000000000e+00	2.149941856436389e-01
1.100000000000000e+00	2.397409887621004e-01
1.100000000000000e+00	2.235577471435110e-01
1.100000000000000e+00	1.877001114472027e-01
1.100000000000000e+00	1.897669027396833e-01
1.100000000000000e+00	1.793452816667886e-01
1.100000000000000e+00	2.229258938229775e-01
1.100000000000000e+00	1.842306868011405e-01
1.100000000000000e+00	2.325772570485078e-01
1.100000000000000e+00	2.445588692281779e-01
1.100000000000000e+00	2.081128688709996e-01
1.100000000000000e+00	1.908167941415195e-01
1.100000000000000e+00	2.420298286459879e-01
1.100000000000000e+00	1.635339043546763e-01
1.100000000000000e+00	2.095621101412047e-01
1.100000000000000e+00	1.933802173403510e-01
1.100000000000000e+00	1.927298482617439e-01
1.100000000000000e+00	2.074881731513436e-01
1.100000000000000e+00	1.499091368670502e-01
1.100000000000000e+00	2.019746342073246e-01
1.100000000000000e+00	2.086602545422826e-01
1.100000000000000e+00	2.437671950353775e-01
1.100000000000000e+00	1.765914040225125e-01
1.100000000000000e+00	2.049712351257375e-01
1.100000000000000e+00	1.998573782265975e-01
1.100000000000000e+00	1.889773255069949e-01
1.100000000000000e+00	1.908770334433196e-01
1.100000000000000e+00	2.143325317845315e-01
1.100000000000000e+00	1.418070793019649e-01
1.100000000000000e+00	1.445304125638255e-01
1.100000000000000e+00	1.918525346094381e-01
1.100000000000000e+00	1.730363800626639e-01
1.100000000000000e+00	2.335984680651444e-01
1.100000000000000e+00	1.545450477275224e-01
1.100000000000000e+00	1.459929174237510e-01
1.100000000000000e+00	1.619978019664107e-01
1.100000000000000e+00	2.509431764883762e-01
1.100000000000000e+00	1.700118995323804e-01
1.100000000000000e+00	1.811311957092134e-01
1.100000000000000e+00	1.860134540727042e-01
1.100000000000000e+00	2.201028479913601e-01
1.100000000000000e+00	2.039546646132059e-01
1.100000000000000e+00	2.007820399761229e-01
1.100000000000000e+00	2.082129617200745e-01
1.100000000000000e+00	1.780073541489807e-01
1.100000000000000e+00	1.615087857314652e-01
1.100000000000000e+00	1.395903675333966e-01
1.100000000000000e+00	1.831989892657621e-01
1.100000000000000e+00	2.041535056607993e-01
1.100000000000000e+00	1.971140852869534e-01
1.100000000000000e+00	2.116129370311184e-01
1.100000000000000e+00	2.020521030046861e-01
1.100000000000000e+00	2.252136479710366e-01
1.100000000000000e+00	1.828003519590430e-01
1.100000000000000e+00	2.347654799397879e-01
1.100000000000000e+00	1.989487836403282e-01
1.100000000000000e+00	2.263501959302971e-01
1.100000000000000e+00	2.338639626918284e-01
1.100000000000000e+00	2.052892879297178e-01
1.100000000000000e+00	2.014166940170288e-01
1.100000000000000e+00	1.517381945368726e-01
1.100000000000000e+00	1.717363487977373e-01
1.100000000000000e+00	1.932605364923196e-01
1.100000000000000e+00	2.157231074027093e-01
1.100000000000000e+00	2.372012819573254e-01
1.100000000000000e+00	2.217765905150004e-01
1.100000000000000e+00	1.883424265614079e-01
1.100000000000000e+00	1.602041057024704e-01
1.100000000000000e+00	1.663575448185002e-01
1.100000000000000e+00	2.274672208114656e-01
1.100000000000000e+00	1.397834171831228e-01
1.100000000000000e+00	1.681000208574908e-01
1.100000000000000e+00	2.000420339382860e-01
1.100000000000000e+00	2.208002282666066e-01
1.100000000000000e+00	2.109347684619814e-01
1.100000000000000e+00	2.007394062866409e-01
1.100000000000000e+00	1.945557531126898e-01
1.100000000000000e+00	1.878851643363189e-01
1.100000000000000e+00	1.797564820966533e-01
1.100000000000000e+00	1.896272615092287e-01
1.100000000000000e+00	2.327179688412028e-01
1.100000000000000e+00	1.803363263281311e-01
1.100000000000000e+00	1.962466238623542e-01
1.100000000000000e+00	1.784692582531734e-01
1.100000000000000e+00	2.255765155217951e-01
1.100000000000000e+00	2.379092449174637e-01
1.100000000000000e+00	2.103889796054950e-01
1.100000000000000e+00	1.959525418241455e-01
1.100000000000000e+00	2.107369628034875e-01
1.100000000000000e+00	1.733069226142447e-01
1.100000000000000e+00	1.802030053366941e-01
1.100000000000000e+00	1.726608912086368e-01
1.100000000000000e+00	1.894798373139829e-01
1.100000000000000e+00	2.209604373075183e-01
1.100000000000000e+00	1.865412432398088e-01
1.100000000000000e+00	1.699078890707117e-01
1.100000000000000e+00	2.269250627879440e-01
1.100000000000000e+00	2.013380341036422e-01
1.100000000000000e+00	1.936786824814564e-01
1.100000000000000e+00	1.687830090662193e-01
1.100000000000000e+00	1.774623625829981e-01
1.100000000000000e+00	1.651886000259758e-01
1.100000000000000e+00	2.354443614134530e-01
1.100000000000000e+00	2.040588609655258e-01
1.100000000000000e+00	2.330457870317745e-01
1.100000000000000e+00	2.038989309206102e-01
1.100000000000000e+00	2.175833317089576e-01
1.100000000000000e+00	1.892591207428405e-01
1.100000000000000e+00	2.011885552916780e-01
1.100000000000000e+00	2.216539204958403e-01
1.100000000000000e+00	1.714737453325089e-01
1.100000000000000e+00	1.839696693583571e-01
1.100000000000000e+00	2.072757520075635e-01
1.100000000000000e+00	1.733931033881584e-01
1.100000000000000e+00	2.379913631467734e-01
1.100000000000000e+00	1.854650274951853e-01
1.100000000000000e+00	2.257137837064162e-01
1.100000000000000e+00	2.083086707274450e-01
1.100000000000000e+00	1.603567382827915e-01
1.100000000000000e+00	1.959261705737480e-01
1.100000000000000e+00	2.144961757649062e-01
1.100000000000000e+00	2.146791872066534e-01
1.100000000000000e+00	2.044689757923267e-01
1.100000000000000e+00	2.267571098122283e-01
1.100000000000000e+00	1.872605349980113e-01
1.100000000000000e+00	2.369592977971089e-01
1.100000000000000e+00	2.356343540034850e-01
1.100000000000000e+00	2.009786652459771e-01
1.100000000000000e+00	2.194359810104778e-01
1.100000000000000e+00	1.964582131713160e-01
1.100000000000000e+00	2.249317571145348e-01
1.100000000000000e+00	1.497192821704087e-01
1.100000000000000e+00	2.082374186677931e-01
1.100000000000000e+00	2.334895188683625e-01
1.100000000000000e+00	2.050181701457377e-01
1.100000000000000e+00	2.569244539451147e-01
1.100000000000000e+00	1.959574893294505e-01
1.100000000000000e+00	2.133742721504567e-01
1.100000000000000e+00	2.199552015215027e-01
1.100000000000000e+00	1.664044946070442e-01
1.100000000000000e+00	1.948953055987157e-01
1.100000000000000e+00	2.258693284371441e-01
1.100000000000000e+00	1.852317179944614e-01
1.100000000000000e+00	1.909293561716389e-01
1.100000000000000e+00	2.179811596958982e-01
1.100000000000000e+00	2.090930848992722e-01
1.100000000000000e+00	1.986994559505682e-01
1.100000000000000e+00	1.773481569789937e-01
1.100000000000000e+00	1.744909016043884e-01
1.100000000000000e+00	1.974503043366582e-01
1.100000000000000e+00	2.092625741986104e-01
1.100000000000000e+00	1.666944601647347e-01
1.100000000000000e+00	2.091066226626568e-01
1.100000000000000e+00	1.894032669668300e-01
1.100000000000000e+00	2.069111442530362e-01
1.100000000000000e+00	2.096526423138511e-01
1.100000000000000e+00	2.585769696399406e-01
1.100000000000000e+00	1.949371876765791e-01
1.100000000000000e+00	2.319524823533626e-01
1.100000000000000e+00	1.942063861852631e-01
1.100000000000000e+00	2.021906869670411e-01
1.100000000000000e+00	2.136138466846165e-01
1.100000000000000e+00	2.305669409767033e-01
1.100000000000000e+00	2.076293749322887e-01
1.100000000000000e+00	1.776520758725758e-01
1.100000000000000e+00	2.352603590060491e-01
1.100000000000000e+00	1.754454651871060e-01
1.100000000000000e+00	2.261544334032637e-01
1.100000000000000e+00	1.980769982929850e-01
1.100000000000000e+00	2.284885974716880e-01
1.100000000000000e+00	2.260841804869483e-01
1.100000000000000e+00	2.221169432179887e-01
1.100000000000000e+00	2.230624083318287e-01
1.100000000000000e+00	2.016297308500973e-01
1.100000000000000e+00	1.472705415483527e-01
1.100000000000000e+00	2.168008502094639e-01
1.100000000000000e+00	2.093561582288434e-01
1.100000000000000e+00	2.215057130324059e-01
1.100000000000000e+00	1.872207791970326e-01
1.100000000000000e+00	2.027527672383513e-01
1.100000000000000e+00	1.972870928804173e-01
1.100000000000000e+00	2.092173138344106e-01
1.100000000000000e+00	2.086535260330384e-01
1.100000000000000e+00	2.308049064199716e-01
1.100000000000000e+00	2.154534859044575e-01
1.100000000000000e+00	1.827522158211830e-01
1.100000000000000e+00	1.885561617512015e-01
1.100000000000000e+00	2.276849094985156e-01
1.100000000000000e+00	1.377525666302876e-01
1.100000000000000e+00	1.981124556913039e-01
1.100000000000000e+00	1.773539187530681e-01
1.100000000000000e+00	2.140457245645391e-01
1.100000000000000e+00	1.897283582870261e-01
1.100000000000000e+00	1.809340306212502e-01
1.100000000000000e+00	2.260088354640037e-01
1.100000000000000e+00	2.293368401157397e-01
1.100000000000000e+00	2.230653636756208e-01
1.100000000000000e+00	2.004827617623965e-01
1.100000000000000e+00	2.362967955353738e-01
1.100000000000000e+00	2.074838147604585e-01
1.100000000000000e+00	1.824067294929422e-01
1.100000000000000e+00	2.279654981658642e-01
1.100000000000000e+00	2.142129572980856e-01
1.100000000000000e+00	2.044345864586961e-01
1.100000000000000e+00	1.852738300218190e-01
1.100000000000000e+00	1.878975255984309e-01
1.100000000000000e+00	1.780947852007614e-01
1.100000000000000e+00	1.760328268800767e-01
1.100000000000000e+00	2.125077818805301e-01
1.100000000000000e+00	1.905358203635703e-01
1.100000000000000e+00	2.192973816374916e-01
1.100000000000000e+00	1.651568480213458e-01
1.100000000000000e+00	1.937544686190366e-01
1.100000000000000e+00	2.401738687839841e-01
1.100000000000000e+00	2.203462671477810e-01
1.100000000000000e+00	1.680427630263265e-01
1.100000000000000e+00	1.542930376194058e-01
1.100000000000000e+00	1.585584332528750e-01
1.100000000000000e+00	1.831395328088247e-01
1.100000000000000e+00	2.086133617401793e-01
1.100000000000000e+00	1.831421003087979e-01
1.100000000000000e+00	1.986986594294991e-01
1.100000000000000e+00	2.303511056733841e-01
1.100000000000000e+00	2.392747116194983e-01
1.100000000000000e+00	2.080857865223760e-01
1.100000000000000e+00	2.175903002417162e-01
1.100000000000000e+00	2.151784395902225e-01
1.100000000000000e+00	1.699524049236917e-01
1.100000000000000e+00	1.824331283915757e-01
1.100000000000000e+00	1.967713299355212e-01
1.100000000000000e+00	2.083869037548247e-01
1.100000000000000e+00	1.973743365012921e-01
1.100000000000000e+00	2.108646298642702e-01
1.100000000000000e+00	2.163897929759257e-01
1.100000000000000e+00	2.072846771046528e-01
1.100000000000000e+00	1.896111251148303e-01
1.100000000000000e+00	2.093447341124077e-01
1.100000000000000e+00	2.384998295717908e-01
1.100000000000000e+00	2.202701667904972e-01
1.100000000000000e+00	1.775709148518319e-01
1.100000000000000e+00	1.865976062456243e-01
1.100000000000000e+00	2.529383395188323e-01
1.100000000000000e+00	1.957050153711093e-01
1.100000000000000e+00	1.888654358345419e-01
1.100000000000000e+00	1.637009769601535e-01
1.100000000000000e+00	2.048685212965457e-01
1.100000000000000e+00	2.365659935159535e-01
1.100000000000000e+00	1.723306470031447e-01
1.100000000000000e+00	1.612063236182442e-01
1.100000000000000e+00	2.114164247295968e-01
1.100000000000000e+00	1.776258072354372e-01
1.100000000000000e+00	1.939340191013303e-01
1.100000000000000e+00	1.780614916087442e-01
1.100000000000000e+00	2.203291385736657e-01
1.100000000000000e+00	2.258540408299325e-01
1.100000000000000e+00	1.869283426040216e-01
1.100000000000000e+00	2.079039587805875e-01
1.100000000000000e+00	1.822893356085230e-01
1.100000000000000e+00	2.048469024061183e-01
1.100000000000000e+00	2.277786175651706e-01
1.100000000000000e+00	1.449870081571062e-01
1.100000000000000e+00	2.060727062461526e-01
1.100000000000000e+00	1.935759837524073e-01
1.100000000000000e+00	2.459485509165303e-01
1.100000000000000e+00	2.018960161139610e-01
1.100000000000000e+00	2.155322112218184e-01
1.100000000000000e+00	1.834267572367721e-01
1.100000000000000e+00	1.829696604959044e-01
1.100000000000000e+00	1.956965529040254e-01
1.100000000000000e+00	2.427294841299742e-01
1.100000000000000e+00	2.381024439301849e-01
1.100000000000000e+00	2.093374499647218e-01
1.100000000000000e+00	2.304983153757075e-01
1.100000000000000e+00	1.983944864553294e-01
1.100000000000000e+00	1.963835411429315e-01
1.100000000000000e+00	2.257788454057788e-01
1.100000000000000e+00	1.966717657930093e-01
1.100000000000000e+00	1.830220116838548e-01
1.100000000000000e+00	1.829786037937455e-01
1.100000000000000e+00	1.617129088653960e-01
1.100000000000000e+00	1.899124169468248e-01
1.100000000000000e+00	2.245245843980151e-01
1.100000000000000e+00	1.952741116299157e-01
1.100000000000000e+00	2.025111519300510e-01
1.100000000000000e+00	2.128511253983893e-01
1.100000000000000e+00	2.287032028216891e-01
1.100000000000000e+00	2.192111440165249e-01
1.100000000000000e+00	2.150590537947035e-01
1.100000000000000e+00	1.865809662619599e-01
1.100000000000000e+00	1.932286340553651e-01
1.100000000000000e+00	1.855258902329785e-01
1.100000000000000e+00	2.170754996709983e-01
1.100000000000000e+00	2.155169750830168e-01
1.100000000000000e+00	2.438317977922723e-01
1.100000000000000e+00	2.056369094395743e-01
1.100000000000000e+00	2.227033262141205e-01
1.100000000000000e+00	2.045128926379526e-01
1.100000000000000e+00	2.156930406303875e-01
1.100000000000000e+00	2.072159387826891e-01
1.100000000000000e+00	1.912536565437004e-01
1.100000000000000e+00	1.904276113932333e-01
1.100000000000000e+00	2.206796569780577e-01
1.100000000000000e+00	2.225630741413641e-01
1.100000000000000e+00	2.040545304972098e-01
1.100000000000000e+00	1.841906608014697e-01
1.100000000000000e+00	1.746678978229152e-01
1.100000000000000e+00	1.728502624965072e-01
1.100000000000000e+00	2.071580385120045e-01
1.100000000000000e+00	2.092272719053921e-01
1.100000000000000e+00	2.597585626490719e-01
1.100000000000000e+00	1.655469824952742e-01
1.100000000000000e+00	1.889342506589796e-01
1.100000000000000e+00	1.929621522261429e-01
1.100000000000000e+00	2.355602765553250e-01
1.100000000000000e+00	2.072418777243656e-01
1.100000000000000e+00	1.753913809872127e-01
1.100000000000000e+00	1.953031892294031e-01
1.100000000000000e+00	1.986021506300534e-01
1.100000000000000e+00	2.224721836236760e-01
1.100000000000000e+00	2.201944010385692e-01
1.100000000000000e+00	2.010669855714485e-01
1.100000000000000e+00	1.759419088454484e-01
1.100000000000000e+00	2.128166717030913e-01
1.100000000000000e+00	2.347881268695543e-01
1.100000000000000e+00	2.210742563801799e-01
1.100000000000000e+00	1.957382577212889e-01
1.100000000000000e+00	2.182824481589216e-01
1.100000000000000e+00	1.808711203205421e-01
1.100000000000000e+00	1.873526241446533e-01
1.100000000000000e+00	2.086120842187317e-01
1.100000000000000e+00	1.970397564327783e-01
1.100000000000000e+00	1.925301192930791e-01
1.100000000000000e+00	2.213769600884840e-01
1.100000000000000e+00	2.156760706818223e-01
1.100000000000000e+00	2.361521072146219e-01
1.100000000000000e+00	2.332049057833839e-01
1.100000000000000e+00	1.735098256903176e-01
1.100000000000000e+00	2.042954295335844e-01
1.100000000000000e+00	1.847939011114820e-01
1.100000000000000e+00	1.813353127862326e-01
1.100000000000000e+00	1.635285330256681e-01
1.100000000000000e+00	2.022012118914788e-01
1.100000000000000e+00	2.070350954598416e-01
1.100000000000000e+00	1.936213919389914e-01
1.100000000000000e+00	2.213499183714111e-01
1.100000000000000e+00	1.950359582686045e-01
1.100000000000000e+00	1.789940721664990e-01
1.100000000000000e+00	1.938684242042605e-01
1.100000000000000e+00	2.017116757398049e-01
1.100000000000000e+00	1.936286667821930e-01
1.100000000000000e+00	1.970533382646602e-01
1.100000000000000e+00	2.350525332028064e-01
1.100000000000000e+00	2.265298554943512e-01
1.100000000000000e+00	1.354068925603160e-01
1.100000000000000e+00	2.199506508786345e-01
1.100000000000000e+00	2.194732547898321e-01
1.100000000000000e+00	1.781107530180115e-01
1.100000000000000e+00	2.386490585851469e-01
1.100000000000000e+00	1.904921629088290e-01
1.100000000000000e+00	1.731929973481680e-01
1.100000000000000e+00	2.030124456783169e-01
1.100000000000000e+00	2.079281772856736e-01
1.100000000000000e+00	1.854717259354796e-01
1.100000000000000e+00	1.842908781027368e-01
1.100000000000000e+00	1.588415058606767e-01
1.100000000000000e+00	2.459568768013113e-01
1.100000000000000e+00	1.950466231646653e-01
1.100000000000000e+00	1.702548170562662e-01
1.100000000000000e+00	1.837047099753841e-01
1.100000000000000e+00	2.494259495670473e-01
1.100000000000000e+00	1.876178412331140e-01
1.100000000000000e+00	1.585167812446475e-01
1.100000000000000e+00	1.805305999163171e-01
1.100000000000000e+00	1.804358212830832e-01
1.100000000000000e+00	2.508991881725174e-01
1.100000000000000e+00	2.064505003739220e-01
1.100000000000000e+00	1.786386428477156e-01
1.100000000000000e+00	1.875090501526963e-01
1.100000000000000e+00	2.155845809178544e-01
1.100000000000000e+00	2.392941377533185e-01
1.100000000000000e+00	1.677055705772816e-01
1.100000000000000e+00	1.772217882634762e-01
1.100000000000000e+00	2.008955608933162e-01
1.100000000000000e+00	2.126705411253437e-01
1.100000000000000e+00	1.782884192125178e-01
1.100000000000000e+00	1.987879769494629e-01
1.100000000000000e+00	2.183443087815924e-01
1.100000000000000e+00	1.818996378868764e-01
1.100000000000000e+00	1.853812020960972e-01
1.100000000000000e+00	2.200050534300131e-01
1.100000000000000e+00	2.092497349713014e-01
1.100000000000000e+00	2.156066040111701e-01
1.100000000000000e+00	2.035413264078050e-01
1.100000000000000e+00	1.998340402800540e-01
1.100000000000000e+00	1.800489293621326e-01
1.100000000000000e+00	1.796891391782210e-01
1.100000000000000e+00	2.309206101801317e-01
1.100000000000000e+00	2.098104595380094e-01
1.100000000000000e+00	1.848332574743482e-01
1.100000000000000e+00	2.147109181880586e-01
1.100000000000000e+00	2.253291062599428e-01
1.100000000000000e+00	1.889428710182267e-01
1.100000000000000e+00	2.210977410750281e-01
1.100000000000000e+00	2.222334745606620e-01
1.100000000000000e+00	2.435704158070741e-01
1.100000000000000e+00	2.149602957052698e-01
1.100000000000000e+00	2.094139017473311e-01
1.100000000000000e+00	2.211051194309276e-01
1.100000000000000e+00	2.133999837770185e-01
1.100000000000000e+00	1.719863906525276e-01
1.100000000000000e+00	2.034091493004424e-01
1.100000000000000e+00	2.012225007593649e-01
1.100000000000000e+00	2.043307745604906e-01
1.100000000000000e+00	2.105268608291956e-01
1.100000000000000e+00	1.886248573284314e-01
1.100000000000000e+00	2.095652348521423e-01
1.100000000000000e+00	2.492890898784213e-01
1.100000000000000e+00	2.003631898807229e-01
1.100000000000000e+00	1.872566630412707e-01
1.100000000000000e+00	2.106575655573988e-01
1.100000000000000e+00	1.908683910984764e-01
1.100000000000000e+00	1.821850144730431e-01
1.100000000000000e+00	1.556588418884362e-01
1.100000000000000e+00	1.930527336245548e-01
1.100000000000000e+00	2.085729714807277e-01
1.100000000000000e+00	2.500678371092361e-01
1.100000000000000e+00	1.833434520709273e-01
1.100000000000000e+00	1.737057775347305e-01
1.100000000000000e+00	1.870126540961330e-01
1.100000000000000e+00	1.655538996876620e-01
1.100000000000000e+00	1.833842354942967e-01
1.100000000000000e+00	1.991959641388146e-01
1.100000000000000e+00	1.521870502450263e-01
1.100000000000000e+00	2.096142165133278e-01
1.100000000000000e+00	1.776571715074591e-01
1.100000000000000e+00	1.962817104676673e-01
1.100000000000000e+00	1.568649326033232e-01
1.100000000000000e+00	2.186652290853686e-01
1.100000000000000e+00	1.822520319251059e-01
1.100000000000000e+00	1.581707351034284e-01
1.100000000000000e+00	1.906821596577326e-01
1.100000000000000e+00	2.029968982746155e-01
1.100000000000000e+00	1.942983664673365e-01
1.100000000000000e+00	2.260802920767383e-01
1.100000000000000e+00	2.287763866454143e-01
1.100000000000000e+00	2.261323906580046e-01
1.100000000000000e+00	2.022783503225404e-01
1.100000000000000e+00	1.948572178093258e-01
1.100000000000000e+00	1.951904517149629e-01
1.100000000000000e+00	1.968213873275718e-01
1.100000000000000e+00	2.214405717640445e-01
1.100000000000000e+00	2.290239938975313e-01
1.100000000000000e+00	1.980432516193903e-01
1.100000000000000e+00	1.641981903936707e-01
1.100000000000000e+00	1.814485732676117e-01
1.100000000000000e+00	1.761344672333669e-01
1.100000000000000e+00	1.616804871246554e-01
1.100000000000000e+00	1.973731473083907e-01
1.100000000000000e+00	1.988140410519403e-01
1.100000000000000e+00	2.443306967927035e-01
1.100000000000000e+00	1.782562306266846e-01
1.100000000000000e+00	1.694796275210029e-01
1.100000000000000e+00	2.063228698882713e-01
1.100000000000000e+00	2.482678861518791e-01
1.100000000000000e+00	2.242606724385175e-01
1.100000000000000e+00	2.288770383887443e-01
1.100000000000000e+00	2.284933095971533e-01
1.100000000000000e+00	2.110074371484977e-01
1.100000000000000e+00	1.809345680708186e-01
1.100000000000000e+00	2.052540438660635e-01
1.100000000000000e+00	2.052487427858033e-01
1.100000000000000e+00	1.837090127319689e-01
1.100000000000000e+00	1.969748553987172e-01
1.100000000000000e+00	2.066016042170651e-01
1.100000000000000e+00	2.242559383833480e-01
1.100000000000000e+00	1.556569498944051e-01
1.100000000000000e+00	2.013511119531881e-01
1.100000000000000e+00	1.865791508839313e-01
1.100000000000000e+00	1.900888864335004e-01
1.100000000000000e+00	2.149671576521396e-01
1.100000000000000e+00	1.454782497293405e-01
1.100000000000000e+00	1.576693809382249e-01
1.100000000000000e+00	2.110040042382923e-01
1.100000000000000e+00	2.297167796749020e-01
1.100000000000000e+00	2.485655436968443e-01
1.100000000000000e+00	2.153212480811565e-01
1.100000000000000e+00	2.096801377449032e-01
1.100000000000000e+00	1.890097911437676e-01
1.100000000000000e+00	2.216862374907111e-01
1.100000000000000e+00	1.892995802855326e-01
1.100000000000000e+00	1.911375534234797e-01
1.100000000000000e+00	1.782923035816971e-01
1.100000000000000e+00	2.238174043911934e-01
1.100000000000000e+00	2.060068797261145e-01
1.100000000000000e+00	2.255430109627905e-01
1.100000000000000e+00	2.498698544265016e-01
1.100000000000000e+00	1.755440762691850e-01
1.100000000000000e+00	1.861302970534693e-01
1.100000000000000e+00	2.230388047242938e-01
1.100000000000000e+00	2.132542107513360e-01
1.100000000000000e+00	2.262502993485321e-01
1.100000000000000e+00	2.066071857813293e-01
1.100000000000000e+00	2.215927724203240e-01
1.100000000000000e+00	1.991724902739188e-01
1.100000000000000e+00	2.103105559626270e-01
1.100000000000000e+00	2.018193595208579e-01
1.100000000000000e+00	2.163915507470164e-01
1.100000000000000e+00	2.054183354241753e-01
1.100000000000000e+00	2.116053536869519e-01
1.100000000000000e+00	2.130433616529706e-01
1.100000000000000e+00	1.940476031078294e-01
1.100000000000000e+00	1.831978464951713e-01
1.100000000000000e+00	1.763823021612160e-01
1.100000000000000e+00	1.934650095903260e-01
1.100000000000000e+00	1.890771742723179e-01
1.100000000000000e+00	2.274789395131606e-01
1.100000000000000e+00	1.837049325287590e-01
1.100000000000000e+00	1.764806862962507e-01
1.100000000000000e+00	2.002873484788401e-01
1.100000000000000e+00	2.058015376792026e-01
1.100000000000000e+00	2.008402246389696e-01
1.100000000000000e+00	1.743838543709756e-01
1.100000000000000e+00	1.991380433652250e-01
1.100000000000000e+00	1.552873223248430e-01
1.100000000000000e+00	2.342572286807690e-01
1.100000000000000e+00	2.001833275094099e-01
1.100000000000000e+00	1.924578507262231e-01
1.100000000000000e+00	1.686125724300654e-01
1.100000000000000e+00	1.704016875399308e-01
1.100000000000000e+00	2.183864917112847e-01
1.100000000000000e+00	1.952800854734840e-01
1.100000000000000e+00	1.884494360231716e-01
1.100000000000000e+00	2.265810912241152e-01
1.100000000000000e+00	2.164960175620442e-01
1.100000000000000e+00	2.426762538735704e-01
1.100000000000000e+00	2.022953483662582e-01
1.100000000000000e+00	2.031484756061885e-01
1.100000000000000e+00	2.080356692870482e-01
1.100000000000000e+00	1.760434301357952e-01
1.100000000000000e+00	1.682306690736356e-01
1.100000000000000e+00	2.044880960346682e-01
