2.600000000000000e+00	9.751433465002439e+00
2.600000000000000e+00	9.538385934263221e+00
2.600000000000000e+00	9.470304252705995e+00
2.600000000000000e+00	9.516653264890891e+00
2.600000000000000e+00	9.630632449043828e+00
2.600000000000000e+00	9.526506813421157e+00
2.600000000000000e+00	9.579101512251979e+00
2.600000000000000e+00	9.689120557053705e+00
2.600000000000000e+00	9.649806977540219e+00
2.600000000000000e+00	9.599386283977582e+00
2.600000000000000e+00	9.627944710876234e+00
2.600000000000000e+00	9.548884978652760e+00
2.600000000000000e+00	9.630780962505352e+00
2.600000000000000e+00	9.749361502306520e+00
2.600000000000000e+00	9.842197471379938e+00
2.600000000000000e+00	9.661052743044770e+00
2.600000000000000e+00	9.733205216611379e+00
2.600000000000000e+00	9.591160714282188e+00
2.600000000000000e+00	9.652854460637098e+00
2.600000000000000e+00	9.614081954096779e+00
2.600000000000000e+00	9.558949246256677e+00
2.600000000000000e+00	9.414731941957976e+00
2.600000000000000e+00	9.745373990610840e+00
2.600000000000000e+00	9.675041397768988e+00
2.600000000000000e+00	9.645588498829689e+00
2.600000000000000e+00	9.852049352327649e+00
2.600000000000000e+00	9.777605577369751e+00
2.600000000000000e+00	9.861506478123776e+00
2.600000000000000e+00	9.695823005304494e+00
2.600000000000000e+00	9.765625458244294e+00
2.600000000000000e+00	9.548296674909942e+00
2.600000000000000e+00	9.525784829905948e+00
2.600000000000000e+00	9.420435245361720e+00
2.600000000000000e+00	9.651250515104046e+00
2.600000000000000e+00	9.535187597761590e+00
2.600000000000000e+00	9.731587549266205e+00
2.600000000000000e+00	9.686301021656464e+00
2.600000000000000e+00	9.408595513259023e+00
2.600000000000000e+00	9.506078500048222e+00
2.600000000000000e+00	9.597809310221077e+00
2.600000000000000e+00	9.626498750316749e+00
2.600000000000000e+00	9.652143376355856e+00
2.600000000000000e+00	9.658850709965199e+00
2.600000000000000e+00	9.887497660961902e+00
2.600000000000000e+00	9.609855969406551e+00
2.600000000000000e+00	9.396923533604371e+00
2.600000000000000e+00	9.688538618828355e+00
2.600000000000000e+00	9.673425347387980e+00
2.600000000000000e+00	9.690191819162379e+00
2.600000000000000e+00	9.618260271166097e+00
2.600000000000000e+00	9.660997689424272e+00
2.600000000000000e+00	9.533321619345513e+00
2.600000000000000e+00	9.759477503637200e+00
2.600000000000000e+00	9.465718650811326e+00
2.600000000000000e+00	9.440198312869867e+00
2.600000000000000e+00	9.541811614832504e+00
2.600000000000000e+00	9.546271977404103e+00
2.600000000000000e+00	9.569731393141870e+00
2.600000000000000e+00	9.573672626258539e+00
2.600000000000000e+00	9.651760519186805e+00
2.600000000000000e+00	9.583395372486027e+00
2.600000000000000e+00	9.550548259992675e+00
2.600000000000000e+00	9.643991110895415e+00
2.600000000000000e+00	9.634197674918237e+00
2.600000000000000e+00	9.520441888343788e+00
2.600000000000000e+00	9.583999546747169e+00
2.600000000000000e+00	9.827919814369613e+00
2.600000000000000e+00	9.759940744910285e+00
2.600000000000000e+00	9.629408851785627e+00
2.600000000000000e+00	9.770517505195841e+00
2.600000000000000e+00	9.682768811196437e+00
2.600000000000000e+00	9.590144919633655e+00
2.600000000000000e+00	9.677147459541148e+00
2.600000000000000e+00	9.497851156598704e+00
2.600000000000000e+00	9.682395774359716e+00
2.600000000000000e+00	9.713175687197602e+00
2.600000000000000e+00	9.527535294487922e+00
2.600000000000000e+00	9.760088140049415e+00
2.600000000000000e+00	9.595668035236150e+00
2.600000000000000e+00	9.647232947999573e+00
2.600000000000000e+00	9.542330310544440e+00
2.600000000000000e+00	9.562676071734145e+00
2.600000000000000e+00	9.712965701387754e+00
2.600000000000000e+00	9.570769958572148e+00
2.600000000000000e+00	9.571233966998669e+00
2.600000000000000e+00	9.702256551176728e+00
2.600000000000000e+00	9.595021389107840e+00
2.600000000000000e+00	9.450407962301973e+00
2.600000000000000e+00	9.670233719594867e+00
2.600000000000000e+00	9.649579866375024e+00
2.600000000000000e+00	9.769573487882710e+00
2.600000000000000e+00	9.389791916323333e+00
2.600000000000000e+00	9.675513047307065e+00
2.600000000000000e+00	9.687123261528523e+00
2.600000000000000e+00	9.498330153549976e+00
2.600000000000000e+00	9.707479371730450e+00
2.600000000000000e+00	9.677933154327661e+00
2.600000000000000e+00	9.628345086721215e+00
2.600000000000000e+00	9.708679978909558e+00
2.600000000000000e+00	9.567046993841963e+00
2.600000000000000e+00	9.558505497500834e+00
2.600000000000000e+00	9.645881739106983e+00
2.600000000000000e+00	9.663522330368075e+00
2.600000000000000e+00	9.643817264936345e+00
2.600000000000000e+00	9.448351183469505e+00
2.600000000000000e+00	9.658372343650386e+00
2.600000000000000e+00	9.436390355872529e+00
2.600000000000000e+00	9.593196663157086e+00
2.600000000000000e+00	9.627150426585279e+00
2.600000000000000e+00	9.498271555778143e+00
2.600000000000000e+00	9.574417631512539e+00
2.600000000000000e+00	9.627136675335892e+00
2.600000000000000e+00	9.592734660942813e+00
2.600000000000000e+00	9.711184227132415e+00
2.600000000000000e+00	9.816923528206669e+00
2.600000000000000e+00	9.716648229948678e+00
2.600000000000000e+00	9.593599345067865e+00
2.600000000000000e+00	9.566764058369575e+00
2.600000000000000e+00	9.695071986344196e+00
2.600000000000000e+00	9.492627492773160e+00
2.600000000000000e+00	9.575293559181780e+00
2.600000000000000e+00	9.686979397495893e+00
2.600000000000000e+00	9.754768589154434e+00
2.600000000000000e+00	9.603824708302501e+00
2.600000000000000e+00	9.620097609750916e+00
2.600000000000000e+00	9.715054019820943e+00
2.600000000000000e+00	9.590528061727529e+00
2.600000000000000e+00	9.754504700668896e+00
2.600000000000000e+00	9.686412812598771e+00
2.600000000000000e+00	9.548331871409122e+00
2.600000000000000e+00	9.567689014805570e+00
2.600000000000000e+00	9.782042765649706e+00
2.600000000000000e+00	9.578999610877275e+00
2.600000000000000e+00	9.742852498355852e+00
2.600000000000000e+00	9.467444678578243e+00
2.600000000000000e+00	9.650244556500017e+00
2.600000000000000e+00	9.666426583242297e+00
2.600000000000000e+00	9.695342407197282e+00
2.600000000000000e+00	9.590412688335864e+00
2.600000000000000e+00	9.709067630209173e+00
2.600000000000000e+00	9.663226351226196e+00
2.600000000000000e+00	9.640538581565121e+00
2.600000000000000e+00	9.674003413945002e+00
2.600000000000000e+00	9.518525895014283e+00
2.600000000000000e+00	9.686401791540927e+00
2.600000000000000e+00	9.532724365571799e+00
2.600000000000000e+00	9.680691840384368e+00
2.600000000000000e+00	9.717437447702380e+00
2.600000000000000e+00	9.494683972217514e+00
2.600000000000000e+00	9.449223328798318e+00
2.600000000000000e+00	9.628999618563093e+00
2.600000000000000e+00	9.606743157810499e+00
2.600000000000000e+00	9.755432828295513e+00
2.600000000000000e+00	9.496214551575274e+00
2.600000000000000e+00	9.818615261715792e+00
2.600000000000000e+00	9.657104356758978e+00
2.600000000000000e+00	9.663313781609896e+00
2.600000000000000e+00	9.482486888548548e+00
2.600000000000000e+00	9.531951633964212e+00
2.600000000000000e+00	9.608960294751526e+00
2.600000000000000e+00	9.763450934171626e+00
2.600000000000000e+00	9.566949289626111e+00
2.600000000000000e+00	9.602632694813320e+00
2.600000000000000e+00	9.920652654635939e+00
2.600000000000000e+00	9.627301342440351e+00
2.600000000000000e+00	9.592655185421467e+00
2.600000000000000e+00	9.501664989966358e+00
2.600000000000000e+00	9.639610794007424e+00
2.600000000000000e+00	9.580147331964870e+00
2.600000000000000e+00	9.598622830708297e+00
2.600000000000000e+00	9.733689720726201e+00
2.600000000000000e+00	9.619336211024079e+00
2.600000000000000e+00	9.614906909763336e+00
2.600000000000000e+00	9.544688881683490e+00
2.600000000000000e+00	9.661712787235345e+00
2.600000000000000e+00	9.679823359817249e+00
2.600000000000000e+00	9.590149568128419e+00
2.600000000000000e+00	9.798521039984436e+00
2.600000000000000e+00	9.480599651104360e+00
2.600000000000000e+00	9.591302024783902e+00
2.600000000000000e+00	9.672393592122518e+00
2.600000000000000e+00	9.552803983519327e+00
2.600000000000000e+00	9.750075681202754e+00
2.600000000000000e+00	9.680444257939754e+00
2.600000000000000e+00	9.626012735827228e+00
2.600000000000000e+00	9.710064798476983e+00
2.600000000000000e+00	9.496152528490180e+00
2.600000000000000e+00	9.592536086371130e+00
2.600000000000000e+00	9.647503294914717e+00
2.600000000000000e+00	9.589207140242401e+00
2.600000000000000e+00	9.732271799416417e+00
2.600000000000000e+00	9.680708604754967e+00
2.600000000000000e+00	9.542519255604033e+00
2.600000000000000e+00	9.701445446165625e+00
2.600000000000000e+00	9.775094983368524e+00
2.600000000000000e+00	9.754286399144087e+00
2.600000000000000e+00	9.715157676170154e+00
2.600000000000000e+00	9.584704479450021e+00
2.600000000000000e+00	9.549611421280112e+00
2.600000000000000e+00	9.623599435605076e+00
2.600000000000000e+00	9.908475060414240e+00
2.600000000000000e+00	9.627647669612241e+00
2.600000000000000e+00	9.604796331550657e+00
2.600000000000000e+00	9.794983464451191e+00
2.600000000000000e+00	9.732734938789813e+00
2.600000000000000e+00	9.646270507737910e+00
2.600000000000000e+00	9.616683020915874e+00
2.600000000000000e+00	9.384368042634318e+00
2.600000000000000e+00	9.795759576436099e+00
2.600000000000000e+00	9.561503118432078e+00
2.600000000000000e+00	9.610937779990930e+00
2.600000000000000e+00	9.622304202850913e+00
2.600000000000000e+00	9.606975640295008e+00
2.600000000000000e+00	9.609558129654291e+00
2.600000000000000e+00	9.756409259687601e+00
2.600000000000000e+00	9.764634195930764e+00
2.600000000000000e+00	9.609252860142025e+00
2.600000000000000e+00	9.888001348897960e+00
2.600000000000000e+00	9.453282285217380e+00
2.600000000000000e+00	9.628752599184530e+00
2.600000000000000e+00	9.516017904897971e+00
2.600000000000000e+00	9.608450797176985e+00
2.600000000000000e+00	9.482614344046560e+00
2.600000000000000e+00	9.692360955864562e+00
2.600000000000000e+00	9.753489936269101e+00
2.600000000000000e+00	9.511567277543383e+00
2.600000000000000e+00	9.614377172194811e+00
2.600000000000000e+00	9.560814529292237e+00
2.600000000000000e+00	9.647290860798259e+00
2.600000000000000e+00	9.564400959087738e+00
2.600000000000000e+00	9.539703903157886e+00
2.600000000000000e+00	9.558886431708631e+00
2.600000000000000e+00	9.645301335476171e+00
2.600000000000000e+00	9.475636122764172e+00
2.600000000000000e+00	9.665527256789900e+00
2.600000000000000e+00	9.632823073027602e+00
2.600000000000000e+00	9.738091144255343e+00
2.600000000000000e+00	9.631381291449570e+00
2.600000000000000e+00	9.716288311122646e+00
2.600000000000000e+00	9.730832430357365e+00
2.600000000000000e+00	9.740982918871360e+00
2.600000000000000e+00	9.596813684631339e+00
2.600000000000000e+00	9.661110227143656e+00
2.600000000000000e+00	9.709470502202450e+00
2.600000000000000e+00	9.457777266461111e+00
2.600000000000000e+00	9.543423772626298e+00
2.600000000000000e+00	9.450215642234754e+00
2.600000000000000e+00	9.753168925732302e+00
2.600000000000000e+00	9.917147086815607e+00
2.600000000000000e+00	9.638443513458078e+00
2.600000000000000e+00	9.777330700840565e+00
2.600000000000000e+00	9.709441008982211e+00
2.600000000000000e+00	9.460396746154386e+00
2.600000000000000e+00	9.651846654020922e+00
2.600000000000000e+00	9.488118647800547e+00
2.600000000000000e+00	9.552565637883790e+00
2.600000000000000e+00	9.607007779720078e+00
2.600000000000000e+00	9.571815234343632e+00
2.600000000000000e+00	9.689074339909856e+00
2.600000000000000e+00	9.597512569776505e+00
2.600000000000000e+00	9.571108932965146e+00
2.600000000000000e+00	9.453856872932457e+00
2.600000000000000e+00	9.587558026017515e+00
2.600000000000000e+00	9.675171442880021e+00
2.600000000000000e+00	9.785370649701612e+00
2.600000000000000e+00	9.592757123833783e+00
2.600000000000000e+00	9.612374875737302e+00
2.600000000000000e+00	9.624993172560114e+00
2.600000000000000e+00	9.640242006889210e+00
2.600000000000000e+00	9.590445194070094e+00
2.600000000000000e+00	9.695581208702816e+00
2.600000000000000e+00	9.433555933776596e+00
2.600000000000000e+00	9.655818895427911e+00
2.600000000000000e+00	9.659112857789943e+00
2.600000000000000e+00	9.655886478996305e+00
2.600000000000000e+00	9.716369285078377e+00
2.600000000000000e+00	9.820430086681601e+00
2.600000000000000e+00	9.562034165870067e+00
2.600000000000000e+00	9.467920024706224e+00
2.600000000000000e+00	9.462649760271676e+00
2.600000000000000e+00	9.598037069322681e+00
2.600000000000000e+00	9.504241274204102e+00
2.600000000000000e+00	9.514830155034364e+00
2.600000000000000e+00	9.631087366519417e+00
2.600000000000000e+00	9.614886640156527e+00
2.600000000000000e+00	9.758823680036846e+00
2.600000000000000e+00	9.683975867587405e+00
2.600000000000000e+00	9.563180716119090e+00
2.600000000000000e+00	9.688537959166263e+00
2.600000000000000e+00	9.460474440167657e+00
2.600000000000000e+00	9.511974717405021e+00
2.600000000000000e+00	9.569647866016997e+00
2.600000000000000e+00	9.692435071070014e+00
2.600000000000000e+00	9.687228957537041e+00
2.600000000000000e+00	9.589693346861839e+00
2.600000000000000e+00	9.707942841561412e+00
2.600000000000000e+00	9.643816418935323e+00
2.600000000000000e+00	9.572145475895429e+00
2.600000000000000e+00	9.674165351087833e+00
2.600000000000000e+00	9.638315813602588e+00
2.600000000000000e+00	9.852612565952228e+00
2.600000000000000e+00	9.516388708444001e+00
2.600000000000000e+00	9.552204164343983e+00
2.600000000000000e+00	9.607127816941940e+00
2.600000000000000e+00	9.560068642453437e+00
2.600000000000000e+00	9.550782102912372e+00
2.600000000000000e+00	9.646988452216936e+00
2.600000000000000e+00	9.699529415740237e+00
2.600000000000000e+00	9.827805453865507e+00
2.600000000000000e+00	9.673576592318154e+00
2.600000000000000e+00	9.731768674022558e+00
2.600000000000000e+00	9.633551529514603e+00
2.600000000000000e+00	9.622904014357275e+00
2.600000000000000e+00	9.562082149149310e+00
2.600000000000000e+00	9.558696020233908e+00
2.600000000000000e+00	9.474052261697118e+00
2.600000000000000e+00	9.686863057497733e+00
2.600000000000000e+00	9.682595069754713e+00
2.600000000000000e+00	9.681823599476967e+00
2.600000000000000e+00	9.665122368475460e+00
2.600000000000000e+00	9.518209954492349e+00
2.600000000000000e+00	9.669902471897293e+00
2.600000000000000e+00	9.538366817379213e+00
2.600000000000000e+00	9.596707549689681e+00
2.600000000000000e+00	9.627684609608897e+00
2.600000000000000e+00	9.473235390907945e+00
2.600000000000000e+00	9.649142519273173e+00
2.600000000000000e+00	9.573083988508646e+00
2.600000000000000e+00	9.729998922090237e+00
2.600000000000000e+00	9.578975046382023e+00
2.600000000000000e+00	9.724351533709871e+00
2.600000000000000e+00	9.617857345051698e+00
2.600000000000000e+00	9.763547424640329e+00
2.600000000000000e+00	9.719602418664643e+00
2.600000000000000e+00	9.546570737177461e+00
2.600000000000000e+00	9.544061390206572e+00
2.600000000000000e+00	9.747221032952314e+00
2.600000000000000e+00	9.547564019747988e+00
2.600000000000000e+00	9.616823267093475e+00
2.600000000000000e+00	9.516350268690507e+00
2.600000000000000e+00	9.580209956073048e+00
2.600000000000000e+00	9.767356926613118e+00
2.600000000000000e+00	9.613501479956501e+00
2.600000000000000e+00	9.682952136071886e+00
2.600000000000000e+00	9.713373203947690e+00
2.600000000000000e+00	9.550914652578403e+00
2.600000000000000e+00	9.644828311683035e+00
2.600000000000000e+00	9.629132146328104e+00
2.600000000000000e+00	9.632946884843719e+00
2.600000000000000e+00	9.536131764526946e+00
2.600000000000000e+00	9.610773194324743e+00
2.600000000000000e+00	9.776246343216529e+00
2.600000000000000e+00	9.606183804338796e+00
2.600000000000000e+00	9.593280102696429e+00
2.600000000000000e+00	9.565936410788957e+00
2.600000000000000e+00	9.423972222182313e+00
2.600000000000000e+00	9.669921224816846e+00
2.600000000000000e+00	9.580516045696113e+00
2.600000000000000e+00	9.570013970017325e+00
2.600000000000000e+00	9.636513969898445e+00
2.600000000000000e+00	9.573699263583281e+00
2.600000000000000e+00	9.491836264060339e+00
2.600000000000000e+00	9.659014721988562e+00
2.600000000000000e+00	9.675692796669541e+00
2.600000000000000e+00	9.629244759357288e+00
2.600000000000000e+00	9.596272716258808e+00
2.600000000000000e+00	9.812958268254738e+00
2.600000000000000e+00	9.760185351958187e+00
2.600000000000000e+00	9.496127655588001e+00
2.600000000000000e+00	9.517282003248834e+00
2.600000000000000e+00	9.714576816550959e+00
2.600000000000000e+00	9.639133654693524e+00
2.600000000000000e+00	9.547704628217087e+00
2.600000000000000e+00	9.634865817687707e+00
2.600000000000000e+00	9.790340454126174e+00
2.600000000000000e+00	9.610138006664638e+00
2.600000000000000e+00	9.695600933965546e+00
2.600000000000000e+00	9.624743096390590e+00
2.600000000000000e+00	9.734868715664291e+00
2.600000000000000e+00	9.621292315792831e+00
2.600000000000000e+00	9.512981911867028e+00
2.600000000000000e+00	9.652165613879003e+00
2.600000000000000e+00	9.615644337556068e+00
2.600000000000000e+00	9.573069875036555e+00
2.600000000000000e+00	9.649998076842408e+00
2.600000000000000e+00	9.504316942740600e+00
2.600000000000000e+00	9.841523881818253e+00
2.600000000000000e+00	9.594929321703109e+00
2.600000000000000e+00	9.584752112956267e+00
2.600000000000000e+00	9.499511054090547e+00
2.600000000000000e+00	9.565288642503077e+00
2.600000000000000e+00	9.511478014495374e+00
2.600000000000000e+00	9.445338847885047e+00
2.600000000000000e+00	9.550591307815312e+00
2.600000000000000e+00	9.614941931640757e+00
2.600000000000000e+00	9.591565169057475e+00
2.600000000000000e+00	9.477756754570704e+00
2.600000000000000e+00	9.757998525465549e+00
2.600000000000000e+00	9.671706693993016e+00
2.600000000000000e+00	9.623322687984938e+00
2.600000000000000e+00	9.600286098374815e+00
2.600000000000000e+00	9.618247970237054e+00
2.600000000000000e+00	9.595205251864277e+00
2.600000000000000e+00	9.492679831084882e+00
2.600000000000000e+00	9.624144801031694e+00
2.600000000000000e+00	9.683235251500168e+00
2.600000000000000e+00	9.642462146305915e+00
2.600000000000000e+00	9.441119729582763e+00
2.600000000000000e+00	9.766212376198874e+00
2.600000000000000e+00	9.748586955326097e+00
2.600000000000000e+00	9.847423130017848e+00
2.600000000000000e+00	9.521726440702420e+00
2.600000000000000e+00	9.720805842069907e+00
2.600000000000000e+00	9.641409126252540e+00
2.600000000000000e+00	9.652438679088062e+00
2.600000000000000e+00	9.656977956649966e+00
2.600000000000000e+00	9.601201990849638e+00
2.600000000000000e+00	9.629544085652793e+00
2.600000000000000e+00	9.525454349481240e+00
2.600000000000000e+00	9.617698205777648e+00
2.600000000000000e+00	9.862741046352657e+00
2.600000000000000e+00	9.476511488997669e+00
2.600000000000000e+00	9.550481844323997e+00
2.600000000000000e+00	9.578397594588674e+00
2.600000000000000e+00	9.625241196111668e+00
2.600000000000000e+00	9.782118650625659e+00
2.600000000000000e+00	9.703158363924418e+00
2.600000000000000e+00	9.613656575890250e+00
2.600000000000000e+00	9.615590303799946e+00
2.600000000000000e+00	9.519704738266183e+00
2.600000000000000e+00	9.520357139378303e+00
2.600000000000000e+00	9.716158374133919e+00
2.600000000000000e+00	9.683994737029600e+00
2.600000000000000e+00	9.670579823420399e+00
2.600000000000000e+00	9.594028634164154e+00
2.600000000000000e+00	9.535656509304497e+00
2.600000000000000e+00	9.656547660016969e+00
2.600000000000000e+00	9.580961218019327e+00
2.600000000000000e+00	9.797882288038743e+00
2.600000000000000e+00	9.694836117521202e+00
2.600000000000000e+00	9.721628597107049e+00
2.600000000000000e+00	9.662637267122090e+00
2.600000000000000e+00	9.552242269980066e+00
2.600000000000000e+00	9.575259444383786e+00
2.600000000000000e+00	9.652390703716730e+00
2.600000000000000e+00	9.633000097624981e+00
2.600000000000000e+00	9.731475468794814e+00
2.600000000000000e+00	9.593319669097674e+00
2.600000000000000e+00	9.817984177962435e+00
2.600000000000000e+00	9.519707146559849e+00
2.600000000000000e+00	9.590352585042814e+00
2.600000000000000e+00	9.705757479041655e+00
2.600000000000000e+00	9.697262867837129e+00
2.600000000000000e+00	9.769673065302900e+00
2.600000000000000e+00	9.619367016776410e+00
2.600000000000000e+00	9.661403674558750e+00
2.600000000000000e+00	9.774478682789084e+00
2.600000000000000e+00	9.599857066365374e+00
2.600000000000000e+00	9.651798135949626e+00
2.600000000000000e+00	9.605632713624546e+00
2.600000000000000e+00	9.646756200708372e+00
2.600000000000000e+00	9.724052430354817e+00
2.600000000000000e+00	9.629781068013356e+00
2.600000000000000e+00	9.651853872623953e+00
2.600000000000000e+00	9.580548403355458e+00
2.600000000000000e+00	9.658956765664680e+00
2.600000000000000e+00	9.686493749309157e+00
2.600000000000000e+00	9.586737295465799e+00
2.600000000000000e+00	9.471160474642620e+00
2.600000000000000e+00	9.605842691712798e+00
2.600000000000000e+00	9.542282480750643e+00
2.600000000000000e+00	9.599439288377820e+00
2.600000000000000e+00	9.723365628837717e+00
2.600000000000000e+00	9.694016756092777e+00
2.600000000000000e+00	9.399952029965670e+00
2.600000000000000e+00	9.619907178441462e+00
2.600000000000000e+00	9.535871508143742e+00
2.600000000000000e+00	9.749456057830603e+00
2.600000000000000e+00	9.755185670788077e+00
2.600000000000000e+00	9.578431138913391e+00
2.600000000000000e+00	9.874697780547528e+00
2.600000000000000e+00	9.664520667297245e+00
2.600000000000000e+00	9.787161961866964e+00
2.600000000000000e+00	9.677152345645784e+00
2.600000000000000e+00	9.697925063442495e+00
2.600000000000000e+00	9.611552198164526e+00
2.600000000000000e+00	9.670221343531992e+00
2.600000000000000e+00	9.775915327056413e+00
2.600000000000000e+00	9.708613933285212e+00
2.600000000000000e+00	9.641029033899825e+00
2.600000000000000e+00	9.722481051044344e+00
2.600000000000000e+00	9.717435726241069e+00
2.600000000000000e+00	9.864266185867661e+00
2.600000000000000e+00	9.525406539220530e+00
2.600000000000000e+00	9.436664239154734e+00
2.600000000000000e+00	9.475832314481266e+00
2.600000000000000e+00	9.651525487449094e+00
2.600000000000000e+00	9.518846753188821e+00
2.600000000000000e+00	9.685310598207984e+00
2.600000000000000e+00	9.614453972698165e+00
2.600000000000000e+00	9.680577455330862e+00
2.600000000000000e+00	9.641909555730033e+00
2.600000000000000e+00	9.734465691173366e+00
2.600000000000000e+00	9.685055029530702e+00
2.600000000000000e+00	9.655768317457902e+00
2.600000000000000e+00	9.615427308190849e+00
2.600000000000000e+00	9.483685145347962e+00
2.600000000000000e+00	9.547456748108953e+00
2.600000000000000e+00	9.454066235809236e+00
2.600000000000000e+00	9.616272976266782e+00
2.600000000000000e+00	9.400661472837031e+00
2.600000000000000e+00	9.839604952209244e+00
2.600000000000000e+00	9.778058109042270e+00
2.600000000000000e+00	9.687073774564940e+00
2.600000000000000e+00	9.729349431167300e+00
2.600000000000000e+00	9.572289707827826e+00
2.600000000000000e+00	9.783985931880014e+00
2.600000000000000e+00	9.646451243964616e+00
2.600000000000000e+00	9.725114702598159e+00
2.600000000000000e+00	9.878507083424108e+00
2.600000000000000e+00	9.611063121976571e+00
2.600000000000000e+00	9.594903193749982e+00
2.600000000000000e+00	9.654277783926911e+00
2.600000000000000e+00	9.612027567466480e+00
2.600000000000000e+00	9.656170704317553e+00
2.600000000000000e+00	9.511583150494799e+00
2.600000000000000e+00	9.695301844097887e+00
2.600000000000000e+00	9.516963942995210e+00
2.600000000000000e+00	9.650774631953075e+00
2.600000000000000e+00	9.726093740869398e+00
2.600000000000000e+00	9.685418380224242e+00
2.600000000000000e+00	9.586812505968510e+00
2.600000000000000e+00	9.685416125642647e+00
2.600000000000000e+00	9.815214391413310e+00
2.600000000000000e+00	9.670358434902830e+00
2.600000000000000e+00	9.530754406347079e+00
2.600000000000000e+00	9.723880270433384e+00
2.600000000000000e+00	9.763573692353244e+00
2.600000000000000e+00	9.714188746882234e+00
2.600000000000000e+00	9.667823683970578e+00
2.600000000000000e+00	9.553280870567331e+00
2.600000000000000e+00	9.776679724067272e+00
2.600000000000000e+00	9.570456249020856e+00
2.600000000000000e+00	9.568140040870572e+00
2.600000000000000e+00	9.650181276818433e+00
2.600000000000000e+00	9.643522760043915e+00
2.600000000000000e+00	9.541391632417744e+00
2.600000000000000e+00	9.664392901544922e+00
2.600000000000000e+00	9.724611646619550e+00
2.600000000000000e+00	9.711838340311566e+00
2.600000000000000e+00	9.572838549677913e+00
2.600000000000000e+00	9.678942551787918e+00
2.600000000000000e+00	9.676040202926844e+00
2.600000000000000e+00	9.585633481139245e+00
2.600000000000000e+00	9.696569021967678e+00
2.600000000000000e+00	9.458386890480570e+00
2.600000000000000e+00	9.590330936042328e+00
2.600000000000000e+00	9.692809211058933e+00
2.600000000000000e+00	9.729000063848002e+00
2.600000000000000e+00	9.721384105526013e+00
2.600000000000000e+00	9.764366043379988e+00
2.600000000000000e+00	9.617010121010315e+00
2.600000000000000e+00	9.617225245339963e+00
2.600000000000000e+00	9.882811863392835e+00
2.600000000000000e+00	9.465490202409203e+00
2.600000000000000e+00	9.678857722075804e+00
2.600000000000000e+00	9.565707791261946e+00
2.600000000000000e+00	9.429232459768263e+00
2.600000000000000e+00	9.629192601194998e+00
2.600000000000000e+00	9.735766432558812e+00
2.600000000000000e+00	9.580885115275507e+00
2.600000000000000e+00	9.608170731721062e+00
2.600000000000000e+00	9.655060540816969e+00
2.600000000000000e+00	9.669040097208867e+00
2.600000000000000e+00	9.624946959930812e+00
2.600000000000000e+00	9.752052258597152e+00
2.600000000000000e+00	9.660458001944072e+00
2.600000000000000e+00	9.564460001495796e+00
2.600000000000000e+00	9.405261119862551e+00
2.600000000000000e+00	9.391288371068850e+00
2.600000000000000e+00	9.461150407217509e+00
2.600000000000000e+00	9.728805432775230e+00
2.600000000000000e+00	9.489638791060898e+00
2.600000000000000e+00	9.716809710365453e+00
2.600000000000000e+00	9.604924493437849e+00
2.600000000000000e+00	9.579090357053705e+00
2.600000000000000e+00	9.639522013396956e+00
2.600000000000000e+00	9.730017216433684e+00
2.600000000000000e+00	9.662035758787491e+00
2.600000000000000e+00	9.464258680941985e+00
2.600000000000000e+00	9.600174911627551e+00
2.600000000000000e+00	9.717845680284627e+00
2.600000000000000e+00	9.528012049845373e+00
2.600000000000000e+00	9.746690338814219e+00
2.600000000000000e+00	9.511819095477613e+00
2.600000000000000e+00	9.418994086344348e+00
2.600000000000000e+00	9.551867381996072e+00
2.600000000000000e+00	9.682348114067238e+00
2.600000000000000e+00	9.639616063368518e+00
2.600000000000000e+00	9.423814172393637e+00
2.600000000000000e+00	9.497547554476084e+00
2.600000000000000e+00	9.481453043850010e+00
2.600000000000000e+00	9.685106458407359e+00
2.600000000000000e+00	9.493969640411333e+00
2.600000000000000e+00	9.494194391586177e+00
2.600000000000000e+00	9.708030489253439e+00
2.600000000000000e+00	9.690519988717627e+00
2.600000000000000e+00	9.790323568553507e+00
2.600000000000000e+00	9.556589292338842e+00
2.600000000000000e+00	9.628658109804690e+00
2.600000000000000e+00	9.704581674593518e+00
2.600000000000000e+00	9.738739504890326e+00
2.600000000000000e+00	9.703093576312659e+00
2.600000000000000e+00	9.475826444900710e+00
2.600000000000000e+00	9.637228872329086e+00
2.600000000000000e+00	9.583388813070380e+00
2.600000000000000e+00	9.564530192740520e+00
2.600000000000000e+00	9.611992177640488e+00
2.600000000000000e+00	9.580214279035433e+00
2.600000000000000e+00	9.642084850072706e+00
2.600000000000000e+00	9.689844473045257e+00
2.600000000000000e+00	9.587568280379248e+00
2.600000000000000e+00	9.623861729578866e+00
2.600000000000000e+00	9.640754331046340e+00
2.600000000000000e+00	9.605708487561763e+00
2.600000000000000e+00	9.541991091231921e+00
2.600000000000000e+00	9.462982922563492e+00
2.600000000000000e+00	9.387275703961000e+00
2.600000000000000e+00	9.663052564490407e+00
2.600000000000000e+00	9.693271890499085e+00
2.600000000000000e+00	9.482406022231437e+00
2.600000000000000e+00	9.636029962128319e+00
2.600000000000000e+00	9.519568741271787e+00
2.600000000000000e+00	9.589269355855402e+00
2.600000000000000e+00	9.704925615632261e+00
2.600000000000000e+00	9.522042937584184e+00
2.600000000000000e+00	9.654774240234756e+00
2.600000000000000e+00	9.562656066708540e+00
2.600000000000000e+00	9.748643982343127e+00
2.600000000000000e+00	9.734193086991247e+00
2.600000000000000e+00	9.634870307064887e+00
2.600000000000000e+00	9.667631470291765e+00
2.600000000000000e+00	9.618778034667940e+00
2.600000000000000e+00	9.658859812987536e+00
2.600000000000000e+00	9.697657550501908e+00
2.600000000000000e+00	9.819163518647171e+00
2.600000000000000e+00	9.600636257818730e+00
2.600000000000000e+00	9.442143415589708e+00
2.600000000000000e+00	9.640064601663322e+00
2.600000000000000e+00	9.588229693031519e+00
2.600000000000000e+00	9.578334990639663e+00
2.600000000000000e+00	9.597196606595304e+00
2.600000000000000e+00	9.473849038765898e+00
2.600000000000000e+00	9.588639972369453e+00
2.600000000000000e+00	9.824197254662936e+00
2.600000000000000e+00	9.585210860373657e+00
2.600000000000000e+00	9.416759909332118e+00
2.600000000000000e+00	9.585458885844272e+00
2.600000000000000e+00	9.529056144863873e+00
2.600000000000000e+00	9.635309830047511e+00
2.600000000000000e+00	9.701176379244480e+00
2.600000000000000e+00	9.602458841450762e+00
2.600000000000000e+00	9.825542665320212e+00
2.600000000000000e+00	9.645718800296773e+00
2.600000000000000e+00	9.630138073033260e+00
2.600000000000000e+00	9.386705329939309e+00
2.600000000000000e+00	9.501773200712160e+00
2.600000000000000e+00	9.431915901804265e+00
2.600000000000000e+00	9.657571583488126e+00
2.600000000000000e+00	9.706709621989017e+00
2.600000000000000e+00	9.815434884468232e+00
2.600000000000000e+00	9.662217673707586e+00
2.600000000000000e+00	9.606317556142365e+00
2.600000000000000e+00	9.568985446593651e+00
2.600000000000000e+00	9.686410584068108e+00
2.600000000000000e+00	9.848472667287002e+00
2.600000000000000e+00	9.790843773033584e+00
2.600000000000000e+00	9.655548358003355e+00
2.600000000000000e+00	9.647382686931778e+00
2.600000000000000e+00	9.549791447034782e+00
2.600000000000000e+00	9.355912760926689e+00
2.600000000000000e+00	9.588225826588864e+00
2.600000000000000e+00	9.562860212783580e+00
2.600000000000000e+00	9.556046647645370e+00
2.600000000000000e+00	9.637179432138813e+00
2.600000000000000e+00	9.558434342400499e+00
2.600000000000000e+00	9.601613134279788e+00
2.600000000000000e+00	9.419286871315382e+00
2.600000000000000e+00	9.648154637826112e+00
2.600000000000000e+00	9.696469079929042e+00
2.600000000000000e+00	9.765749163759628e+00
2.600000000000000e+00	9.648641996654277e+00
2.600000000000000e+00	9.595840083003363e+00
2.600000000000000e+00	9.642069936596396e+00
2.600000000000000e+00	9.847854053600726e+00
2.600000000000000e+00	9.658672255763985e+00
2.600000000000000e+00	9.697617588995499e+00
2.600000000000000e+00	9.650940155240242e+00
2.600000000000000e+00	9.668987605770322e+00
2.600000000000000e+00	9.586574628151018e+00
2.600000000000000e+00	9.660660872895035e+00
2.600000000000000e+00	9.627380185753861e+00
2.600000000000000e+00	9.716348416044045e+00
2.600000000000000e+00	9.633139169700407e+00
2.600000000000000e+00	9.566929187623359e+00
2.600000000000000e+00	9.740560823651597e+00
2.600000000000000e+00	9.691069835190545e+00
2.600000000000000e+00	9.596290409864096e+00
2.600000000000000e+00	9.670090615093224e+00
2.600000000000000e+00	9.603546100055979e+00
2.600000000000000e+00	9.573034911787255e+00
2.600000000000000e+00	9.646056308799457e+00
2.600000000000000e+00	9.471585146977356e+00
2.600000000000000e+00	9.710702626558870e+00
2.600000000000000e+00	9.773608300306940e+00
2.600000000000000e+00	9.637022644020744e+00
2.600000000000000e+00	9.630731742955390e+00
2.600000000000000e+00	9.697116892081180e+00
2.600000000000000e+00	9.790260357829807e+00
2.600000000000000e+00	9.717076757976663e+00
2.600000000000000e+00	9.640125315771870e+00
2.600000000000000e+00	9.646926017321409e+00
2.600000000000000e+00	9.688017479244131e+00
2.600000000000000e+00	9.916664729421100e+00
2.600000000000000e+00	9.689601879115200e+00
2.600000000000000e+00	9.617441106293924e+00
2.600000000000000e+00	9.900502583347073e+00
2.600000000000000e+00	9.708731010085559e+00
2.600000000000000e+00	9.641071612772024e+00
2.600000000000000e+00	9.551099206160629e+00
2.600000000000000e+00	9.610672478626634e+00
2.600000000000000e+00	9.462281960567047e+00
2.600000000000000e+00	9.818717323531551e+00
2.600000000000000e+00	9.569411367299942e+00
2.600000000000000e+00	9.697472730699548e+00
2.600000000000000e+00	9.614583117516750e+00
2.600000000000000e+00	9.442816908576461e+00
2.600000000000000e+00	9.514585905790224e+00
2.600000000000000e+00	9.743600516945968e+00
2.600000000000000e+00	9.678819920335437e+00
2.600000000000000e+00	9.658544485340940e+00
2.600000000000000e+00	9.670952370029077e+00
2.600000000000000e+00	9.566952424540760e+00
2.600000000000000e+00	9.676171759921491e+00
2.600000000000000e+00	9.920498741155878e+00
2.600000000000000e+00	9.829533504601931e+00
2.600000000000000e+00	9.609913888832702e+00
2.600000000000000e+00	9.684408072697209e+00
2.600000000000000e+00	9.747435790085440e+00
2.600000000000000e+00	9.634870427735951e+00
2.600000000000000e+00	9.755301843424682e+00
2.600000000000000e+00	9.609781416339503e+00
2.600000000000000e+00	9.583421495140582e+00
2.600000000000000e+00	9.832577174028840e+00
2.600000000000000e+00	9.743089696747663e+00
2.600000000000000e+00	9.765478552645437e+00
2.600000000000000e+00	9.536526627021260e+00
2.600000000000000e+00	9.815785871948302e+00
2.600000000000000e+00	9.692139375661636e+00
2.600000000000000e+00	9.756763327453825e+00
2.600000000000000e+00	9.620623746577753e+00
2.600000000000000e+00	9.713880614316993e+00
2.600000000000000e+00	9.674043282300950e+00
2.600000000000000e+00	9.657880688331742e+00
2.600000000000000e+00	9.468590906184268e+00
2.600000000000000e+00	9.773124121429383e+00
2.600000000000000e+00	9.594659423429082e+00
2.600000000000000e+00	9.748296429842693e+00
2.600000000000000e+00	9.515715661984114e+00
2.600000000000000e+00	9.581172238204285e+00
2.600000000000000e+00	9.606072112794028e+00
2.600000000000000e+00	9.606195104465112e+00
2.600000000000000e+00	9.760587223645704e+00
2.600000000000000e+00	9.556534997524881e+00
2.600000000000000e+00	9.628402325752743e+00
2.600000000000000e+00	9.600752771464885e+00
2.600000000000000e+00	9.834838040826789e+00
2.600000000000000e+00	9.558413443295239e+00
2.600000000000000e+00	9.731856287495923e+00
2.600000000000000e+00	9.660444609803122e+00
2.600000000000000e+00	9.650741577235074e+00
2.600000000000000e+00	9.606875029185325e+00
2.600000000000000e+00	9.683611364884250e+00
2.600000000000000e+00	9.516033254344380e+00
2.600000000000000e+00	9.673034392477707e+00
2.600000000000000e+00	9.742648029639787e+00
2.600000000000000e+00	9.530779944842836e+00
2.600000000000000e+00	9.496088906688758e+00
2.600000000000000e+00	9.570107610943005e+00
2.600000000000000e+00	9.758129926207555e+00
2.600000000000000e+00	9.616969274804624e+00
2.600000000000000e+00	9.490166700831569e+00
2.600000000000000e+00	9.532825194327167e+00
2.600000000000000e+00	9.667386582100850e+00
2.600000000000000e+00	9.658691628636449e+00
2.600000000000000e+00	9.733085394906817e+00
2.600000000000000e+00	9.796196657199838e+00
2.600000000000000e+00	9.624693730792851e+00
2.600000000000000e+00	9.571640399029967e+00
2.600000000000000e+00	9.549956566975414e+00
2.600000000000000e+00	9.694630546394134e+00
2.600000000000000e+00	9.776856082096316e+00
2.600000000000000e+00	9.676130328348052e+00
2.600000000000000e+00	9.790601813875778e+00
2.600000000000000e+00	9.457723458485470e+00
2.600000000000000e+00	9.549282616118820e+00
2.600000000000000e+00	9.650464991397985e+00
2.600000000000000e+00	9.673632213288315e+00
2.600000000000000e+00	9.575424557190487e+00
2.600000000000000e+00	9.694559514492733e+00
2.600000000000000e+00	9.504801302296030e+00
2.600000000000000e+00	9.539204147436795e+00
2.600000000000000e+00	9.612806381350882e+00
2.600000000000000e+00	9.764184069480299e+00
2.600000000000000e+00	9.791667477483358e+00
2.600000000000000e+00	9.660991468562791e+00
2.600000000000000e+00	9.764355376248428e+00
2.600000000000000e+00	9.665151945352731e+00
2.600000000000000e+00	9.735590752648354e+00
2.600000000000000e+00	9.721294821342916e+00
2.600000000000000e+00	9.717570449626475e+00
2.600000000000000e+00	9.561162756078128e+00
2.600000000000000e+00	9.697399663813613e+00
2.600000000000000e+00	9.573178774589412e+00
2.600000000000000e+00	9.599538372834560e+00
2.600000000000000e+00	9.541892555080077e+00
2.600000000000000e+00	9.585979649137867e+00
2.600000000000000e+00	9.837306237051841e+00
2.600000000000000e+00	9.699898506704823e+00
2.600000000000000e+00	9.866104318828796e+00
2.600000000000000e+00	9.989530712362608e+00
2.600000000000000e+00	9.718246393299832e+00
2.600000000000000e+00	9.750954020880233e+00
2.600000000000000e+00	9.600112128029664e+00
2.600000000000000e+00	9.801176772910015e+00
2.600000000000000e+00	9.622345998274247e+00
2.600000000000000e+00	9.363816909547470e+00
2.600000000000000e+00	9.573192434395311e+00
2.600000000000000e+00	9.515972893960228e+00
2.600000000000000e+00	9.751359602581616e+00
2.600000000000000e+00	9.478876245884152e+00
2.600000000000000e+00	9.452117924108661e+00
2.600000000000000e+00	9.643389159524087e+00
2.600000000000000e+00	9.577674137322713e+00
2.600000000000000e+00	9.542145334452266e+00
2.600000000000000e+00	9.803389555718136e+00
2.600000000000000e+00	9.725786460021796e+00
2.600000000000000e+00	9.751706511781997e+00
2.600000000000000e+00	9.757170647292993e+00
2.600000000000000e+00	9.464166251456495e+00
2.600000000000000e+00	9.588391672954469e+00
2.600000000000000e+00	9.562290934414449e+00
2.600000000000000e+00	9.587825479890672e+00
2.600000000000000e+00	9.566907078008303e+00
2.600000000000000e+00	9.660337613464007e+00
2.600000000000000e+00	9.557714841987091e+00
2.600000000000000e+00	9.411201055706163e+00
2.600000000000000e+00	9.493087898467159e+00
2.600000000000000e+00	9.605446368084838e+00
2.600000000000000e+00	9.643767987148193e+00
2.600000000000000e+00	9.707727230448524e+00
2.600000000000000e+00	9.622694561612729e+00
2.600000000000000e+00	9.764941636765869e+00
2.600000000000000e+00	9.636844460702999e+00
2.600000000000000e+00	9.705688741951725e+00
2.600000000000000e+00	9.665858450262160e+00
2.600000000000000e+00	9.581042004411019e+00
2.600000000000000e+00	9.623171165895023e+00
2.600000000000000e+00	9.648710130484268e+00
2.600000000000000e+00	9.469869051520131e+00
2.600000000000000e+00	9.545277119832271e+00
2.600000000000000e+00	9.519960115642847e+00
2.600000000000000e+00	9.467135228345995e+00
2.600000000000000e+00	9.680245846821254e+00
2.600000000000000e+00	9.528287615919918e+00
2.600000000000000e+00	9.530940015873037e+00
2.600000000000000e+00	9.661866988784904e+00
2.600000000000000e+00	9.605624930080822e+00
2.600000000000000e+00	9.453378077284031e+00
2.600000000000000e+00	9.425694580554143e+00
2.600000000000000e+00	9.542516544697705e+00
2.600000000000000e+00	9.714135751413643e+00
2.600000000000000e+00	9.775302201211090e+00
2.600000000000000e+00	9.495870483318189e+00
2.600000000000000e+00	9.531041819501496e+00
2.600000000000000e+00	9.833769848612423e+00
2.600000000000000e+00	9.714227075380727e+00
2.600000000000000e+00	9.628636099530372e+00
2.600000000000000e+00	9.651239682354863e+00
2.600000000000000e+00	9.641532052419112e+00
2.600000000000000e+00	9.627855309122809e+00
2.600000000000000e+00	9.557845080610662e+00
2.600000000000000e+00	9.513183589487010e+00
2.600000000000000e+00	9.620600334579155e+00
2.600000000000000e+00	9.671737049265348e+00
2.600000000000000e+00	9.680912771302385e+00
2.600000000000000e+00	9.698117020284785e+00
2.600000000000000e+00	9.684709101396924e+00
2.600000000000000e+00	9.884448859516993e+00
2.600000000000000e+00	9.663356886564197e+00
2.600000000000000e+00	9.563060516158997e+00
2.600000000000000e+00	9.530158276917675e+00
2.600000000000000e+00	9.560629084978428e+00
2.600000000000000e+00	9.656502093835144e+00
2.600000000000000e+00	9.733813637058567e+00
2.600000000000000e+00	9.702974888196188e+00
2.600000000000000e+00	9.599930832337709e+00
2.600000000000000e+00	9.805007592784271e+00
2.600000000000000e+00	9.467878422649905e+00
2.600000000000000e+00	9.544048793360197e+00
2.600000000000000e+00	9.613296806091318e+00
2.600000000000000e+00	9.590705930569737e+00
2.600000000000000e+00	9.667513253148989e+00
2.600000000000000e+00	9.650220662633767e+00
2.600000000000000e+00	9.595674549381966e+00
2.600000000000000e+00	9.573617651924696e+00
2.600000000000000e+00	9.462648880984155e+00
2.600000000000000e+00	9.747835154271609e+00
2.600000000000000e+00	9.578925580644473e+00
2.600000000000000e+00	9.717977165190792e+00
2.600000000000000e+00	9.510633001181564e+00
2.600000000000000e+00	9.759014687571348e+00
2.600000000000000e+00	9.552752790588926e+00
2.600000000000000e+00	9.666065460697997e+00
2.600000000000000e+00	9.634137763776046e+00
2.600000000000000e+00	9.530332989436170e+00
2.600000000000000e+00	9.487344672659379e+00
2.600000000000000e+00	9.525419281005487e+00
2.600000000000000e+00	9.642561688129453e+00
2.600000000000000e+00	9.565342262806396e+00
2.600000000000000e+00	9.634549748705350e+00
2.600000000000000e+00	9.683661261018878e+00
2.600000000000000e+00	9.726767649006336e+00
2.600000000000000e+00	9.505445116016745e+00
2.600000000000000e+00	9.396797923856862e+00
2.600000000000000e+00	9.671149568742795e+00
2.600000000000000e+00	9.586690778747711e+00
2.600000000000000e+00	9.698086229011741e+00
2.600000000000000e+00	9.499605275583344e+00
2.600000000000000e+00	9.562664594845181e+00
2.600000000000000e+00	9.863401084202060e+00
2.600000000000000e+00	9.649793286179484e+00
2.600000000000000e+00	9.714049809361393e+00
2.600000000000000e+00	9.744052623093353e+00
2.600000000000000e+00	9.783333886007764e+00
2.600000000000000e+00	9.676558412812970e+00
2.600000000000000e+00	9.567278602503460e+00
2.600000000000000e+00	9.614010790137691e+00
2.600000000000000e+00	9.589391352455314e+00
2.600000000000000e+00	9.664204364018833e+00
2.600000000000000e+00	9.579721742865400e+00
2.600000000000000e+00	9.583623520422528e+00
2.600000000000000e+00	9.646799013854725e+00
2.600000000000000e+00	9.559270055725470e+00
2.600000000000000e+00	9.609125683266457e+00
2.600000000000000e+00	9.775495925644972e+00
2.600000000000000e+00	9.679047717082312e+00
2.600000000000000e+00	9.484483877706896e+00
2.600000000000000e+00	9.633907647432942e+00
2.600000000000000e+00	9.440995072375454e+00
2.600000000000000e+00	9.736794775009962e+00
2.600000000000000e+00	9.529462870644601e+00
2.600000000000000e+00	9.622309564182187e+00
2.600000000000000e+00	9.502107274029955e+00
2.600000000000000e+00	9.519175877204523e+00
2.600000000000000e+00	9.681128851427271e+00
2.600000000000000e+00	9.616275825266788e+00
2.600000000000000e+00	9.639428131315645e+00
2.600000000000000e+00	9.465293827056120e+00
2.600000000000000e+00	9.785711305049022e+00
2.600000000000000e+00	9.610970699291133e+00
2.600000000000000e+00	9.707236347100672e+00
2.600000000000000e+00	9.655558267379480e+00
2.600000000000000e+00	9.654656555766460e+00
2.600000000000000e+00	9.721579944964558e+00
2.600000000000000e+00	9.671707979398827e+00
2.600000000000000e+00	9.813203291602541e+00
2.600000000000000e+00	9.617353680189037e+00
2.600000000000000e+00	9.717425559073705e+00
2.600000000000000e+00	9.641461696696243e+00
2.600000000000000e+00	9.655881999767328e+00
2.600000000000000e+00	9.678540297810347e+00
2.600000000000000e+00	9.552814280060112e+00
2.600000000000000e+00	9.599321007327330e+00
2.600000000000000e+00	9.629763768274611e+00
2.600000000000000e+00	9.634181430493182e+00
2.600000000000000e+00	9.529987874119371e+00
2.600000000000000e+00	9.872577932025536e+00
2.600000000000000e+00	9.677795502095055e+00
2.600000000000000e+00	9.607896791691237e+00
2.600000000000000e+00	9.550294644069425e+00
2.600000000000000e+00	9.566256579103241e+00
2.600000000000000e+00	9.662629399269168e+00
2.600000000000000e+00	9.567282442894863e+00
2.600000000000000e+00	9.736696511662082e+00
2.600000000000000e+00	9.490848048160812e+00
2.600000000000000e+00	9.426839897205044e+00
2.600000000000000e+00	9.607844274948231e+00
2.600000000000000e+00	9.641047184585982e+00
2.600000000000000e+00	9.601684830657959e+00
