3.250000000000000e+00	8.897804440510465e-01
3.250000000000000e+00	7.955071471000977e-01
3.250000000000000e+00	8.902113440023315e-01
3.250000000000000e+00	9.105926704154931e-01
3.250000000000000e+00	9.362974626830153e-01
3.250000000000000e+00	8.202501377577962e-01
3.250000000000000e+00	8.787476447481147e-01
3.250000000000000e+00	9.355483621694846e-01
3.250000000000000e+00	8.683029887299839e-01
3.250000000000000e+00	9.804351705553136e-01
3.250000000000000e+00	8.414716301812225e-01
3.250000000000000e+00	9.218988478083415e-01
3.250000000000000e+00	9.206712369523955e-01
3.250000000000000e+00	9.244563460727807e-01
3.250000000000000e+00	7.997215555425649e-01
3.250000000000000e+00	8.401519549310387e-01
3.250000000000000e+00	9.419684401312725e-01
3.250000000000000e+00	8.396058591371830e-01
3.250000000000000e+00	8.698345382655911e-01
3.250000000000000e+00	9.632531594675641e-01
3.250000000000000e+00	9.033473253468649e-01
3.250000000000000e+00	8.299690215228074e-01
3.250000000000000e+00	8.733518047075556e-01
3.250000000000000e+00	8.390600468720200e-01
3.250000000000000e+00	8.000419960901711e-01
3.250000000000000e+00	8.966819185694435e-01
3.250000000000000e+00	8.956513085623392e-01
3.250000000000000e+00	8.783915034467741e-01
3.250000000000000e+00	8.113653604002766e-01
3.250000000000000e+00	8.846637578149944e-01
3.250000000000000e+00	8.870714786967038e-01
3.250000000000000e+00	9.255081827422948e-01
3.250000000000000e+00	9.437315588571237e-01
3.250000000000000e+00	9.223412449173946e-01
3.250000000000000e+00	9.820788409461039e-01
3.250000000000000e+00	7.968591553579515e-01
3.250000000000000e+00	9.043633481503084e-01
3.250000000000000e+00	9.212975761581882e-01
3.250000000000000e+00	8.655233362628195e-01
3.250000000000000e+00	8.987295054299560e-01
3.250000000000000e+00	8.241647588586475e-01
3.250000000000000e+00	7.944794168961143e-01
3.250000000000000e+00	9.065064219428418e-01
3.250000000000000e+00	9.296992117865925e-01
3.250000000000000e+00	9.001598615996552e-01
3.250000000000000e+00	8.974576454751197e-01
3.250000000000000e+00	9.435178227908356e-01
3.250000000000000e+00	8.882979442914557e-01
3.250000000000000e+00	9.058236699483901e-01
3.250000000000000e+00	9.671334049187097e-01
3.250000000000000e+00	9.473743999071228e-01
3.250000000000000e+00	8.625914729716294e-01
3.250000000000000e+00	9.902199766297944e-01
3.250000000000000e+00	9.412276165501527e-01
3.250000000000000e+00	9.163494573722980e-01
3.250000000000000e+00	8.671797412748892e-01
3.250000000000000e+00	8.689222463038458e-01
3.250000000000000e+00	8.887551217684407e-01
3.250000000000000e+00	9.241017392481362e-01
3.250000000000000e+00	9.071902098604117e-01
3.250000000000000e+00	8.978621714358539e-01
3.250000000000000e+00	9.395242103076324e-01
3.250000000000000e+00	9.088818671635679e-01
3.250000000000000e+00	8.943765806701812e-01
3.250000000000000e+00	9.537439043678017e-01
3.250000000000000e+00	8.585733221657339e-01
3.250000000000000e+00	9.303681745127715e-01
3.250000000000000e+00	9.127028590888622e-01
3.250000000000000e+00	8.767206271171979e-01
3.250000000000000e+00	7.709391243163549e-01
3.250000000000000e+00	8.286611171626495e-01
3.250000000000000e+00	9.124537189185519e-01
3.250000000000000e+00	9.028337744556809e-01
3.250000000000000e+00	9.467737289376776e-01
3.250000000000000e+00	9.295513159634567e-01
3.250000000000000e+00	8.568083492854878e-01
3.250000000000000e+00	9.288271947617354e-01
3.250000000000000e+00	8.934760723273991e-01
3.250000000000000e+00	9.144959260070563e-01
3.250000000000000e+00	9.230064949047653e-01
3.250000000000000e+00	8.492928870902895e-01
3.250000000000000e+00	8.149770150011488e-01
3.250000000000000e+00	9.055632098871714e-01
3.250000000000000e+00	8.929161399718334e-01
3.250000000000000e+00	9.427841776452623e-01
3.250000000000000e+00	9.668891050390928e-01
3.250000000000000e+00	9.119960070870595e-01
3.250000000000000e+00	8.782715713893168e-01
3.250000000000000e+00	9.126289307467592e-01
3.250000000000000e+00	8.976852822049999e-01
3.250000000000000e+00	8.060964731526737e-01
3.250000000000000e+00	8.292554750345733e-01
3.250000000000000e+00	8.174065248606500e-01
3.250000000000000e+00	9.630832418510249e-01
3.250000000000000e+00	9.728101513182942e-01
3.250000000000000e+00	8.384913563145590e-01
3.250000000000000e+00	9.690880398084439e-01
3.250000000000000e+00	9.382890993845611e-01
3.250000000000000e+00	9.187166191398082e-01
3.250000000000000e+00	8.806821534071947e-01
3.250000000000000e+00	7.585000862732533e-01
3.250000000000000e+00	8.535278212821722e-01
3.250000000000000e+00	9.349252367396005e-01
3.250000000000000e+00	8.642140864100060e-01
3.250000000000000e+00	9.454803166412071e-01
3.250000000000000e+00	9.792148461222966e-01
3.250000000000000e+00	8.690439861311667e-01
3.250000000000000e+00	8.634041338303445e-01
3.250000000000000e+00	8.308023591094748e-01
3.250000000000000e+00	9.102204901928793e-01
3.250000000000000e+00	9.046783888310503e-01
3.250000000000000e+00	8.793505407187575e-01
3.250000000000000e+00	9.125336806561238e-01
3.250000000000000e+00	9.649972834370788e-01
3.250000000000000e+00	8.481588515996715e-01
3.250000000000000e+00	8.261991364299826e-01
3.250000000000000e+00	8.710993724335691e-01
3.250000000000000e+00	9.091563696555364e-01
3.250000000000000e+00	8.598380777306154e-01
3.250000000000000e+00	9.020192132207453e-01
3.250000000000000e+00	8.662790903498947e-01
3.250000000000000e+00	9.240028335872684e-01
3.250000000000000e+00	8.604153943923254e-01
3.250000000000000e+00	8.493637514864290e-01
3.250000000000000e+00	8.465875608714968e-01
3.250000000000000e+00	9.026818576792509e-01
3.250000000000000e+00	8.813045934680339e-01
3.250000000000000e+00	9.221975703874629e-01
3.250000000000000e+00	9.224260473511262e-01
3.250000000000000e+00	9.177641296368244e-01
3.250000000000000e+00	8.650991284579566e-01
3.250000000000000e+00	8.364014573155902e-01
3.250000000000000e+00	9.129320879399162e-01
3.250000000000000e+00	8.308821726691578e-01
3.250000000000000e+00	9.199258605397215e-01
3.250000000000000e+00	9.537468380369949e-01
3.250000000000000e+00	9.869435943955779e-01
3.250000000000000e+00	8.851250746023517e-01
3.250000000000000e+00	8.992296813390248e-01
3.250000000000000e+00	9.293293893633626e-01
3.250000000000000e+00	8.925049021553549e-01
3.250000000000000e+00	8.393952341936108e-01
3.250000000000000e+00	8.602372774886651e-01
3.250000000000000e+00	9.554268189171067e-01
3.250000000000000e+00	9.163142189287065e-01
3.250000000000000e+00	9.724617460127440e-01
3.250000000000000e+00	9.103819562797710e-01
3.250000000000000e+00	8.550841631283398e-01
3.250000000000000e+00	9.251378462150918e-01
3.250000000000000e+00	9.152565409330558e-01
3.250000000000000e+00	8.775677785523355e-01
3.250000000000000e+00	9.100947418398930e-01
3.250000000000000e+00	8.964143344022329e-01
3.250000000000000e+00	8.814162725035694e-01
3.250000000000000e+00	8.426395584637371e-01
3.250000000000000e+00	8.606543676943673e-01
3.250000000000000e+00	8.686600806421388e-01
3.250000000000000e+00	8.883356661843096e-01
3.250000000000000e+00	8.444689674407815e-01
3.250000000000000e+00	7.999288420993054e-01
3.250000000000000e+00	8.527523138489101e-01
3.250000000000000e+00	8.802555975209109e-01
3.250000000000000e+00	9.474570611213913e-01
3.250000000000000e+00	8.712199379618886e-01
3.250000000000000e+00	8.992357231772001e-01
3.250000000000000e+00	8.410716297959812e-01
3.250000000000000e+00	9.285734903695942e-01
3.250000000000000e+00	8.049859612651793e-01
3.250000000000000e+00	9.002376549713216e-01
3.250000000000000e+00	8.383169293344800e-01
3.250000000000000e+00	7.993140214096335e-01
3.250000000000000e+00	8.854618789931351e-01
3.250000000000000e+00	8.235614189320413e-01
3.250000000000000e+00	8.857616188449031e-01
3.250000000000000e+00	9.003121845904144e-01
3.250000000000000e+00	9.360128168850718e-01
3.250000000000000e+00	8.413318739261653e-01
3.250000000000000e+00	9.151178120953634e-01
3.250000000000000e+00	8.209140505403633e-01
3.250000000000000e+00	8.813086428751026e-01
3.250000000000000e+00	9.050422398243231e-01
3.250000000000000e+00	8.476566542196095e-01
3.250000000000000e+00	8.538302056996646e-01
3.250000000000000e+00	8.857388489056960e-01
3.250000000000000e+00	9.588280415170324e-01
3.250000000000000e+00	8.924549342960219e-01
3.250000000000000e+00	8.825538632824161e-01
3.250000000000000e+00	8.593633515122616e-01
3.250000000000000e+00	9.031364676726036e-01
3.250000000000000e+00	9.301196613771850e-01
3.250000000000000e+00	9.400132963935088e-01
3.250000000000000e+00	9.152588251206539e-01
3.250000000000000e+00	8.445896783900289e-01
3.250000000000000e+00	9.070329258207884e-01
3.250000000000000e+00	8.493226632138390e-01
3.250000000000000e+00	8.951542641203016e-01
3.250000000000000e+00	9.276697992145829e-01
3.250000000000000e+00	8.683537902391207e-01
3.250000000000000e+00	9.228858618054028e-01
3.250000000000000e+00	9.318569836577449e-01
3.250000000000000e+00	8.811910235680503e-01
3.250000000000000e+00	8.759811060677154e-01
3.250000000000000e+00	9.246120261584154e-01
3.250000000000000e+00	8.202893027159875e-01
3.250000000000000e+00	9.044624303493384e-01
3.250000000000000e+00	8.263696931408298e-01
3.250000000000000e+00	9.390182893102198e-01
3.250000000000000e+00	9.106892575494411e-01
3.250000000000000e+00	9.270348662051378e-01
3.250000000000000e+00	7.711600593172259e-01
3.250000000000000e+00	9.369265758045254e-01
3.250000000000000e+00	8.753433830774914e-01
3.250000000000000e+00	8.650584247832557e-01
3.250000000000000e+00	8.287061648108039e-01
3.250000000000000e+00	8.764284216367542e-01
3.250000000000000e+00	8.025995725260673e-01
3.250000000000000e+00	8.931282746781992e-01
3.250000000000000e+00	9.269198589729294e-01
3.250000000000000e+00	9.014606520962266e-01
3.250000000000000e+00	9.152265167350504e-01
3.250000000000000e+00	9.567461515088055e-01
3.250000000000000e+00	8.478056281515925e-01
3.250000000000000e+00	9.210327697900506e-01
3.250000000000000e+00	9.663983841210320e-01
3.250000000000000e+00	8.792704954176294e-01
3.250000000000000e+00	9.689185038941529e-01
3.250000000000000e+00	8.825004829801655e-01
3.250000000000000e+00	8.685182387142443e-01
3.250000000000000e+00	8.551965083460061e-01
3.250000000000000e+00	8.008333325114175e-01
3.250000000000000e+00	8.250816957297418e-01
3.250000000000000e+00	8.858194992595847e-01
3.250000000000000e+00	8.430732097971623e-01
3.250000000000000e+00	8.991552797689155e-01
3.250000000000000e+00	8.705685211259201e-01
3.250000000000000e+00	9.069662602468950e-01
3.250000000000000e+00	9.451141076387354e-01
3.250000000000000e+00	8.196843790769347e-01
3.250000000000000e+00	8.535221759394762e-01
3.250000000000000e+00	1.009759838974877e+00
3.250000000000000e+00	8.984827914057664e-01
3.250000000000000e+00	8.364103727979466e-01
3.250000000000000e+00	7.822275124730048e-01
3.250000000000000e+00	8.735495500271242e-01
3.250000000000000e+00	9.302588467447576e-01
3.250000000000000e+00	8.673918710141636e-01
3.250000000000000e+00	8.921737813384328e-01
3.250000000000000e+00	8.091763402703896e-01
3.250000000000000e+00	9.090784781427653e-01
3.250000000000000e+00	8.919099372375560e-01
3.250000000000000e+00	8.063408870919628e-01
3.250000000000000e+00	8.517158488415794e-01
3.250000000000000e+00	8.010973066742348e-01
3.250000000000000e+00	8.119840486637153e-01
3.250000000000000e+00	8.452138103353936e-01
3.250000000000000e+00	8.897599879282160e-01
3.250000000000000e+00	8.489446032925839e-01
3.250000000000000e+00	9.387562333626411e-01
3.250000000000000e+00	9.553617049325938e-01
3.250000000000000e+00	8.841388303443990e-01
3.250000000000000e+00	9.465122317654796e-01
3.250000000000000e+00	9.098043313822963e-01
3.250000000000000e+00	7.679935212466582e-01
3.250000000000000e+00	8.284241354617988e-01
3.250000000000000e+00	8.749036978212741e-01
3.250000000000000e+00	8.519032206665966e-01
3.250000000000000e+00	7.946003640435840e-01
3.250000000000000e+00	9.428777863758653e-01
3.250000000000000e+00	8.799934889976662e-01
3.250000000000000e+00	8.313971840334289e-01
3.250000000000000e+00	9.212831818328860e-01
3.250000000000000e+00	8.747455079901503e-01
3.250000000000000e+00	9.486692543079873e-01
3.250000000000000e+00	9.212815441993417e-01
3.250000000000000e+00	8.734407475088475e-01
3.250000000000000e+00	9.501638946488669e-01
3.250000000000000e+00	8.925149133218196e-01
3.250000000000000e+00	8.059090847350662e-01
3.250000000000000e+00	8.395214126358712e-01
3.250000000000000e+00	8.430828226113019e-01
3.250000000000000e+00	8.710246187568788e-01
3.250000000000000e+00	9.136959786508662e-01
3.250000000000000e+00	9.330682595881608e-01
3.250000000000000e+00	9.379316845086932e-01
3.250000000000000e+00	8.873141275448065e-01
3.250000000000000e+00	8.948275556578458e-01
3.250000000000000e+00	8.832620265717690e-01
3.250000000000000e+00	8.776274591821090e-01
3.250000000000000e+00	8.424654624306510e-01
3.250000000000000e+00	9.275261917600724e-01
3.250000000000000e+00	9.268545135252658e-01
3.250000000000000e+00	8.986006871973434e-01
3.250000000000000e+00	8.344648609053945e-01
3.250000000000000e+00	1.008927025961571e+00
3.250000000000000e+00	9.204044889346350e-01
3.250000000000000e+00	9.898189845444629e-01
3.250000000000000e+00	8.963473587908171e-01
3.250000000000000e+00	9.103074872021933e-01
3.250000000000000e+00	8.603493240628697e-01
3.250000000000000e+00	8.506422712017496e-01
3.250000000000000e+00	8.749258637991658e-01
3.250000000000000e+00	9.648344756063484e-01
3.250000000000000e+00	8.917427527190048e-01
3.250000000000000e+00	8.891678613113763e-01
3.250000000000000e+00	9.018652460979780e-01
3.250000000000000e+00	9.113964028033046e-01
3.250000000000000e+00	8.000858062366191e-01
3.250000000000000e+00	8.425124448334541e-01
3.250000000000000e+00	7.950937619271978e-01
3.250000000000000e+00	8.986100140276796e-01
3.250000000000000e+00	9.108704705290875e-01
3.250000000000000e+00	8.796238548962996e-01
3.250000000000000e+00	9.121360098471391e-01
3.250000000000000e+00	8.587635069159988e-01
3.250000000000000e+00	9.561115149272382e-01
3.250000000000000e+00	8.501315437094418e-01
3.250000000000000e+00	8.808373643996668e-01
3.250000000000000e+00	8.519773989683087e-01
3.250000000000000e+00	8.493305774574976e-01
3.250000000000000e+00	8.913003026449441e-01
3.250000000000000e+00	8.932108779471003e-01
3.250000000000000e+00	8.926580661403435e-01
3.250000000000000e+00	8.965502685533497e-01
3.250000000000000e+00	9.460653128453088e-01
3.250000000000000e+00	8.214442058471741e-01
3.250000000000000e+00	9.037835996197497e-01
3.250000000000000e+00	8.443183030544080e-01
3.250000000000000e+00	8.808222888763640e-01
3.250000000000000e+00	8.566082370444520e-01
3.250000000000000e+00	8.985143648292194e-01
3.250000000000000e+00	8.714079427446031e-01
3.250000000000000e+00	9.269280436478408e-01
3.250000000000000e+00	8.990025352090314e-01
3.250000000000000e+00	9.020706272524970e-01
3.250000000000000e+00	8.674424945436306e-01
3.250000000000000e+00	7.931336347022184e-01
3.250000000000000e+00	9.667902947526898e-01
3.250000000000000e+00	8.445968284047159e-01
3.250000000000000e+00	8.079417534816129e-01
3.250000000000000e+00	9.413275960296469e-01
3.250000000000000e+00	9.832511658301393e-01
3.250000000000000e+00	8.221365382685832e-01
3.250000000000000e+00	9.795501483121941e-01
3.250000000000000e+00	8.685198562987113e-01
3.250000000000000e+00	8.854515882385179e-01
3.250000000000000e+00	8.527016011184531e-01
3.250000000000000e+00	8.629348047010452e-01
3.250000000000000e+00	8.939568779916051e-01
3.250000000000000e+00	8.944615766851393e-01
3.250000000000000e+00	9.509668307750681e-01
3.250000000000000e+00	9.390640235300993e-01
3.250000000000000e+00	9.021820175144787e-01
3.250000000000000e+00	8.529794384199645e-01
3.250000000000000e+00	9.545280143724456e-01
3.250000000000000e+00	9.303593438598210e-01
3.250000000000000e+00	8.687582353163964e-01
3.250000000000000e+00	8.410621348593623e-01
3.250000000000000e+00	9.604084766190797e-01
3.250000000000000e+00	8.784506323192091e-01
3.250000000000000e+00	8.904740218441568e-01
3.250000000000000e+00	8.489728850671443e-01
3.250000000000000e+00	8.240573238872029e-01
3.250000000000000e+00	8.688030294808804e-01
3.250000000000000e+00	8.230431168699410e-01
3.250000000000000e+00	8.424934767380188e-01
3.250000000000000e+00	9.492560836401190e-01
3.250000000000000e+00	9.106063273715499e-01
3.250000000000000e+00	9.586138991129975e-01
3.250000000000000e+00	9.538746559080634e-01
3.250000000000000e+00	8.147820435992442e-01
3.250000000000000e+00	8.417782117904898e-01
3.250000000000000e+00	9.261903227658086e-01
3.250000000000000e+00	9.406853956250624e-01
3.250000000000000e+00	8.379455800832272e-01
3.250000000000000e+00	9.803589220118867e-01
3.250000000000000e+00	7.618885961358266e-01
3.250000000000000e+00	8.971920663829175e-01
3.250000000000000e+00	9.172216569768715e-01
3.250000000000000e+00	9.697928371512776e-01
3.250000000000000e+00	8.522709564590935e-01
3.250000000000000e+00	8.372147156109879e-01
3.250000000000000e+00	8.124259340503748e-01
3.250000000000000e+00	8.469217911220831e-01
3.250000000000000e+00	9.285422410668392e-01
3.250000000000000e+00	8.828629439216761e-01
3.250000000000000e+00	8.373237413842061e-01
3.250000000000000e+00	9.411287672473754e-01
3.250000000000000e+00	8.728323149101002e-01
3.250000000000000e+00	9.035565343537681e-01
3.250000000000000e+00	9.572202581717705e-01
3.250000000000000e+00	8.388663346942780e-01
3.250000000000000e+00	8.870089939582816e-01
3.250000000000000e+00	8.557736211762010e-01
3.250000000000000e+00	8.499018452508216e-01
3.250000000000000e+00	8.220992227411271e-01
3.250000000000000e+00	8.281677879833202e-01
3.250000000000000e+00	1.037932681923805e+00
3.250000000000000e+00	9.312204272332997e-01
3.250000000000000e+00	9.005487282401379e-01
3.250000000000000e+00	8.640542347504306e-01
3.250000000000000e+00	9.730520558490531e-01
3.250000000000000e+00	9.294086783102042e-01
3.250000000000000e+00	8.451628174870153e-01
3.250000000000000e+00	9.020445037193586e-01
3.250000000000000e+00	8.661926525910301e-01
3.250000000000000e+00	8.579145026854613e-01
3.250000000000000e+00	8.999267811913686e-01
3.250000000000000e+00	8.713518656288158e-01
3.250000000000000e+00	8.814716021001081e-01
3.250000000000000e+00	9.017018950753184e-01
3.250000000000000e+00	7.960350117275004e-01
3.250000000000000e+00	8.891476772616163e-01
3.250000000000000e+00	8.948914419052982e-01
3.250000000000000e+00	8.542796982812767e-01
3.250000000000000e+00	9.121278343033388e-01
3.250000000000000e+00	9.318363302231573e-01
3.250000000000000e+00	8.658613631104385e-01
3.250000000000000e+00	8.734096068511685e-01
3.250000000000000e+00	9.184873163673393e-01
3.250000000000000e+00	9.456921564816373e-01
3.250000000000000e+00	9.045135148152542e-01
3.250000000000000e+00	9.399136058707278e-01
3.250000000000000e+00	8.639197341758817e-01
3.250000000000000e+00	9.191723230987133e-01
3.250000000000000e+00	9.271257190739547e-01
3.250000000000000e+00	9.255545119073949e-01
3.250000000000000e+00	8.326031920818346e-01
3.250000000000000e+00	8.649618062876729e-01
3.250000000000000e+00	8.074768933132290e-01
3.250000000000000e+00	8.105841142031788e-01
3.250000000000000e+00	9.446057574145136e-01
3.250000000000000e+00	9.279323725988132e-01
3.250000000000000e+00	8.046991055895950e-01
3.250000000000000e+00	8.114595120404362e-01
3.250000000000000e+00	7.903002821072012e-01
3.250000000000000e+00	9.082861818590627e-01
3.250000000000000e+00	8.030252372442125e-01
3.250000000000000e+00	8.751705638913564e-01
3.250000000000000e+00	8.302710837201660e-01
3.250000000000000e+00	8.449974470999591e-01
3.250000000000000e+00	8.754026024432160e-01
3.250000000000000e+00	8.943561201490319e-01
3.250000000000000e+00	9.292415775958019e-01
3.250000000000000e+00	8.814561164375343e-01
3.250000000000000e+00	8.714526379578739e-01
3.250000000000000e+00	8.652359427767888e-01
3.250000000000000e+00	8.130935504630427e-01
3.250000000000000e+00	7.875580594204418e-01
3.250000000000000e+00	8.478770111770365e-01
3.250000000000000e+00	8.695706452648405e-01
3.250000000000000e+00	9.309849852854685e-01
3.250000000000000e+00	7.931268868724556e-01
3.250000000000000e+00	8.312844243207714e-01
3.250000000000000e+00	8.898433179497769e-01
3.250000000000000e+00	9.749227077178279e-01
3.250000000000000e+00	9.745972968695232e-01
3.250000000000000e+00	9.499078197146396e-01
3.250000000000000e+00	8.589480672864599e-01
3.250000000000000e+00	9.395622416196880e-01
3.250000000000000e+00	8.789002906546876e-01
3.250000000000000e+00	8.867993035544627e-01
3.250000000000000e+00	9.462277683444795e-01
3.250000000000000e+00	8.998738468654940e-01
3.250000000000000e+00	8.373362707442447e-01
3.250000000000000e+00	8.887980926454202e-01
3.250000000000000e+00	9.326715305913987e-01
3.250000000000000e+00	9.548433326303226e-01
3.250000000000000e+00	8.912147061315554e-01
3.250000000000000e+00	8.530106114610182e-01
3.250000000000000e+00	9.602856736624905e-01
3.250000000000000e+00	9.712691014258231e-01
3.250000000000000e+00	8.197728153055256e-01
3.250000000000000e+00	9.334477119455780e-01
3.250000000000000e+00	9.139338179535000e-01
3.250000000000000e+00	9.036584995497251e-01
3.250000000000000e+00	9.724670858615295e-01
3.250000000000000e+00	9.289919823359231e-01
3.250000000000000e+00	8.769098739404444e-01
3.250000000000000e+00	8.462951753189855e-01
3.250000000000000e+00	8.346102589753990e-01
3.250000000000000e+00	8.775511562796043e-01
3.250000000000000e+00	8.208209426268563e-01
3.250000000000000e+00	8.595730030155069e-01
3.250000000000000e+00	9.499712329206421e-01
3.250000000000000e+00	8.729823877864410e-01
3.250000000000000e+00	8.297482180914448e-01
3.250000000000000e+00	9.668063364371475e-01
3.250000000000000e+00	8.658447515432954e-01
3.250000000000000e+00	8.274945054144974e-01
3.250000000000000e+00	8.330181179762854e-01
3.250000000000000e+00	8.993112688921536e-01
3.250000000000000e+00	8.750632336938265e-01
3.250000000000000e+00	9.747696043338309e-01
3.250000000000000e+00	9.895579437426575e-01
3.250000000000000e+00	9.097618809146168e-01
3.250000000000000e+00	8.473633248474070e-01
3.250000000000000e+00	8.713316628931052e-01
3.250000000000000e+00	9.215692231355925e-01
3.250000000000000e+00	8.737355902182888e-01
3.250000000000000e+00	9.008905706489718e-01
3.250000000000000e+00	8.760601431050229e-01
3.250000000000000e+00	8.915058710679079e-01
3.250000000000000e+00	8.269233025301321e-01
3.250000000000000e+00	8.946269933929621e-01
3.250000000000000e+00	9.076699554065226e-01
3.250000000000000e+00	8.935286159243300e-01
3.250000000000000e+00	9.279334199364294e-01
3.250000000000000e+00	9.011838474145458e-01
3.250000000000000e+00	8.495670495428537e-01
3.250000000000000e+00	9.172670528805722e-01
3.250000000000000e+00	8.201955117628127e-01
3.250000000000000e+00	8.302849170830918e-01
3.250000000000000e+00	8.413224529270391e-01
3.250000000000000e+00	9.393811245065793e-01
3.250000000000000e+00	9.299275249502494e-01
3.250000000000000e+00	8.184795189294573e-01
3.250000000000000e+00	9.757237324245219e-01
3.250000000000000e+00	9.208038167476651e-01
3.250000000000000e+00	8.938766385498126e-01
3.250000000000000e+00	9.464483520294514e-01
3.250000000000000e+00	8.840167947696376e-01
3.250000000000000e+00	8.542099906508307e-01
3.250000000000000e+00	9.904667510860977e-01
3.250000000000000e+00	8.805627823423109e-01
3.250000000000000e+00	8.530783668253084e-01
3.250000000000000e+00	8.832975216808071e-01
3.250000000000000e+00	8.802002936187978e-01
3.250000000000000e+00	7.900774549749275e-01
3.250000000000000e+00	8.733748246157905e-01
3.250000000000000e+00	9.252170830878597e-01
3.250000000000000e+00	8.365344129071765e-01
3.250000000000000e+00	8.149578593873154e-01
3.250000000000000e+00	8.979001951372797e-01
3.250000000000000e+00	8.512082570205614e-01
3.250000000000000e+00	9.619195204091842e-01
3.250000000000000e+00	8.264360636222492e-01
3.250000000000000e+00	9.476763332160473e-01
3.250000000000000e+00	8.753328181243190e-01
3.250000000000000e+00	8.880538764808451e-01
3.250000000000000e+00	8.908354419469999e-01
3.250000000000000e+00	8.391029501187163e-01
3.250000000000000e+00	9.025460716794033e-01
3.250000000000000e+00	8.845117934604312e-01
3.250000000000000e+00	9.385849301912303e-01
3.250000000000000e+00	8.024422854224285e-01
3.250000000000000e+00	8.696451451832186e-01
3.250000000000000e+00	8.289803051567849e-01
3.250000000000000e+00	8.907094229589880e-01
3.250000000000000e+00	7.449223655970496e-01
3.250000000000000e+00	9.338960456472061e-01
3.250000000000000e+00	9.506641313892076e-01
3.250000000000000e+00	9.043956476905696e-01
3.250000000000000e+00	8.784425563303458e-01
3.250000000000000e+00	8.914348925091349e-01
3.250000000000000e+00	8.536103421464618e-01
3.250000000000000e+00	8.840765926211981e-01
3.250000000000000e+00	8.081546253617827e-01
3.250000000000000e+00	8.911549683197246e-01
3.250000000000000e+00	9.824181084535775e-01
3.250000000000000e+00	9.103927739668161e-01
3.250000000000000e+00	8.984585898199628e-01
3.250000000000000e+00	9.068398968523819e-01
3.250000000000000e+00	8.079382729569394e-01
3.250000000000000e+00	8.948631201886941e-01
3.250000000000000e+00	9.165189253700654e-01
3.250000000000000e+00	8.447468672626978e-01
3.250000000000000e+00	7.975407763817532e-01
3.250000000000000e+00	9.247653998174497e-01
3.250000000000000e+00	8.646334261654579e-01
3.250000000000000e+00	8.764031545203859e-01
3.250000000000000e+00	1.029501243245516e+00
3.250000000000000e+00	8.654789447841170e-01
3.250000000000000e+00	9.171006340945498e-01
3.250000000000000e+00	9.638512616837037e-01
3.250000000000000e+00	9.458752927448195e-01
3.250000000000000e+00	9.027817106190987e-01
3.250000000000000e+00	8.333507234467369e-01
3.250000000000000e+00	9.488759096678093e-01
3.250000000000000e+00	9.176619689768380e-01
3.250000000000000e+00	8.177266453799666e-01
3.250000000000000e+00	8.417082743932441e-01
3.250000000000000e+00	8.690444531662067e-01
3.250000000000000e+00	9.118032170020778e-01
3.250000000000000e+00	8.545119631008000e-01
3.250000000000000e+00	8.751514922570605e-01
3.250000000000000e+00	9.291849718191495e-01
3.250000000000000e+00	8.421510103261468e-01
3.250000000000000e+00	8.833694254468779e-01
3.250000000000000e+00	9.081142140646364e-01
3.250000000000000e+00	9.545449524111033e-01
3.250000000000000e+00	8.882218671883916e-01
3.250000000000000e+00	9.851115345790670e-01
3.250000000000000e+00	8.738151413745134e-01
3.250000000000000e+00	8.947174529597167e-01
3.250000000000000e+00	8.084438104710439e-01
3.250000000000000e+00	7.223889591295932e-01
3.250000000000000e+00	8.969073568848728e-01
3.250000000000000e+00	8.357719059756576e-01
3.250000000000000e+00	8.467265478338457e-01
3.250000000000000e+00	8.833963613718820e-01
3.250000000000000e+00	9.510599894222109e-01
3.250000000000000e+00	9.314658161858979e-01
3.250000000000000e+00	9.231487135143470e-01
3.250000000000000e+00	8.175465753542057e-01
3.250000000000000e+00	9.049463717829468e-01
3.250000000000000e+00	8.843561633395602e-01
3.250000000000000e+00	8.869309269553822e-01
3.250000000000000e+00	9.026609635877284e-01
3.250000000000000e+00	7.669513310655525e-01
3.250000000000000e+00	9.556295758602176e-01
3.250000000000000e+00	9.018515409937273e-01
3.250000000000000e+00	9.349711836211521e-01
3.250000000000000e+00	8.038671371685906e-01
3.250000000000000e+00	9.516071720640289e-01
3.250000000000000e+00	8.789060143890192e-01
3.250000000000000e+00	8.673678021993573e-01
3.250000000000000e+00	8.453131814189253e-01
3.250000000000000e+00	9.472720414100578e-01
3.250000000000000e+00	8.641405841831274e-01
3.250000000000000e+00	9.519773438203030e-01
3.250000000000000e+00	8.120538616744797e-01
3.250000000000000e+00	9.228203693503514e-01
3.250000000000000e+00	8.768094899719208e-01
3.250000000000000e+00	7.856426538555120e-01
3.250000000000000e+00	8.815778090789667e-01
3.250000000000000e+00	8.007409485789355e-01
3.250000000000000e+00	9.128224242269887e-01
3.250000000000000e+00	8.506053534504600e-01
3.250000000000000e+00	8.906091430842585e-01
3.250000000000000e+00	9.488947505794256e-01
3.250000000000000e+00	9.296864408509167e-01
3.250000000000000e+00	9.365270509582305e-01
3.250000000000000e+00	9.301561998775280e-01
3.250000000000000e+00	8.911362155641700e-01
3.250000000000000e+00	9.119320957166634e-01
3.250000000000000e+00	8.651682206532623e-01
3.250000000000000e+00	9.267403480614734e-01
3.250000000000000e+00	8.604545318073222e-01
3.250000000000000e+00	9.096284673565272e-01
3.250000000000000e+00	9.353850474780911e-01
3.250000000000000e+00	9.101067727737252e-01
3.250000000000000e+00	8.699277623794637e-01
3.250000000000000e+00	8.854981171454469e-01
3.250000000000000e+00	8.495339383103403e-01
3.250000000000000e+00	9.119939394710475e-01
3.250000000000000e+00	8.895781164154579e-01
3.250000000000000e+00	8.098556096584845e-01
3.250000000000000e+00	9.236579680440270e-01
3.250000000000000e+00	8.289625135533206e-01
3.250000000000000e+00	8.403455075816137e-01
3.250000000000000e+00	8.003891721578549e-01
3.250000000000000e+00	8.725511971104941e-01
3.250000000000000e+00	7.979312014641189e-01
3.250000000000000e+00	8.958443045024396e-01
3.250000000000000e+00	8.564525427574168e-01
3.250000000000000e+00	8.857173082749861e-01
3.250000000000000e+00	8.211374737911380e-01
3.250000000000000e+00	7.724466210547319e-01
3.250000000000000e+00	9.378162361869619e-01
3.250000000000000e+00	9.060545664789361e-01
3.250000000000000e+00	8.473654467517112e-01
3.250000000000000e+00	9.048887420990609e-01
3.250000000000000e+00	8.359511499638574e-01
3.250000000000000e+00	8.902350526523924e-01
3.250000000000000e+00	9.368112640343900e-01
3.250000000000000e+00	8.354233565700617e-01
3.250000000000000e+00	9.182573390304084e-01
3.250000000000000e+00	9.192620071294251e-01
3.250000000000000e+00	8.524745439767156e-01
3.250000000000000e+00	8.475962596548444e-01
3.250000000000000e+00	8.144789794321089e-01
3.250000000000000e+00	9.136127335601296e-01
3.250000000000000e+00	9.636828210169207e-01
3.250000000000000e+00	9.162417487408523e-01
3.250000000000000e+00	9.724897420406174e-01
3.250000000000000e+00	8.502851657389147e-01
3.250000000000000e+00	8.945691758128975e-01
3.250000000000000e+00	8.904519894970871e-01
3.250000000000000e+00	8.814638287245189e-01
3.250000000000000e+00	9.634584962539161e-01
3.250000000000000e+00	8.528341248967425e-01
3.250000000000000e+00	8.616387672399890e-01
3.250000000000000e+00	8.410334886487718e-01
3.250000000000000e+00	9.409227157163967e-01
3.250000000000000e+00	8.902300382932606e-01
3.250000000000000e+00	9.838269469521443e-01
3.250000000000000e+00	9.360707387282654e-01
3.250000000000000e+00	8.202530155165124e-01
3.250000000000000e+00	8.297038008389419e-01
3.250000000000000e+00	8.653001464047739e-01
3.250000000000000e+00	7.704104893346918e-01
3.250000000000000e+00	8.183161545384493e-01
3.250000000000000e+00	8.448067724223234e-01
3.250000000000000e+00	8.429473550820152e-01
3.250000000000000e+00	9.328483768327001e-01
3.250000000000000e+00	8.441153572984105e-01
3.250000000000000e+00	8.953841028738769e-01
3.250000000000000e+00	9.466821801399795e-01
3.250000000000000e+00	9.173954981737346e-01
3.250000000000000e+00	9.386333642940906e-01
3.250000000000000e+00	9.023713192081817e-01
3.250000000000000e+00	8.680522876684587e-01
3.250000000000000e+00	9.183773050041456e-01
3.250000000000000e+00	8.194617891409990e-01
3.250000000000000e+00	8.948993246792646e-01
3.250000000000000e+00	8.018354480175991e-01
3.250000000000000e+00	8.591509542899954e-01
3.250000000000000e+00	8.454895328531786e-01
3.250000000000000e+00	8.836436065074208e-01
3.250000000000000e+00	9.478801462734632e-01
3.250000000000000e+00	8.963691233720454e-01
3.250000000000000e+00	7.984511761987962e-01
3.250000000000000e+00	8.536813608125298e-01
3.250000000000000e+00	9.205716646752570e-01
3.250000000000000e+00	9.823517860608301e-01
3.250000000000000e+00	8.856164620484678e-01
3.250000000000000e+00	8.246094281688492e-01
3.250000000000000e+00	8.716999808379041e-01
3.250000000000000e+00	8.020477736813600e-01
3.250000000000000e+00	8.983056977289142e-01
3.250000000000000e+00	8.356862337888977e-01
3.250000000000000e+00	8.049077783356797e-01
3.250000000000000e+00	9.698433332626989e-01
3.250000000000000e+00	9.600725812703764e-01
3.250000000000000e+00	8.873058334204185e-01
3.250000000000000e+00	8.871862803415237e-01
3.250000000000000e+00	9.054020411263863e-01
3.250000000000000e+00	8.654180720025936e-01
3.250000000000000e+00	8.654586467834825e-01
3.250000000000000e+00	8.217114146339427e-01
3.250000000000000e+00	8.789289847929709e-01
3.250000000000000e+00	8.589100022549051e-01
3.250000000000000e+00	9.297737726532984e-01
3.250000000000000e+00	8.658291499188716e-01
3.250000000000000e+00	8.754584875525706e-01
3.250000000000000e+00	9.604641499597343e-01
3.250000000000000e+00	9.056641883732399e-01
3.250000000000000e+00	1.036472704443085e+00
3.250000000000000e+00	9.467730336933539e-01
3.250000000000000e+00	8.301080260147048e-01
3.250000000000000e+00	8.955402198268284e-01
3.250000000000000e+00	8.995578359381158e-01
3.250000000000000e+00	9.167380578851971e-01
3.250000000000000e+00	8.169547062715314e-01
3.250000000000000e+00	9.198486053343896e-01
3.250000000000000e+00	9.299276999919711e-01
3.250000000000000e+00	9.140429563691209e-01
3.250000000000000e+00	9.243532680545218e-01
3.250000000000000e+00	9.202249075047082e-01
3.250000000000000e+00	8.315338758217259e-01
3.250000000000000e+00	8.605565238633991e-01
3.250000000000000e+00	9.412942464722209e-01
3.250000000000000e+00	9.623749247651048e-01
3.250000000000000e+00	9.334716619246239e-01
3.250000000000000e+00	8.522773817830402e-01
3.250000000000000e+00	7.928063133322318e-01
3.250000000000000e+00	8.998271874709921e-01
3.250000000000000e+00	8.386511969002240e-01
3.250000000000000e+00	9.141111659211284e-01
3.250000000000000e+00	8.905139900334105e-01
3.250000000000000e+00	9.500116208525221e-01
3.250000000000000e+00	8.131822518083416e-01
3.250000000000000e+00	8.620754384195899e-01
3.250000000000000e+00	9.431194483510614e-01
3.250000000000000e+00	8.790229359252093e-01
3.250000000000000e+00	8.503135623468079e-01
3.250000000000000e+00	8.866999037604261e-01
3.250000000000000e+00	8.862742876927708e-01
3.250000000000000e+00	9.680616281210496e-01
3.250000000000000e+00	8.220997791753920e-01
3.250000000000000e+00	8.956021641625616e-01
3.250000000000000e+00	9.621772500890252e-01
3.250000000000000e+00	8.515496529274686e-01
3.250000000000000e+00	8.967102374712990e-01
3.250000000000000e+00	8.664090477260608e-01
3.250000000000000e+00	8.822706049862292e-01
3.250000000000000e+00	9.050868177336603e-01
3.250000000000000e+00	9.779933997502885e-01
3.250000000000000e+00	8.407140085461158e-01
3.250000000000000e+00	8.294282638789654e-01
3.250000000000000e+00	8.609453117020691e-01
3.250000000000000e+00	8.315357732908184e-01
3.250000000000000e+00	8.701698304563208e-01
3.250000000000000e+00	8.838102349612630e-01
3.250000000000000e+00	8.667696488717658e-01
3.250000000000000e+00	8.740044789095579e-01
3.250000000000000e+00	9.603600550011337e-01
3.250000000000000e+00	9.139543499482404e-01
3.250000000000000e+00	8.695800029642737e-01
3.250000000000000e+00	9.414920752008935e-01
3.250000000000000e+00	8.957442189644620e-01
3.250000000000000e+00	8.891769570102206e-01
3.250000000000000e+00	8.594065002732399e-01
3.250000000000000e+00	9.154739433529264e-01
3.250000000000000e+00	9.748469385208017e-01
3.250000000000000e+00	8.527826902990716e-01
3.250000000000000e+00	9.730487863558754e-01
3.250000000000000e+00	8.716407169451570e-01
3.250000000000000e+00	9.229178172478282e-01
3.250000000000000e+00	8.738818175492719e-01
3.250000000000000e+00	7.690526010964283e-01
3.250000000000000e+00	8.564209217718163e-01
3.250000000000000e+00	9.156442026116379e-01
3.250000000000000e+00	8.398584576962448e-01
3.250000000000000e+00	9.151782175773716e-01
3.250000000000000e+00	8.599258266193354e-01
3.250000000000000e+00	8.679631152733197e-01
3.250000000000000e+00	9.405090759852753e-01
3.250000000000000e+00	8.714029324196213e-01
3.250000000000000e+00	8.819140266499775e-01
3.250000000000000e+00	9.435256088113784e-01
3.250000000000000e+00	9.134632582276174e-01
3.250000000000000e+00	9.056441031008646e-01
3.250000000000000e+00	8.634863039229266e-01
3.250000000000000e+00	9.066916746931085e-01
3.250000000000000e+00	8.566120023777793e-01
3.250000000000000e+00	8.751714213803408e-01
3.250000000000000e+00	9.302609739347160e-01
3.250000000000000e+00	8.436459922030901e-01
3.250000000000000e+00	9.028300433870354e-01
3.250000000000000e+00	8.955383909506008e-01
3.250000000000000e+00	9.268375901871555e-01
3.250000000000000e+00	8.842957039389977e-01
3.250000000000000e+00	8.158918717963985e-01
3.250000000000000e+00	9.483542236612235e-01
3.250000000000000e+00	9.694891823309478e-01
3.250000000000000e+00	9.268681715052648e-01
3.250000000000000e+00	9.647593614928499e-01
3.250000000000000e+00	7.965617083712085e-01
3.250000000000000e+00	8.535547047140787e-01
3.250000000000000e+00	8.876431583144115e-01
3.250000000000000e+00	8.139374250844550e-01
3.250000000000000e+00	8.292204239365869e-01
3.250000000000000e+00	9.288454695249377e-01
3.250000000000000e+00	9.144865672287412e-01
3.250000000000000e+00	8.407427048445731e-01
3.250000000000000e+00	9.210276900387941e-01
3.250000000000000e+00	9.002003483608831e-01
3.250000000000000e+00	8.958055292914402e-01
3.250000000000000e+00	8.552169087816028e-01
3.250000000000000e+00	9.112951720907930e-01
3.250000000000000e+00	8.329516035494898e-01
3.250000000000000e+00	9.016441899711983e-01
3.250000000000000e+00	1.012181154946618e+00
3.250000000000000e+00	9.516415421413007e-01
3.250000000000000e+00	8.939857417849563e-01
3.250000000000000e+00	8.707547225103088e-01
3.250000000000000e+00	8.456767662353329e-01
3.250000000000000e+00	8.924601417393272e-01
3.250000000000000e+00	8.847329936021336e-01
3.250000000000000e+00	9.065655540757163e-01
3.250000000000000e+00	8.696102372819117e-01
3.250000000000000e+00	8.703843245511684e-01
3.250000000000000e+00	9.570109071069607e-01
3.250000000000000e+00	8.612474979646698e-01
3.250000000000000e+00	8.694420544222010e-01
3.250000000000000e+00	8.018239260090047e-01
3.250000000000000e+00	8.724833940265703e-01
3.250000000000000e+00	8.825833139439679e-01
3.250000000000000e+00	9.114919631291889e-01
3.250000000000000e+00	8.099337562904162e-01
3.250000000000000e+00	8.694930662234197e-01
3.250000000000000e+00	7.914510119555693e-01
3.250000000000000e+00	8.269450339007779e-01
3.250000000000000e+00	8.491064122712291e-01
3.250000000000000e+00	8.960976866336213e-01
3.250000000000000e+00	9.071338583019073e-01
3.250000000000000e+00	9.360108282025136e-01
3.250000000000000e+00	8.514925630564499e-01
3.250000000000000e+00	8.329130608687428e-01
3.250000000000000e+00	8.667481717499846e-01
3.250000000000000e+00	9.555960079877569e-01
3.250000000000000e+00	8.613843094236826e-01
3.250000000000000e+00	8.500368766144032e-01
3.250000000000000e+00	9.717739073638370e-01
3.250000000000000e+00	8.712886456177089e-01
3.250000000000000e+00	9.100699880002006e-01
3.250000000000000e+00	8.556115411235614e-01
3.250000000000000e+00	8.582826626174700e-01
3.250000000000000e+00	9.415068458826276e-01
3.250000000000000e+00	9.741421659445698e-01
3.250000000000000e+00	8.542492392456927e-01
3.250000000000000e+00	8.789625583042905e-01
3.250000000000000e+00	8.416681270193782e-01
3.250000000000000e+00	8.109134599209863e-01
3.250000000000000e+00	8.182367215615263e-01
3.250000000000000e+00	8.680189990402035e-01
3.250000000000000e+00	8.457867755144242e-01
3.250000000000000e+00	8.497285559449501e-01
3.250000000000000e+00	9.043168473876054e-01
3.250000000000000e+00	8.317951220178239e-01
3.250000000000000e+00	8.423778216478514e-01
3.250000000000000e+00	8.801605847458401e-01
3.250000000000000e+00	9.280155328884924e-01
3.250000000000000e+00	9.418893340219503e-01
3.250000000000000e+00	9.059109050355401e-01
3.250000000000000e+00	9.301313213407576e-01
3.250000000000000e+00	9.080470760217924e-01
3.250000000000000e+00	8.925606540066847e-01
3.250000000000000e+00	7.769992524717994e-01
3.250000000000000e+00	9.008125825414808e-01
3.250000000000000e+00	8.706212302255463e-01
3.250000000000000e+00	8.500885201818552e-01
3.250000000000000e+00	8.333070314818438e-01
3.250000000000000e+00	9.359575371518961e-01
3.250000000000000e+00	8.819219253221544e-01
3.250000000000000e+00	8.764509950700035e-01
3.250000000000000e+00	9.347084158925834e-01
3.250000000000000e+00	8.461233732035768e-01
3.250000000000000e+00	9.112585702834793e-01
3.250000000000000e+00	9.351248418754744e-01
3.250000000000000e+00	9.248543641463630e-01
3.250000000000000e+00	8.816579499163558e-01
3.250000000000000e+00	9.414932912967360e-01
3.250000000000000e+00	8.629127930407120e-01
3.250000000000000e+00	8.274033894212319e-01
3.250000000000000e+00	8.897066362062279e-01
3.250000000000000e+00	8.542756090769337e-01
3.250000000000000e+00	9.779793904252151e-01
3.250000000000000e+00	8.715179542312756e-01
3.250000000000000e+00	8.352383357837860e-01
3.250000000000000e+00	9.055983012692449e-01
3.250000000000000e+00	1.011962078086637e+00
3.250000000000000e+00	8.558736611932198e-01
3.250000000000000e+00	8.599595775694215e-01
3.250000000000000e+00	9.172388468089929e-01
3.250000000000000e+00	8.854272444716170e-01
3.250000000000000e+00	9.225383646533593e-01
3.250000000000000e+00	8.631605577656224e-01
3.250000000000000e+00	8.472228035321661e-01
3.250000000000000e+00	9.599711161769641e-01
3.250000000000000e+00	8.668409978700051e-01
3.250000000000000e+00	8.210888179005802e-01
3.250000000000000e+00	9.711113837548845e-01
3.250000000000000e+00	9.274722587195737e-01
3.250000000000000e+00	9.337706621300957e-01
3.250000000000000e+00	8.026295063698997e-01
3.250000000000000e+00	8.075303081972801e-01
3.250000000000000e+00	7.849230012002607e-01
3.250000000000000e+00	8.898234513581974e-01
3.250000000000000e+00	8.365130474631125e-01
3.250000000000000e+00	8.962471561511403e-01
3.250000000000000e+00	9.058414244356860e-01
3.250000000000000e+00	9.731300216181860e-01
3.250000000000000e+00	8.735737353134412e-01
3.250000000000000e+00	9.387102531689515e-01
3.250000000000000e+00	9.533757385496441e-01
3.250000000000000e+00	9.085067816486998e-01
3.250000000000000e+00	8.616868926833087e-01
3.250000000000000e+00	8.179107799632158e-01
3.250000000000000e+00	8.142711936765865e-01
3.250000000000000e+00	8.985784528987972e-01
3.250000000000000e+00	8.814453414292058e-01
3.250000000000000e+00	8.015453051302490e-01
3.250000000000000e+00	8.086820670285665e-01
3.250000000000000e+00	9.313112310366440e-01
3.250000000000000e+00	9.373482765234906e-01
3.250000000000000e+00	9.855329741190820e-01
3.250000000000000e+00	9.252788987959463e-01
3.250000000000000e+00	7.937624667765047e-01
3.250000000000000e+00	9.444131485051900e-01
3.250000000000000e+00	9.053754406872576e-01
3.250000000000000e+00	8.854980053291743e-01
3.250000000000000e+00	9.009557657624475e-01
3.250000000000000e+00	8.619012315496497e-01
3.250000000000000e+00	8.107407368738946e-01
3.250000000000000e+00	8.683560303430509e-01
3.250000000000000e+00	8.860251009926311e-01
3.250000000000000e+00	9.779690078527667e-01
3.250000000000000e+00	9.091311593263492e-01
3.250000000000000e+00	8.884158168013668e-01
3.250000000000000e+00	8.658643568754895e-01
3.250000000000000e+00	8.994358759004688e-01
3.250000000000000e+00	9.860933947094868e-01
3.250000000000000e+00	8.953393242100316e-01
3.250000000000000e+00	9.801269519388408e-01
3.250000000000000e+00	9.358252949669820e-01
3.250000000000000e+00	9.385220702183400e-01
3.250000000000000e+00	8.505871107167543e-01
3.250000000000000e+00	9.226350990758466e-01
3.250000000000000e+00	9.329068339474421e-01
3.250000000000000e+00	9.537303764401676e-01
3.250000000000000e+00	8.174614919561495e-01
3.250000000000000e+00	8.212102816455760e-01
3.250000000000000e+00	8.853814970519482e-01
3.250000000000000e+00	8.540175692516253e-01
3.250000000000000e+00	9.384713330686451e-01
3.250000000000000e+00	8.639123119042367e-01
3.250000000000000e+00	9.360139943168392e-01
3.250000000000000e+00	9.352393631289824e-01
3.250000000000000e+00	9.193094222977422e-01
3.250000000000000e+00	9.201240267742403e-01
3.250000000000000e+00	9.186187517409510e-01
3.250000000000000e+00	8.374960068722420e-01
3.250000000000000e+00	9.353773848949011e-01
3.250000000000000e+00	9.097235089839464e-01
3.250000000000000e+00	9.571464921224712e-01
3.250000000000000e+00	8.698611447922066e-01
3.250000000000000e+00	8.082712090497907e-01
3.250000000000000e+00	8.120520158317098e-01
