3.300000000000000e+00	9.295766314401728e-01
3.300000000000000e+00	9.441252653301700e-01
3.300000000000000e+00	7.732850341410884e-01
3.300000000000000e+00	9.257584290704665e-01
3.300000000000000e+00	9.038805628124430e-01
3.300000000000000e+00	9.624827158070871e-01
3.300000000000000e+00	9.400600961692390e-01
3.300000000000000e+00	8.637986690143170e-01
3.300000000000000e+00	9.591931625349052e-01
3.300000000000000e+00	9.791417106837601e-01
3.300000000000000e+00	8.189913876054391e-01
3.300000000000000e+00	1.026051611887445e+00
3.300000000000000e+00	8.786476196896927e-01
3.300000000000000e+00	9.032460067599652e-01
3.300000000000000e+00	9.447898834620677e-01
3.300000000000000e+00	9.677738470906952e-01
3.300000000000000e+00	8.477018570130730e-01
3.300000000000000e+00	9.433685289765290e-01
3.300000000000000e+00	8.870309675727132e-01
3.300000000000000e+00	8.938154288311949e-01
3.300000000000000e+00	9.349801109098616e-01
3.300000000000000e+00	9.903993346511163e-01
3.300000000000000e+00	8.466948221302723e-01
3.300000000000000e+00	8.958563924557452e-01
3.300000000000000e+00	8.231559739597221e-01
3.300000000000000e+00	8.989925023352189e-01
3.300000000000000e+00	9.006286443405142e-01
3.300000000000000e+00	9.371751338504724e-01
3.300000000000000e+00	9.065556532007920e-01
3.300000000000000e+00	8.630920151324188e-01
3.300000000000000e+00	8.664322293033011e-01
3.300000000000000e+00	8.316479481766041e-01
3.300000000000000e+00	9.020150185789126e-01
3.300000000000000e+00	9.257226412810310e-01
3.300000000000000e+00	9.165001977163799e-01
3.300000000000000e+00	9.311451402342182e-01
3.300000000000000e+00	9.830922562384831e-01
3.300000000000000e+00	9.279397590631249e-01
3.300000000000000e+00	8.958634474887294e-01
3.300000000000000e+00	8.717066540470312e-01
3.300000000000000e+00	9.571839295423483e-01
3.300000000000000e+00	1.004865396161528e+00
3.300000000000000e+00	8.971292319460860e-01
3.300000000000000e+00	9.726421218513434e-01
3.300000000000000e+00	9.667359956692358e-01
3.300000000000000e+00	8.439204628279208e-01
3.300000000000000e+00	9.186576775320056e-01
3.300000000000000e+00	9.558467174238179e-01
3.300000000000000e+00	8.267727849822667e-01
3.300000000000000e+00	9.174781458405932e-01
3.300000000000000e+00	8.380497153029665e-01
3.300000000000000e+00	9.160903082585955e-01
3.300000000000000e+00	8.658547460459918e-01
3.300000000000000e+00	7.819378668163445e-01
3.300000000000000e+00	9.288331152657645e-01
3.300000000000000e+00	9.187544393790404e-01
3.300000000000000e+00	9.003542019945248e-01
3.300000000000000e+00	9.756892694069746e-01
3.300000000000000e+00	9.421648091896625e-01
3.300000000000000e+00	9.611014764140000e-01
3.300000000000000e+00	8.948715680025658e-01
3.300000000000000e+00	8.791988361705488e-01
3.300000000000000e+00	9.632186973030190e-01
3.300000000000000e+00	1.002300943203918e+00
3.300000000000000e+00	9.295733639370499e-01
3.300000000000000e+00	8.581291681988951e-01
3.300000000000000e+00	9.352254879736672e-01
3.300000000000000e+00	8.981267570133494e-01
3.300000000000000e+00	9.382459500579616e-01
3.300000000000000e+00	9.187515105614608e-01
3.300000000000000e+00	9.673495478016855e-01
3.300000000000000e+00	8.516017993264701e-01
3.300000000000000e+00	8.731428468855988e-01
3.300000000000000e+00	9.588921791566263e-01
3.300000000000000e+00	9.467985802749115e-01
3.300000000000000e+00	8.849096719686377e-01
3.300000000000000e+00	8.478753766358345e-01
3.300000000000000e+00	8.724597412455226e-01
3.300000000000000e+00	9.101351320589937e-01
3.300000000000000e+00	8.558134602720006e-01
3.300000000000000e+00	9.916693961194367e-01
3.300000000000000e+00	9.243474344687466e-01
3.300000000000000e+00	9.159147596531566e-01
3.300000000000000e+00	9.376913825495873e-01
3.300000000000000e+00	8.622448956616499e-01
3.300000000000000e+00	8.664728462574228e-01
3.300000000000000e+00	8.268899364188272e-01
3.300000000000000e+00	8.713356717843930e-01
3.300000000000000e+00	8.729249591543993e-01
3.300000000000000e+00	8.885032323343199e-01
3.300000000000000e+00	8.792675185898335e-01
3.300000000000000e+00	9.026858378466964e-01
3.300000000000000e+00	9.622229642130906e-01
3.300000000000000e+00	9.013996405982991e-01
3.300000000000000e+00	9.254543926135673e-01
3.300000000000000e+00	8.893683477008157e-01
3.300000000000000e+00	9.027400890035072e-01
3.300000000000000e+00	9.240966935670708e-01
3.300000000000000e+00	9.746313096087701e-01
3.300000000000000e+00	9.170173426379195e-01
3.300000000000000e+00	1.012304822865165e+00
3.300000000000000e+00	8.782251717498166e-01
3.300000000000000e+00	8.881222936966465e-01
3.300000000000000e+00	9.216141398273180e-01
3.300000000000000e+00	8.501562737686610e-01
3.300000000000000e+00	8.790203561545176e-01
3.300000000000000e+00	9.597995704112922e-01
3.300000000000000e+00	8.074133367331476e-01
3.300000000000000e+00	8.753023889520078e-01
3.300000000000000e+00	9.054230072605539e-01
3.300000000000000e+00	1.012364855358272e+00
3.300000000000000e+00	8.686694008369861e-01
3.300000000000000e+00	9.298724371801118e-01
3.300000000000000e+00	8.847763220524897e-01
3.300000000000000e+00	9.659472689862610e-01
3.300000000000000e+00	8.700330618356261e-01
3.300000000000000e+00	9.088229290091517e-01
3.300000000000000e+00	9.581972834188536e-01
3.300000000000000e+00	8.613014429236566e-01
3.300000000000000e+00	9.046080870335048e-01
3.300000000000000e+00	9.000038711294454e-01
3.300000000000000e+00	9.381625122959906e-01
3.300000000000000e+00	8.751013428006963e-01
3.300000000000000e+00	9.045310618100368e-01
3.300000000000000e+00	8.530509440008065e-01
3.300000000000000e+00	8.831171244916032e-01
3.300000000000000e+00	9.568536895745861e-01
3.300000000000000e+00	9.067151758724584e-01
3.300000000000000e+00	9.198095149107208e-01
3.300000000000000e+00	8.071608144548631e-01
3.300000000000000e+00	9.340137659674527e-01
3.300000000000000e+00	9.255497334535597e-01
3.300000000000000e+00	9.250719051284678e-01
3.300000000000000e+00	9.108686257586606e-01
3.300000000000000e+00	8.808715920208346e-01
3.300000000000000e+00	9.165392375351642e-01
3.300000000000000e+00	9.433801104081605e-01
3.300000000000000e+00	8.673764975088897e-01
3.300000000000000e+00	8.478891391320166e-01
3.300000000000000e+00	8.703953088289638e-01
3.300000000000000e+00	9.346623356463817e-01
3.300000000000000e+00	8.141736219261908e-01
3.300000000000000e+00	9.246280890129552e-01
3.300000000000000e+00	1.001005067778379e+00
3.300000000000000e+00	9.007147640668339e-01
3.300000000000000e+00	9.057288736007939e-01
3.300000000000000e+00	9.070486291123213e-01
3.300000000000000e+00	9.184008144483224e-01
3.300000000000000e+00	8.264481556645933e-01
3.300000000000000e+00	9.117741193826331e-01
3.300000000000000e+00	9.195939493511259e-01
3.300000000000000e+00	9.636483756008543e-01
3.300000000000000e+00	9.609149704935129e-01
3.300000000000000e+00	8.407944328324712e-01
3.300000000000000e+00	8.792812092189440e-01
3.300000000000000e+00	8.378566754255858e-01
3.300000000000000e+00	9.138743967986717e-01
3.300000000000000e+00	9.054818229696356e-01
3.300000000000000e+00	9.423976284509922e-01
3.300000000000000e+00	9.490560902859911e-01
3.300000000000000e+00	9.351289329211996e-01
3.300000000000000e+00	8.529143495841661e-01
3.300000000000000e+00	8.818225585434014e-01
3.300000000000000e+00	8.078050286869557e-01
3.300000000000000e+00	9.336677280204507e-01
3.300000000000000e+00	9.868538335656505e-01
3.300000000000000e+00	9.390674725983637e-01
3.300000000000000e+00	9.337820061319922e-01
3.300000000000000e+00	9.271987485864281e-01
3.300000000000000e+00	9.099224883412595e-01
3.300000000000000e+00	9.361564788187910e-01
3.300000000000000e+00	9.705277310370445e-01
3.300000000000000e+00	9.275657347741230e-01
3.300000000000000e+00	9.069873564010902e-01
3.300000000000000e+00	9.233537016048328e-01
3.300000000000000e+00	8.785028246716898e-01
3.300000000000000e+00	9.425743603701204e-01
3.300000000000000e+00	9.245012179481346e-01
3.300000000000000e+00	8.557940312977179e-01
3.300000000000000e+00	9.137003216017393e-01
3.300000000000000e+00	9.391873021240569e-01
3.300000000000000e+00	8.947592434537379e-01
3.300000000000000e+00	9.560648943874567e-01
3.300000000000000e+00	9.329273184716020e-01
3.300000000000000e+00	9.218445280992049e-01
3.300000000000000e+00	9.177498593243572e-01
3.300000000000000e+00	8.362995859768442e-01
3.300000000000000e+00	8.770540088313313e-01
3.300000000000000e+00	9.293634147423523e-01
3.300000000000000e+00	8.349148209611605e-01
3.300000000000000e+00	8.663820577592756e-01
3.300000000000000e+00	8.874627262694881e-01
3.300000000000000e+00	9.510770217267187e-01
3.300000000000000e+00	8.460256439914977e-01
3.300000000000000e+00	8.160383162864008e-01
3.300000000000000e+00	9.116932495879931e-01
3.300000000000000e+00	8.475201695935779e-01
3.300000000000000e+00	9.677475589045140e-01
3.300000000000000e+00	8.872632130796937e-01
3.300000000000000e+00	9.590760578314055e-01
3.300000000000000e+00	9.181346245051945e-01
3.300000000000000e+00	8.783395834810757e-01
3.300000000000000e+00	8.601252192560096e-01
3.300000000000000e+00	8.956525780384552e-01
3.300000000000000e+00	9.158139755935859e-01
3.300000000000000e+00	1.009385134313794e+00
3.300000000000000e+00	9.935048181597431e-01
3.300000000000000e+00	8.701507101740169e-01
3.300000000000000e+00	8.578215095758924e-01
3.300000000000000e+00	8.956901689860681e-01
3.300000000000000e+00	8.993500637263059e-01
3.300000000000000e+00	9.028643443993585e-01
3.300000000000000e+00	9.290031800544872e-01
3.300000000000000e+00	9.921031337349407e-01
3.300000000000000e+00	8.657024651707681e-01
3.300000000000000e+00	8.773331086522509e-01
3.300000000000000e+00	8.561088464298970e-01
3.300000000000000e+00	8.888505151776838e-01
3.300000000000000e+00	8.878347121365273e-01
3.300000000000000e+00	9.289331312893431e-01
3.300000000000000e+00	9.568729635453698e-01
3.300000000000000e+00	9.083203937165077e-01
3.300000000000000e+00	7.847851583433433e-01
3.300000000000000e+00	8.967552685765059e-01
3.300000000000000e+00	9.345810259344538e-01
3.300000000000000e+00	9.299424968451753e-01
3.300000000000000e+00	9.673120772616860e-01
3.300000000000000e+00	9.346208767205524e-01
3.300000000000000e+00	9.241545863322518e-01
3.300000000000000e+00	8.714357634312464e-01
3.300000000000000e+00	9.844897895542011e-01
3.300000000000000e+00	8.467868716426822e-01
3.300000000000000e+00	9.074788978022422e-01
3.300000000000000e+00	9.790571167425204e-01
3.300000000000000e+00	8.881977840706401e-01
3.300000000000000e+00	8.857030902211250e-01
3.300000000000000e+00	8.898110204334838e-01
3.300000000000000e+00	9.231133769830100e-01
3.300000000000000e+00	8.933297020802816e-01
3.300000000000000e+00	9.168284560556175e-01
3.300000000000000e+00	9.785556236709377e-01
3.300000000000000e+00	9.594598801352585e-01
3.300000000000000e+00	8.949891059091551e-01
3.300000000000000e+00	9.832544067169293e-01
3.300000000000000e+00	9.651286856561643e-01
3.300000000000000e+00	9.842341111307750e-01
3.300000000000000e+00	8.787860332940444e-01
3.300000000000000e+00	9.211286757446745e-01
3.300000000000000e+00	8.702439959828457e-01
3.300000000000000e+00	9.680104665158900e-01
3.300000000000000e+00	8.753648553603285e-01
3.300000000000000e+00	9.164882845671933e-01
3.300000000000000e+00	8.733496207201169e-01
3.300000000000000e+00	1.008269364609635e+00
3.300000000000000e+00	9.639312609289948e-01
3.300000000000000e+00	9.154672549150059e-01
3.300000000000000e+00	9.950253097992154e-01
3.300000000000000e+00	8.560034225448802e-01
3.300000000000000e+00	9.028921789876444e-01
3.300000000000000e+00	8.730750209759096e-01
3.300000000000000e+00	9.541707432110184e-01
3.300000000000000e+00	9.088517947160435e-01
3.300000000000000e+00	9.405481041535435e-01
3.300000000000000e+00	9.251731705413336e-01
3.300000000000000e+00	9.386965462192309e-01
3.300000000000000e+00	9.815630030970228e-01
3.300000000000000e+00	9.028291702230841e-01
3.300000000000000e+00	8.947211166851956e-01
3.300000000000000e+00	1.032513095401258e+00
3.300000000000000e+00	8.703894911683540e-01
3.300000000000000e+00	9.190803312157754e-01
3.300000000000000e+00	8.787624719445137e-01
3.300000000000000e+00	8.318317393584639e-01
3.300000000000000e+00	9.314488877838437e-01
3.300000000000000e+00	9.330602180859858e-01
3.300000000000000e+00	8.819761321626505e-01
3.300000000000000e+00	8.165911057991003e-01
3.300000000000000e+00	9.494999710947618e-01
3.300000000000000e+00	8.197837639168154e-01
3.300000000000000e+00	8.935972700233562e-01
3.300000000000000e+00	9.220987433445289e-01
3.300000000000000e+00	8.609689618360218e-01
3.300000000000000e+00	8.671255937784105e-01
3.300000000000000e+00	9.254901542873223e-01
3.300000000000000e+00	9.624658364609859e-01
3.300000000000000e+00	9.132488359406141e-01
3.300000000000000e+00	9.588621741917425e-01
3.300000000000000e+00	9.683987190026526e-01
3.300000000000000e+00	8.718392989196035e-01
3.300000000000000e+00	9.265957222168246e-01
3.300000000000000e+00	8.448604791798593e-01
3.300000000000000e+00	8.607620039484822e-01
3.300000000000000e+00	8.821359073424182e-01
3.300000000000000e+00	9.448072925341513e-01
3.300000000000000e+00	9.835668816628617e-01
3.300000000000000e+00	9.702320349484037e-01
3.300000000000000e+00	9.625969306704272e-01
3.300000000000000e+00	9.564926635555727e-01
3.300000000000000e+00	8.999803884885734e-01
3.300000000000000e+00	9.277807796803716e-01
3.300000000000000e+00	9.099265418966209e-01
3.300000000000000e+00	9.143968875265355e-01
3.300000000000000e+00	8.816714031091231e-01
3.300000000000000e+00	9.177499303199140e-01
3.300000000000000e+00	9.171859327347127e-01
3.300000000000000e+00	9.339140386756745e-01
3.300000000000000e+00	9.545751389566897e-01
3.300000000000000e+00	9.144897990675058e-01
3.300000000000000e+00	8.698077061728805e-01
3.300000000000000e+00	8.389259513872684e-01
3.300000000000000e+00	9.653168169345344e-01
3.300000000000000e+00	8.521820035816512e-01
3.300000000000000e+00	9.093852065732646e-01
3.300000000000000e+00	8.849197386252421e-01
3.300000000000000e+00	8.931034951536702e-01
3.300000000000000e+00	9.434200083379140e-01
3.300000000000000e+00	9.155945292892081e-01
3.300000000000000e+00	9.196947039963626e-01
3.300000000000000e+00	9.468146735084648e-01
3.300000000000000e+00	9.055926384239020e-01
3.300000000000000e+00	8.555653585411839e-01
3.300000000000000e+00	9.569208100651448e-01
3.300000000000000e+00	8.587090026524909e-01
3.300000000000000e+00	9.029283818958248e-01
3.300000000000000e+00	8.371320420809445e-01
3.300000000000000e+00	9.812397712095062e-01
3.300000000000000e+00	8.733593928996962e-01
3.300000000000000e+00	8.640037905253927e-01
3.300000000000000e+00	9.070688274293192e-01
3.300000000000000e+00	9.640327208760685e-01
3.300000000000000e+00	8.784227918248709e-01
3.300000000000000e+00	8.580625950510220e-01
3.300000000000000e+00	8.647018583174034e-01
3.300000000000000e+00	8.721812300241398e-01
3.300000000000000e+00	9.506048352097608e-01
3.300000000000000e+00	8.553118652860260e-01
3.300000000000000e+00	9.171458663476250e-01
3.300000000000000e+00	9.568352168140559e-01
3.300000000000000e+00	8.767917873796719e-01
3.300000000000000e+00	9.276842389279796e-01
3.300000000000000e+00	9.213562167783097e-01
3.300000000000000e+00	9.051412837105961e-01
3.300000000000000e+00	8.894919760577650e-01
3.300000000000000e+00	9.324927065168273e-01
3.300000000000000e+00	8.263063609940513e-01
3.300000000000000e+00	8.986645180871415e-01
3.300000000000000e+00	1.020903929603041e+00
3.300000000000000e+00	9.919611695819166e-01
3.300000000000000e+00	9.993515312562260e-01
3.300000000000000e+00	9.847452606589694e-01
3.300000000000000e+00	9.900976711911210e-01
3.300000000000000e+00	9.643334866372542e-01
3.300000000000000e+00	8.740014929611700e-01
3.300000000000000e+00	9.355199155679715e-01
3.300000000000000e+00	8.613248366191165e-01
3.300000000000000e+00	8.939188972832777e-01
3.300000000000000e+00	8.432136512461958e-01
3.300000000000000e+00	9.535029227097904e-01
3.300000000000000e+00	9.011135930321648e-01
3.300000000000000e+00	9.028840346887526e-01
3.300000000000000e+00	8.305476921272827e-01
3.300000000000000e+00	9.088374115443615e-01
3.300000000000000e+00	8.207725742169265e-01
3.300000000000000e+00	8.532959373364735e-01
3.300000000000000e+00	9.430971703124590e-01
3.300000000000000e+00	9.040656362962142e-01
3.300000000000000e+00	8.843384886022250e-01
3.300000000000000e+00	8.875913669242801e-01
3.300000000000000e+00	9.059401569485829e-01
3.300000000000000e+00	9.430469168234029e-01
3.300000000000000e+00	9.344007088756279e-01
3.300000000000000e+00	8.009232331575555e-01
3.300000000000000e+00	8.913924044540197e-01
3.300000000000000e+00	8.944182406144959e-01
3.300000000000000e+00	8.846106043048644e-01
3.300000000000000e+00	8.664288123703449e-01
3.300000000000000e+00	9.183420215261281e-01
3.300000000000000e+00	9.611756019626474e-01
3.300000000000000e+00	9.442389157885909e-01
3.300000000000000e+00	9.333606164455761e-01
3.300000000000000e+00	8.319430748485188e-01
3.300000000000000e+00	9.437978360021302e-01
3.300000000000000e+00	8.386569697463850e-01
3.300000000000000e+00	9.393256935804926e-01
3.300000000000000e+00	8.978219838286062e-01
3.300000000000000e+00	8.573893120770326e-01
3.300000000000000e+00	9.194974131919568e-01
3.300000000000000e+00	9.173551301471511e-01
3.300000000000000e+00	8.172651903851428e-01
3.300000000000000e+00	9.286086253054333e-01
3.300000000000000e+00	8.172005036884695e-01
3.300000000000000e+00	9.542586089893025e-01
3.300000000000000e+00	8.886826734933574e-01
3.300000000000000e+00	9.267514556565095e-01
3.300000000000000e+00	8.930510591434623e-01
3.300000000000000e+00	9.206575199283666e-01
3.300000000000000e+00	9.113709518108163e-01
3.300000000000000e+00	9.179819515839155e-01
3.300000000000000e+00	8.659667471723361e-01
3.300000000000000e+00	8.460843508642195e-01
3.300000000000000e+00	9.377242985049326e-01
3.300000000000000e+00	8.236405697566002e-01
3.300000000000000e+00	9.410679728826841e-01
3.300000000000000e+00	9.055923691817180e-01
3.300000000000000e+00	9.052754584493280e-01
3.300000000000000e+00	9.218000790872490e-01
3.300000000000000e+00	9.737779522896637e-01
3.300000000000000e+00	9.239226602979969e-01
3.300000000000000e+00	9.929714524094262e-01
3.300000000000000e+00	8.835092357296270e-01
3.300000000000000e+00	8.692145579726402e-01
3.300000000000000e+00	9.031565032473080e-01
3.300000000000000e+00	9.585509417716658e-01
3.300000000000000e+00	9.112703754526463e-01
3.300000000000000e+00	9.009938861185592e-01
3.300000000000000e+00	9.632423049726595e-01
3.300000000000000e+00	9.544148971743669e-01
3.300000000000000e+00	9.709227675523148e-01
3.300000000000000e+00	9.438595873440461e-01
3.300000000000000e+00	8.811130912852262e-01
3.300000000000000e+00	8.704741675807123e-01
3.300000000000000e+00	9.623660532997185e-01
3.300000000000000e+00	8.981761490773509e-01
3.300000000000000e+00	9.512057857899605e-01
3.300000000000000e+00	9.511955333333196e-01
3.300000000000000e+00	8.735974895842806e-01
3.300000000000000e+00	9.702988089201844e-01
3.300000000000000e+00	9.549245813333889e-01
3.300000000000000e+00	9.429496967785229e-01
3.300000000000000e+00	8.844830931329263e-01
3.300000000000000e+00	9.943829347105486e-01
3.300000000000000e+00	7.864530968410666e-01
3.300000000000000e+00	9.093605368069202e-01
3.300000000000000e+00	9.174962613147458e-01
3.300000000000000e+00	9.191830064662772e-01
3.300000000000000e+00	8.925208455070852e-01
3.300000000000000e+00	8.547013821910272e-01
3.300000000000000e+00	9.282798295127271e-01
3.300000000000000e+00	8.649838424035657e-01
3.300000000000000e+00	8.894512457337118e-01
3.300000000000000e+00	1.022287559447450e+00
3.300000000000000e+00	9.360878142363376e-01
3.300000000000000e+00	9.312484845553499e-01
3.300000000000000e+00	1.002143548332117e+00
3.300000000000000e+00	9.787464023315839e-01
3.300000000000000e+00	1.008951572378478e+00
3.300000000000000e+00	8.343684314215934e-01
3.300000000000000e+00	8.673265557226735e-01
3.300000000000000e+00	8.854605226126787e-01
3.300000000000000e+00	8.990529683839812e-01
3.300000000000000e+00	9.374936911403423e-01
3.300000000000000e+00	9.126376588823677e-01
3.300000000000000e+00	9.491294889606240e-01
3.300000000000000e+00	8.746664211289774e-01
3.300000000000000e+00	8.979520242083500e-01
3.300000000000000e+00	1.018904812452827e+00
3.300000000000000e+00	8.878365818146802e-01
3.300000000000000e+00	9.112718682824836e-01
3.300000000000000e+00	8.874772300908618e-01
3.300000000000000e+00	8.984000103125769e-01
3.300000000000000e+00	9.450545313914680e-01
3.300000000000000e+00	9.619108041971450e-01
3.300000000000000e+00	8.795498149332031e-01
3.300000000000000e+00	8.937484242198087e-01
3.300000000000000e+00	8.688906027733390e-01
3.300000000000000e+00	8.727755476798342e-01
3.300000000000000e+00	9.337639301251756e-01
3.300000000000000e+00	8.905631039432336e-01
3.300000000000000e+00	9.136402412927080e-01
3.300000000000000e+00	9.295687734962180e-01
3.300000000000000e+00	9.182083657004377e-01
3.300000000000000e+00	8.357837989688980e-01
3.300000000000000e+00	9.456230910525211e-01
3.300000000000000e+00	9.029109315274670e-01
3.300000000000000e+00	8.435083745439929e-01
3.300000000000000e+00	8.891446701253718e-01
3.300000000000000e+00	9.809407753616788e-01
3.300000000000000e+00	8.825203727162265e-01
3.300000000000000e+00	9.177059866015118e-01
3.300000000000000e+00	9.174510928226185e-01
3.300000000000000e+00	9.035637011113057e-01
3.300000000000000e+00	9.649128767625493e-01
3.300000000000000e+00	8.392452887080637e-01
3.300000000000000e+00	9.304492592215093e-01
3.300000000000000e+00	8.950110265881120e-01
3.300000000000000e+00	9.555924239188361e-01
3.300000000000000e+00	9.406715919870180e-01
3.300000000000000e+00	8.614477364901411e-01
3.300000000000000e+00	8.050054260186075e-01
3.300000000000000e+00	9.212608708354219e-01
3.300000000000000e+00	9.382406221297577e-01
3.300000000000000e+00	8.013261628163937e-01
3.300000000000000e+00	8.824556924889907e-01
3.300000000000000e+00	1.085539493241794e+00
3.300000000000000e+00	8.632515171883030e-01
3.300000000000000e+00	9.366622350946588e-01
3.300000000000000e+00	9.101417846866044e-01
3.300000000000000e+00	9.140947489995894e-01
3.300000000000000e+00	9.325683942431908e-01
3.300000000000000e+00	9.795732515764360e-01
3.300000000000000e+00	1.053644094659007e+00
3.300000000000000e+00	9.617964206840613e-01
3.300000000000000e+00	9.484533201378412e-01
3.300000000000000e+00	8.154296106255275e-01
3.300000000000000e+00	9.210206475683194e-01
3.300000000000000e+00	9.218788521594897e-01
3.300000000000000e+00	9.255970426725701e-01
3.300000000000000e+00	9.488477181754940e-01
3.300000000000000e+00	8.914576585722337e-01
3.300000000000000e+00	9.041137898887970e-01
3.300000000000000e+00	8.737092359117794e-01
3.300000000000000e+00	8.571619654051863e-01
3.300000000000000e+00	8.474164819237463e-01
3.300000000000000e+00	9.720788824400385e-01
3.300000000000000e+00	9.746592512389081e-01
3.300000000000000e+00	9.411652664860838e-01
3.300000000000000e+00	1.026235780039958e+00
3.300000000000000e+00	9.378562059400350e-01
3.300000000000000e+00	9.674014100567930e-01
3.300000000000000e+00	8.769738787706458e-01
3.300000000000000e+00	8.620689222733207e-01
3.300000000000000e+00	9.301045642830240e-01
3.300000000000000e+00	8.936550237786801e-01
3.300000000000000e+00	9.065324322487507e-01
3.300000000000000e+00	8.653364809226759e-01
3.300000000000000e+00	9.380043609973836e-01
3.300000000000000e+00	9.309524502504176e-01
3.300000000000000e+00	9.846387468638935e-01
3.300000000000000e+00	9.713776931572305e-01
3.300000000000000e+00	9.646970034556056e-01
3.300000000000000e+00	8.930063104208202e-01
3.300000000000000e+00	9.372632861804383e-01
3.300000000000000e+00	9.233311320082822e-01
3.300000000000000e+00	8.808789007616921e-01
3.300000000000000e+00	9.449665456529666e-01
3.300000000000000e+00	9.300203426445318e-01
3.300000000000000e+00	9.706249812303920e-01
3.300000000000000e+00	8.739520357097541e-01
3.300000000000000e+00	8.833196535315755e-01
3.300000000000000e+00	8.975774508840897e-01
3.300000000000000e+00	8.031942527838578e-01
3.300000000000000e+00	8.978945772933073e-01
3.300000000000000e+00	9.373883240669999e-01
3.300000000000000e+00	9.604193395677812e-01
3.300000000000000e+00	9.137763638837730e-01
3.300000000000000e+00	8.522153952040372e-01
3.300000000000000e+00	9.425951750762752e-01
3.300000000000000e+00	9.771853571886553e-01
3.300000000000000e+00	9.006954289532271e-01
3.300000000000000e+00	8.801626721405497e-01
3.300000000000000e+00	8.082630193981463e-01
3.300000000000000e+00	9.429408763896014e-01
3.300000000000000e+00	8.220966852753389e-01
3.300000000000000e+00	7.930644496422863e-01
3.300000000000000e+00	9.346626463815033e-01
3.300000000000000e+00	9.614943170325018e-01
3.300000000000000e+00	8.325748439935714e-01
3.300000000000000e+00	8.723237178625386e-01
3.300000000000000e+00	8.693393770211805e-01
3.300000000000000e+00	8.157436493418292e-01
3.300000000000000e+00	8.619139269744359e-01
3.300000000000000e+00	8.717415000061812e-01
3.300000000000000e+00	9.279218313746028e-01
3.300000000000000e+00	8.923259725809793e-01
3.300000000000000e+00	9.726153496484096e-01
3.300000000000000e+00	8.415858425643288e-01
3.300000000000000e+00	8.986587980152468e-01
3.300000000000000e+00	9.992818810645511e-01
3.300000000000000e+00	7.767234837602082e-01
3.300000000000000e+00	9.011795734755043e-01
3.300000000000000e+00	8.184168164538760e-01
3.300000000000000e+00	8.670186334136057e-01
3.300000000000000e+00	8.570487880729971e-01
3.300000000000000e+00	8.948697811313042e-01
3.300000000000000e+00	8.249822377328270e-01
3.300000000000000e+00	9.591365986160596e-01
3.300000000000000e+00	8.747161868283831e-01
3.300000000000000e+00	9.142598835498097e-01
3.300000000000000e+00	9.127595605538966e-01
3.300000000000000e+00	8.912179290971926e-01
3.300000000000000e+00	8.614741084199039e-01
3.300000000000000e+00	9.215920643752969e-01
3.300000000000000e+00	8.098727317702431e-01
3.300000000000000e+00	9.294067543911089e-01
3.300000000000000e+00	9.301013004409100e-01
3.300000000000000e+00	9.288024639398288e-01
3.300000000000000e+00	8.946071240148238e-01
3.300000000000000e+00	9.004093284616361e-01
3.300000000000000e+00	9.688454471245277e-01
3.300000000000000e+00	9.787451932890027e-01
3.300000000000000e+00	8.885424497539151e-01
3.300000000000000e+00	8.782714045543681e-01
3.300000000000000e+00	9.113502195622032e-01
3.300000000000000e+00	8.846926044788309e-01
3.300000000000000e+00	9.242181767458906e-01
3.300000000000000e+00	8.998330830422739e-01
3.300000000000000e+00	8.802773232251925e-01
3.300000000000000e+00	9.013203370533928e-01
3.300000000000000e+00	9.367508884836377e-01
3.300000000000000e+00	9.719926204492682e-01
3.300000000000000e+00	8.328321047470892e-01
3.300000000000000e+00	9.098934550919201e-01
3.300000000000000e+00	9.744270950458770e-01
3.300000000000000e+00	9.365195442626607e-01
3.300000000000000e+00	9.166490094492735e-01
3.300000000000000e+00	8.828908666289895e-01
3.300000000000000e+00	8.606900494555481e-01
3.300000000000000e+00	9.115099137048989e-01
3.300000000000000e+00	9.027990016019631e-01
3.300000000000000e+00	8.587683389694262e-01
3.300000000000000e+00	9.028052778161312e-01
3.300000000000000e+00	9.420899734540351e-01
3.300000000000000e+00	9.922581735549466e-01
3.300000000000000e+00	8.985375196583533e-01
3.300000000000000e+00	9.708995453045544e-01
3.300000000000000e+00	9.229681801693498e-01
3.300000000000000e+00	9.097877296923279e-01
3.300000000000000e+00	9.018151347646834e-01
3.300000000000000e+00	8.692288827879291e-01
3.300000000000000e+00	9.645313067699987e-01
3.300000000000000e+00	9.632755415564412e-01
3.300000000000000e+00	9.095085256306370e-01
3.300000000000000e+00	1.008621444626633e+00
3.300000000000000e+00	9.255707400497886e-01
3.300000000000000e+00	9.516015548791141e-01
3.300000000000000e+00	9.038003452427172e-01
3.300000000000000e+00	8.736770711225390e-01
3.300000000000000e+00	9.168442897376223e-01
3.300000000000000e+00	9.324477119001946e-01
3.300000000000000e+00	7.504582627905991e-01
3.300000000000000e+00	9.016954056827096e-01
3.300000000000000e+00	8.757853612771775e-01
3.300000000000000e+00	9.138442205781105e-01
3.300000000000000e+00	7.958583010330224e-01
3.300000000000000e+00	8.486958296298255e-01
3.300000000000000e+00	8.641940311646914e-01
3.300000000000000e+00	8.976118774956287e-01
3.300000000000000e+00	9.224591489609455e-01
3.300000000000000e+00	9.429376150436518e-01
3.300000000000000e+00	9.369860621472773e-01
3.300000000000000e+00	8.932671740407973e-01
3.300000000000000e+00	8.481403102642507e-01
3.300000000000000e+00	9.131899774201983e-01
3.300000000000000e+00	9.613299145858141e-01
3.300000000000000e+00	9.490706191299174e-01
3.300000000000000e+00	8.557870305113398e-01
3.300000000000000e+00	9.733608763190167e-01
3.300000000000000e+00	9.398513084743534e-01
3.300000000000000e+00	9.318957984897712e-01
3.300000000000000e+00	9.078981952085852e-01
3.300000000000000e+00	9.391993359100318e-01
3.300000000000000e+00	9.092012896496773e-01
3.300000000000000e+00	1.003396396756749e+00
3.300000000000000e+00	9.222645514175035e-01
3.300000000000000e+00	8.948892907396810e-01
3.300000000000000e+00	8.726881870441691e-01
3.300000000000000e+00	7.836367769288977e-01
3.300000000000000e+00	8.807867873666184e-01
3.300000000000000e+00	9.805662264750171e-01
3.300000000000000e+00	8.755889840310599e-01
3.300000000000000e+00	8.941538895003509e-01
3.300000000000000e+00	8.529999674454974e-01
3.300000000000000e+00	9.512677171620901e-01
3.300000000000000e+00	9.023301435570670e-01
3.300000000000000e+00	8.955720926031552e-01
3.300000000000000e+00	8.869268730100205e-01
3.300000000000000e+00	9.243659605794949e-01
3.300000000000000e+00	9.538810318773834e-01
3.300000000000000e+00	9.855115117805942e-01
3.300000000000000e+00	9.106046512014815e-01
3.300000000000000e+00	8.725563208018108e-01
3.300000000000000e+00	9.674481640202285e-01
3.300000000000000e+00	8.754478972083143e-01
3.300000000000000e+00	9.143692134230933e-01
3.300000000000000e+00	8.962786375566264e-01
3.300000000000000e+00	9.538034967043574e-01
3.300000000000000e+00	8.418489032292984e-01
3.300000000000000e+00	8.889899561235431e-01
3.300000000000000e+00	1.003401780739112e+00
3.300000000000000e+00	9.078062305568766e-01
3.300000000000000e+00	9.186484641057094e-01
3.300000000000000e+00	9.379654542861667e-01
3.300000000000000e+00	9.780286575049634e-01
3.300000000000000e+00	9.680640326417301e-01
3.300000000000000e+00	9.049083557702549e-01
3.300000000000000e+00	9.344947963229988e-01
3.300000000000000e+00	9.347155846218279e-01
3.300000000000000e+00	9.046311142220550e-01
3.300000000000000e+00	9.506992498319037e-01
3.300000000000000e+00	8.846143343440949e-01
3.300000000000000e+00	9.567562810743697e-01
3.300000000000000e+00	9.907994035721104e-01
3.300000000000000e+00	9.108505857207446e-01
3.300000000000000e+00	8.265364635379983e-01
3.300000000000000e+00	8.018338296618039e-01
3.300000000000000e+00	9.046347001220185e-01
3.300000000000000e+00	9.393950209746507e-01
3.300000000000000e+00	9.309372057285855e-01
3.300000000000000e+00	9.552977361797027e-01
3.300000000000000e+00	9.337153467503915e-01
3.300000000000000e+00	9.273586345525893e-01
3.300000000000000e+00	8.783664197891311e-01
3.300000000000000e+00	8.681943172141016e-01
3.300000000000000e+00	9.070126498888875e-01
3.300000000000000e+00	8.887253927270475e-01
3.300000000000000e+00	8.613069840438786e-01
3.300000000000000e+00	8.721226736951141e-01
3.300000000000000e+00	9.150365267535356e-01
3.300000000000000e+00	8.343798110895743e-01
3.300000000000000e+00	9.039303917160728e-01
3.300000000000000e+00	8.894745079729182e-01
3.300000000000000e+00	9.034412527694219e-01
3.300000000000000e+00	8.877201244684008e-01
3.300000000000000e+00	8.089853850077977e-01
3.300000000000000e+00	8.766963392715285e-01
3.300000000000000e+00	8.736240880000444e-01
3.300000000000000e+00	8.771277460600164e-01
3.300000000000000e+00	9.161581498713807e-01
3.300000000000000e+00	8.558280009765492e-01
3.300000000000000e+00	9.425102645929169e-01
3.300000000000000e+00	9.759140366097283e-01
3.300000000000000e+00	9.444766105065623e-01
3.300000000000000e+00	9.345257400517112e-01
3.300000000000000e+00	8.856920760685237e-01
3.300000000000000e+00	9.165843715661434e-01
3.300000000000000e+00	8.505813112155711e-01
3.300000000000000e+00	9.582979908152476e-01
3.300000000000000e+00	8.952556270799332e-01
3.300000000000000e+00	1.023854396089646e+00
3.300000000000000e+00	8.688992770474256e-01
3.300000000000000e+00	8.759588453563359e-01
3.300000000000000e+00	8.688675628313964e-01
3.300000000000000e+00	7.836672366114160e-01
3.300000000000000e+00	8.670759642577730e-01
3.300000000000000e+00	8.676706238250946e-01
3.300000000000000e+00	8.549972341892110e-01
3.300000000000000e+00	9.158744196730892e-01
3.300000000000000e+00	8.494857519117840e-01
3.300000000000000e+00	9.885024599185230e-01
3.300000000000000e+00	8.468318004163953e-01
3.300000000000000e+00	9.008846271639258e-01
3.300000000000000e+00	8.630095317533130e-01
3.300000000000000e+00	9.025526894973730e-01
3.300000000000000e+00	8.828112446622109e-01
3.300000000000000e+00	9.196962489198155e-01
3.300000000000000e+00	8.966255560860962e-01
3.300000000000000e+00	9.757898336492863e-01
3.300000000000000e+00	9.605146557942658e-01
3.300000000000000e+00	8.660344240417547e-01
3.300000000000000e+00	8.894027941366835e-01
3.300000000000000e+00	8.862969873832690e-01
3.300000000000000e+00	9.979502789631534e-01
3.300000000000000e+00	9.194350323424377e-01
3.300000000000000e+00	9.077235354334664e-01
3.300000000000000e+00	8.781267840495880e-01
3.300000000000000e+00	9.251668835007614e-01
3.300000000000000e+00	8.865495593099776e-01
3.300000000000000e+00	8.604357374755901e-01
3.300000000000000e+00	9.135242926955074e-01
3.300000000000000e+00	9.277619208778192e-01
3.300000000000000e+00	9.839059133466926e-01
3.300000000000000e+00	9.073533826998834e-01
3.300000000000000e+00	9.670682857522490e-01
3.300000000000000e+00	9.017980590303529e-01
3.300000000000000e+00	8.228374865587785e-01
3.300000000000000e+00	9.446127513034358e-01
3.300000000000000e+00	8.947710169708308e-01
3.300000000000000e+00	8.876178920846456e-01
3.300000000000000e+00	8.384076503431640e-01
3.300000000000000e+00	8.932629564331317e-01
3.300000000000000e+00	9.815316230436572e-01
3.300000000000000e+00	9.117180781572510e-01
3.300000000000000e+00	9.844742208967610e-01
3.300000000000000e+00	9.262289140156265e-01
3.300000000000000e+00	8.657784283880036e-01
3.300000000000000e+00	8.628753774031876e-01
3.300000000000000e+00	9.160218754508909e-01
3.300000000000000e+00	8.455738545204780e-01
3.300000000000000e+00	9.058207878013386e-01
3.300000000000000e+00	8.446772136900252e-01
3.300000000000000e+00	8.918370879141290e-01
3.300000000000000e+00	9.749834330013809e-01
3.300000000000000e+00	1.014650824990134e+00
3.300000000000000e+00	9.296809627101078e-01
3.300000000000000e+00	9.709054931786190e-01
3.300000000000000e+00	9.192142734177209e-01
3.300000000000000e+00	8.993454943071848e-01
3.300000000000000e+00	9.386765117149344e-01
3.300000000000000e+00	9.567318069324935e-01
3.300000000000000e+00	9.133919246336398e-01
3.300000000000000e+00	8.683111914255821e-01
3.300000000000000e+00	8.828485086015355e-01
3.300000000000000e+00	9.117703683153924e-01
3.300000000000000e+00	8.033230706626537e-01
3.300000000000000e+00	8.961506849764498e-01
3.300000000000000e+00	9.179206634440804e-01
3.300000000000000e+00	8.471193185670136e-01
3.300000000000000e+00	9.166398918830171e-01
3.300000000000000e+00	8.640386995820104e-01
3.300000000000000e+00	9.437128340701526e-01
3.300000000000000e+00	8.955548857353001e-01
3.300000000000000e+00	1.018728010789427e+00
3.300000000000000e+00	8.928502733709176e-01
3.300000000000000e+00	1.020798495724737e+00
3.300000000000000e+00	9.442850362320980e-01
3.300000000000000e+00	9.477095459720603e-01
3.300000000000000e+00	1.002511220460993e+00
3.300000000000000e+00	8.325542923588124e-01
3.300000000000000e+00	9.157063377122018e-01
3.300000000000000e+00	9.155866102982784e-01
3.300000000000000e+00	9.649051504345318e-01
3.300000000000000e+00	8.570691097914686e-01
3.300000000000000e+00	9.263122531077769e-01
3.300000000000000e+00	9.136156542088522e-01
3.300000000000000e+00	8.670757034322997e-01
3.300000000000000e+00	8.369801082625888e-01
3.300000000000000e+00	9.264211078463672e-01
3.300000000000000e+00	9.344566679149717e-01
3.300000000000000e+00	9.798010498123272e-01
3.300000000000000e+00	8.710243849950855e-01
3.300000000000000e+00	8.281317784082509e-01
3.300000000000000e+00	8.879407602907775e-01
3.300000000000000e+00	9.896693714107999e-01
3.300000000000000e+00	8.926519176167922e-01
3.300000000000000e+00	9.210649539187875e-01
3.300000000000000e+00	9.437944995213283e-01
3.300000000000000e+00	9.786201931216304e-01
3.300000000000000e+00	8.725367593279325e-01
3.300000000000000e+00	1.007011325978321e+00
3.300000000000000e+00	8.994674341959926e-01
3.300000000000000e+00	1.021930595432184e+00
3.300000000000000e+00	1.058080392568240e+00
3.300000000000000e+00	8.715729088605789e-01
3.300000000000000e+00	8.829668963421976e-01
3.300000000000000e+00	8.565540345821828e-01
3.300000000000000e+00	9.153269056820807e-01
3.300000000000000e+00	8.493256781814030e-01
3.300000000000000e+00	8.595533944949130e-01
3.300000000000000e+00	8.830386607718231e-01
3.300000000000000e+00	8.390827706222798e-01
3.300000000000000e+00	9.251827075521739e-01
3.300000000000000e+00	8.939141742697259e-01
3.300000000000000e+00	9.744422181969272e-01
3.300000000000000e+00	9.462595610480045e-01
3.300000000000000e+00	8.740274378553495e-01
3.300000000000000e+00	9.221946950127140e-01
3.300000000000000e+00	9.568991220968219e-01
3.300000000000000e+00	9.470198423811259e-01
3.300000000000000e+00	9.054411493789494e-01
3.300000000000000e+00	9.199610447702578e-01
3.300000000000000e+00	9.462577860153391e-01
3.300000000000000e+00	9.534796549045423e-01
3.300000000000000e+00	9.959543533715026e-01
3.300000000000000e+00	8.787113037322630e-01
3.300000000000000e+00	9.263909901432049e-01
3.300000000000000e+00	7.990221114926742e-01
3.300000000000000e+00	9.417089688786746e-01
3.300000000000000e+00	8.778080512811092e-01
3.300000000000000e+00	8.480505433103106e-01
3.300000000000000e+00	8.941385431528215e-01
3.300000000000000e+00	8.911836650552787e-01
3.300000000000000e+00	9.740316819650778e-01
3.300000000000000e+00	8.560909939127506e-01
3.300000000000000e+00	9.758376585454471e-01
3.300000000000000e+00	9.501113013941979e-01
3.300000000000000e+00	8.511469317137259e-01
3.300000000000000e+00	9.216413381859041e-01
3.300000000000000e+00	9.388785816552855e-01
3.300000000000000e+00	8.550001473440214e-01
3.300000000000000e+00	8.914756418419213e-01
3.300000000000000e+00	9.417284690627206e-01
3.300000000000000e+00	9.105846600170756e-01
3.300000000000000e+00	1.000697050819439e+00
3.300000000000000e+00	9.062020922480414e-01
3.300000000000000e+00	9.272766551434115e-01
3.300000000000000e+00	8.983638871143563e-01
3.300000000000000e+00	8.616836359859685e-01
3.300000000000000e+00	9.225319419409149e-01
3.300000000000000e+00	9.456846162970396e-01
3.300000000000000e+00	9.452900973482309e-01
3.300000000000000e+00	8.831613212020923e-01
3.300000000000000e+00	8.692192806324336e-01
3.300000000000000e+00	8.902868037860144e-01
3.300000000000000e+00	9.567451215504619e-01
3.300000000000000e+00	9.514717406456985e-01
3.300000000000000e+00	8.671362619695899e-01
3.300000000000000e+00	9.055321404999658e-01
3.300000000000000e+00	9.237930934479462e-01
3.300000000000000e+00	9.162893200578571e-01
3.300000000000000e+00	9.658016103486240e-01
3.300000000000000e+00	9.000098285733308e-01
3.300000000000000e+00	9.236839629367386e-01
3.300000000000000e+00	8.875629482317108e-01
3.300000000000000e+00	9.559139977245699e-01
3.300000000000000e+00	9.139827108761880e-01
3.300000000000000e+00	9.856781200324922e-01
3.300000000000000e+00	8.259657152434140e-01
3.300000000000000e+00	8.552134871759730e-01
3.300000000000000e+00	8.825166596983752e-01
3.300000000000000e+00	9.296105829194160e-01
3.300000000000000e+00	8.681845192043475e-01
3.300000000000000e+00	8.468538171060781e-01
3.300000000000000e+00	9.204560229133565e-01
3.300000000000000e+00	9.055419383427713e-01
3.300000000000000e+00	8.194590604432415e-01
3.300000000000000e+00	8.467202435584940e-01
3.300000000000000e+00	1.012197841527698e+00
3.300000000000000e+00	9.492073684281642e-01
3.300000000000000e+00	9.032572710165340e-01
3.300000000000000e+00	8.823499986128812e-01
3.300000000000000e+00	9.222038613396524e-01
3.300000000000000e+00	9.668372691371488e-01
3.300000000000000e+00	9.434166564803753e-01
3.300000000000000e+00	9.699575558100954e-01
3.300000000000000e+00	8.186601052834082e-01
3.300000000000000e+00	8.839487868733711e-01
3.300000000000000e+00	9.153501910446016e-01
3.300000000000000e+00	8.677561682234523e-01
3.300000000000000e+00	9.765291554168152e-01
3.300000000000000e+00	9.650357558317656e-01
3.300000000000000e+00	9.188123864582493e-01
3.300000000000000e+00	9.218415556870604e-01
3.300000000000000e+00	8.644346578780260e-01
3.300000000000000e+00	8.212394513949354e-01
3.300000000000000e+00	1.028171410026549e+00
3.300000000000000e+00	8.875409036984280e-01
3.300000000000000e+00	9.793666052772044e-01
3.300000000000000e+00	9.380158104338405e-01
3.300000000000000e+00	8.639783939000766e-01
3.300000000000000e+00	8.878704840547468e-01
3.300000000000000e+00	8.866727855543566e-01
3.300000000000000e+00	1.009566123104625e+00
3.300000000000000e+00	8.924688558412477e-01
3.300000000000000e+00	9.336377378007835e-01
3.300000000000000e+00	8.869575981270481e-01
3.300000000000000e+00	9.327348549600070e-01
3.300000000000000e+00	8.753696058037914e-01
3.300000000000000e+00	8.540884587082348e-01
3.300000000000000e+00	9.461994956794093e-01
3.300000000000000e+00	9.849623238358201e-01
3.300000000000000e+00	9.457981607626581e-01
3.300000000000000e+00	9.534566699942635e-01
3.300000000000000e+00	8.634417139917326e-01
3.300000000000000e+00	9.413302356469057e-01
3.300000000000000e+00	8.659878115656555e-01
3.300000000000000e+00	8.681276690079861e-01
3.300000000000000e+00	9.398169911006513e-01
3.300000000000000e+00	9.214445357477552e-01
3.300000000000000e+00	9.073970669472440e-01
3.300000000000000e+00	8.967977487263050e-01
3.300000000000000e+00	8.680928402276967e-01
3.300000000000000e+00	9.717800235380288e-01
3.300000000000000e+00	8.538498314267243e-01
3.300000000000000e+00	8.695503488603716e-01
3.300000000000000e+00	8.256221190931777e-01
3.300000000000000e+00	9.114885229923040e-01
3.300000000000000e+00	8.931191673280579e-01
3.300000000000000e+00	9.893601466140126e-01
3.300000000000000e+00	8.102799940065653e-01
3.300000000000000e+00	9.764394114410541e-01
3.300000000000000e+00	9.796664084177323e-01
3.300000000000000e+00	8.844193255643391e-01
3.300000000000000e+00	8.454075625645655e-01
3.300000000000000e+00	8.472032008880559e-01
3.300000000000000e+00	8.953303520073792e-01
3.300000000000000e+00	9.202659683859793e-01
3.300000000000000e+00	9.401178408485797e-01
3.300000000000000e+00	9.497381683016822e-01
3.300000000000000e+00	9.561670385041127e-01
3.300000000000000e+00	9.566668011978217e-01
3.300000000000000e+00	8.907080455965960e-01
3.300000000000000e+00	9.194351351973395e-01
3.300000000000000e+00	9.302494313330073e-01
3.300000000000000e+00	9.197642747754441e-01
3.300000000000000e+00	9.465866385041927e-01
3.300000000000000e+00	9.291195280575248e-01
3.300000000000000e+00	9.980594103507573e-01
3.300000000000000e+00	9.402727395571224e-01
3.300000000000000e+00	9.222334428044110e-01
3.300000000000000e+00	1.040521256884279e+00
3.300000000000000e+00	9.023970850999591e-01
3.300000000000000e+00	8.523495180297849e-01
3.300000000000000e+00	9.515291388871639e-01
3.300000000000000e+00	9.379586992067530e-01
3.300000000000000e+00	8.701680193279572e-01
3.300000000000000e+00	9.055233439669019e-01
3.300000000000000e+00	8.974802857745336e-01
3.300000000000000e+00	8.798851456726258e-01
3.300000000000000e+00	9.126088020850469e-01
3.300000000000000e+00	8.869740439258074e-01
3.300000000000000e+00	9.565452423350415e-01
3.300000000000000e+00	9.435381582856730e-01
3.300000000000000e+00	9.331358453952858e-01
3.300000000000000e+00	8.434053992566498e-01
3.300000000000000e+00	9.065496063664028e-01
3.300000000000000e+00	8.815249943704456e-01
3.300000000000000e+00	8.753231684699186e-01
3.300000000000000e+00	8.232504762386250e-01
3.300000000000000e+00	9.219153326904822e-01
3.300000000000000e+00	8.666420390954258e-01
