1.750000000000000e+00	3.523692333149853e-01
1.750000000000000e+00	3.968098974231299e-01
1.750000000000000e+00	4.649261850945755e-01
1.750000000000000e+00	3.521071337365817e-01
1.750000000000000e+00	3.833485718010292e-01
1.750000000000000e+00	4.271614359272449e-01
1.750000000000000e+00	3.756253746462350e-01
1.750000000000000e+00	3.832445660238065e-01
1.750000000000000e+00	3.593155082192979e-01
1.750000000000000e+00	4.034555291566765e-01
1.750000000000000e+00	3.224927362665306e-01
1.750000000000000e+00	3.585203505757039e-01
1.750000000000000e+00	4.291422201221947e-01
1.750000000000000e+00	4.281359599287436e-01
1.750000000000000e+00	3.521343582713153e-01
1.750000000000000e+00	4.128800520006505e-01
1.750000000000000e+00	4.083830896404038e-01
1.750000000000000e+00	4.198632372097323e-01
1.750000000000000e+00	3.561778292645382e-01
1.750000000000000e+00	4.339712882119591e-01
1.750000000000000e+00	4.609626962329698e-01
1.750000000000000e+00	4.106327068419764e-01
1.750000000000000e+00	4.101339301201322e-01
1.750000000000000e+00	4.773640267004662e-01
1.750000000000000e+00	3.904495832150177e-01
1.750000000000000e+00	4.496141506396935e-01
1.750000000000000e+00	4.302612433717382e-01
1.750000000000000e+00	3.835829810142034e-01
1.750000000000000e+00	3.684786805725158e-01
1.750000000000000e+00	3.754685064052795e-01
1.750000000000000e+00	3.726746855247094e-01
1.750000000000000e+00	4.830297790377198e-01
1.750000000000000e+00	3.614450553046352e-01
1.750000000000000e+00	3.004620701702569e-01
1.750000000000000e+00	3.456952413589204e-01
1.750000000000000e+00	3.448029915394283e-01
1.750000000000000e+00	3.478715992851903e-01
1.750000000000000e+00	4.051215544484028e-01
1.750000000000000e+00	3.539201113450594e-01
1.750000000000000e+00	3.643263626718082e-01
1.750000000000000e+00	3.973409559480727e-01
1.750000000000000e+00	4.164916489968407e-01
1.750000000000000e+00	4.507261950578427e-01
1.750000000000000e+00	3.469786333225683e-01
1.750000000000000e+00	4.064244463581695e-01
1.750000000000000e+00	4.410385496110359e-01
1.750000000000000e+00	4.204548738147137e-01
1.750000000000000e+00	3.267802841277155e-01
1.750000000000000e+00	3.750069625491475e-01
1.750000000000000e+00	3.817393965567929e-01
1.750000000000000e+00	4.500581836929353e-01
1.750000000000000e+00	4.199423260647430e-01
1.750000000000000e+00	4.242491946000427e-01
1.750000000000000e+00	3.463681635173991e-01
1.750000000000000e+00	3.406741349848180e-01
1.750000000000000e+00	4.257219730282482e-01
1.750000000000000e+00	3.896115893477531e-01
1.750000000000000e+00	3.930536823644362e-01
1.750000000000000e+00	4.334393562788753e-01
1.750000000000000e+00	3.811519899642039e-01
1.750000000000000e+00	4.059601994955308e-01
1.750000000000000e+00	3.216599634387529e-01
1.750000000000000e+00	3.452909067147150e-01
1.750000000000000e+00	4.177945290205486e-01
1.750000000000000e+00	4.237368264232887e-01
1.750000000000000e+00	4.261243594993991e-01
1.750000000000000e+00	4.786772112746182e-01
1.750000000000000e+00	4.010328240963049e-01
1.750000000000000e+00	3.479083972678990e-01
1.750000000000000e+00	3.700365845323611e-01
1.750000000000000e+00	3.778564326990594e-01
1.750000000000000e+00	3.785452591229507e-01
1.750000000000000e+00	3.752254705124655e-01
1.750000000000000e+00	4.220839614054943e-01
1.750000000000000e+00	3.627160534488107e-01
1.750000000000000e+00	4.230118465696819e-01
1.750000000000000e+00	3.659046078419256e-01
1.750000000000000e+00	3.655054804198706e-01
1.750000000000000e+00	4.320996999906965e-01
1.750000000000000e+00	4.571218301716603e-01
1.750000000000000e+00	3.343051794729597e-01
1.750000000000000e+00	4.147544478812764e-01
1.750000000000000e+00	4.206779410138664e-01
1.750000000000000e+00	4.469136238640494e-01
1.750000000000000e+00	4.374933650356930e-01
1.750000000000000e+00	3.258910750874509e-01
1.750000000000000e+00	3.745020616838484e-01
1.750000000000000e+00	3.438398940386513e-01
1.750000000000000e+00	3.450889990395847e-01
1.750000000000000e+00	4.373012547696715e-01
1.750000000000000e+00	3.776209119132260e-01
1.750000000000000e+00	4.050106410737506e-01
1.750000000000000e+00	3.586032168889840e-01
1.750000000000000e+00	3.373977952131309e-01
1.750000000000000e+00	3.990133714488717e-01
1.750000000000000e+00	3.790623166815234e-01
1.750000000000000e+00	4.108898414028793e-01
1.750000000000000e+00	3.715925649515328e-01
1.750000000000000e+00	3.979768217006447e-01
1.750000000000000e+00	4.158792897979928e-01
1.750000000000000e+00	3.598249555895620e-01
1.750000000000000e+00	3.437038065909098e-01
1.750000000000000e+00	4.313410380256245e-01
1.750000000000000e+00	4.253419000411125e-01
1.750000000000000e+00	3.983770353601154e-01
1.750000000000000e+00	3.245004338555780e-01
1.750000000000000e+00	3.532837143470984e-01
1.750000000000000e+00	3.375560075279691e-01
1.750000000000000e+00	3.211481976613628e-01
1.750000000000000e+00	3.877001279252378e-01
1.750000000000000e+00	3.688745609032002e-01
1.750000000000000e+00	4.016120687947213e-01
1.750000000000000e+00	3.856230063294384e-01
1.750000000000000e+00	3.653733122845990e-01
1.750000000000000e+00	3.846107353628974e-01
1.750000000000000e+00	4.097160368752480e-01
1.750000000000000e+00	4.528103733501568e-01
1.750000000000000e+00	3.919755283171434e-01
1.750000000000000e+00	3.983519321112149e-01
1.750000000000000e+00	3.741801776524616e-01
1.750000000000000e+00	3.631989013963310e-01
1.750000000000000e+00	3.792063181079625e-01
1.750000000000000e+00	3.901278090367114e-01
1.750000000000000e+00	4.377570748637735e-01
1.750000000000000e+00	4.397290173393828e-01
1.750000000000000e+00	4.366538037567469e-01
1.750000000000000e+00	3.436245666764016e-01
1.750000000000000e+00	5.106026866852520e-01
1.750000000000000e+00	3.876139263961440e-01
1.750000000000000e+00	3.233489522858973e-01
1.750000000000000e+00	3.667108693470997e-01
1.750000000000000e+00	4.173168786402949e-01
1.750000000000000e+00	3.393018505374971e-01
1.750000000000000e+00	3.440339305527626e-01
1.750000000000000e+00	3.978729876444113e-01
1.750000000000000e+00	3.600483505850773e-01
1.750000000000000e+00	3.646342634634323e-01
1.750000000000000e+00	3.641961093469179e-01
1.750000000000000e+00	4.411795634282046e-01
1.750000000000000e+00	3.586508768039267e-01
1.750000000000000e+00	3.643995927873926e-01
1.750000000000000e+00	4.242792888580008e-01
1.750000000000000e+00	3.648725649856279e-01
1.750000000000000e+00	3.226026605650165e-01
1.750000000000000e+00	4.000433594001591e-01
1.750000000000000e+00	4.440087148916092e-01
1.750000000000000e+00	4.252600840728351e-01
1.750000000000000e+00	3.269110283808432e-01
1.750000000000000e+00	3.908078649717702e-01
1.750000000000000e+00	4.422420462695555e-01
1.750000000000000e+00	3.726347718980329e-01
1.750000000000000e+00	3.801091353136417e-01
1.750000000000000e+00	3.087191894132566e-01
1.750000000000000e+00	3.900243661150425e-01
1.750000000000000e+00	3.431040091223323e-01
1.750000000000000e+00	4.626384501926317e-01
1.750000000000000e+00	3.839657401855197e-01
1.750000000000000e+00	4.033822258304108e-01
1.750000000000000e+00	4.149898481997100e-01
1.750000000000000e+00	4.176109407981753e-01
1.750000000000000e+00	3.805209665976486e-01
1.750000000000000e+00	3.186957889760740e-01
1.750000000000000e+00	4.284549792676058e-01
1.750000000000000e+00	3.880843182705134e-01
1.750000000000000e+00	4.337578731225298e-01
1.750000000000000e+00	3.725384178905803e-01
1.750000000000000e+00	3.190297049464025e-01
1.750000000000000e+00	3.514002346789671e-01
1.750000000000000e+00	4.633691949123499e-01
1.750000000000000e+00	4.189645691722041e-01
1.750000000000000e+00	3.638903577556301e-01
1.750000000000000e+00	4.091084726961253e-01
1.750000000000000e+00	3.482235247171085e-01
1.750000000000000e+00	4.053994173892708e-01
1.750000000000000e+00	3.546114377231394e-01
1.750000000000000e+00	4.158626851865660e-01
1.750000000000000e+00	3.829279642375169e-01
1.750000000000000e+00	3.471388006393148e-01
1.750000000000000e+00	3.638505497796914e-01
1.750000000000000e+00	4.299138951472109e-01
1.750000000000000e+00	3.281440249138263e-01
1.750000000000000e+00	4.615792131210076e-01
1.750000000000000e+00	4.289111132340654e-01
1.750000000000000e+00	4.205086889056637e-01
1.750000000000000e+00	3.464506015910208e-01
1.750000000000000e+00	4.269922536268994e-01
1.750000000000000e+00	3.488615453491488e-01
1.750000000000000e+00	4.440453655958423e-01
1.750000000000000e+00	4.112075178746973e-01
1.750000000000000e+00	4.504832931616116e-01
1.750000000000000e+00	4.039425354250395e-01
1.750000000000000e+00	4.003858562778186e-01
1.750000000000000e+00	3.384787294227017e-01
1.750000000000000e+00	3.766692743347513e-01
1.750000000000000e+00	3.535485629753607e-01
1.750000000000000e+00	4.387096172289622e-01
1.750000000000000e+00	4.283228439163150e-01
1.750000000000000e+00	4.122554666582196e-01
1.750000000000000e+00	3.978648536971969e-01
1.750000000000000e+00	4.203635154860456e-01
1.750000000000000e+00	3.150011681588578e-01
1.750000000000000e+00	4.056135673825348e-01
1.750000000000000e+00	4.378795065064117e-01
1.750000000000000e+00	3.987183318835369e-01
1.750000000000000e+00	3.403349718458784e-01
1.750000000000000e+00	4.140007562156767e-01
1.750000000000000e+00	3.550915453033135e-01
1.750000000000000e+00	3.408291585102630e-01
1.750000000000000e+00	3.602440307744560e-01
1.750000000000000e+00	3.795613842652297e-01
1.750000000000000e+00	3.624574272781750e-01
1.750000000000000e+00	4.343425025842040e-01
1.750000000000000e+00	3.551400183965113e-01
1.750000000000000e+00	3.630361194552106e-01
1.750000000000000e+00	3.338926804593799e-01
1.750000000000000e+00	3.334589356653481e-01
1.750000000000000e+00	3.999137224732223e-01
1.750000000000000e+00	4.017580703861393e-01
1.750000000000000e+00	3.691363883561414e-01
1.750000000000000e+00	4.124975684711609e-01
1.750000000000000e+00	4.189282842153114e-01
1.750000000000000e+00	3.564157390823558e-01
1.750000000000000e+00	3.096688535623839e-01
1.750000000000000e+00	3.073609534030111e-01
1.750000000000000e+00	4.671860039724989e-01
1.750000000000000e+00	4.013604680519174e-01
1.750000000000000e+00	3.802623274764217e-01
1.750000000000000e+00	3.572735357813853e-01
1.750000000000000e+00	3.570090621420772e-01
1.750000000000000e+00	3.972144487222632e-01
1.750000000000000e+00	4.208633515919589e-01
1.750000000000000e+00	4.035827953032054e-01
1.750000000000000e+00	3.636159419334436e-01
1.750000000000000e+00	4.010741001446325e-01
1.750000000000000e+00	3.830634079557860e-01
1.750000000000000e+00	3.268470478065209e-01
1.750000000000000e+00	4.036956013862655e-01
1.750000000000000e+00	3.566318348535176e-01
1.750000000000000e+00	4.275010559471622e-01
1.750000000000000e+00	3.471046897846740e-01
1.750000000000000e+00	4.116447825080194e-01
1.750000000000000e+00	3.995511660135409e-01
1.750000000000000e+00	3.705042130416479e-01
1.750000000000000e+00	3.717968526259676e-01
1.750000000000000e+00	3.815986278621740e-01
1.750000000000000e+00	3.655662630961272e-01
1.750000000000000e+00	3.894148303406473e-01
1.750000000000000e+00	2.764114901391663e-01
1.750000000000000e+00	3.835563612437918e-01
1.750000000000000e+00	3.435282962983370e-01
1.750000000000000e+00	3.995331081502423e-01
1.750000000000000e+00	3.469658096700290e-01
1.750000000000000e+00	4.274084880810297e-01
1.750000000000000e+00	3.821234160909098e-01
1.750000000000000e+00	3.580108992462294e-01
1.750000000000000e+00	3.778693532772454e-01
1.750000000000000e+00	3.583177647343909e-01
1.750000000000000e+00	3.824842003232019e-01
1.750000000000000e+00	3.659795269309251e-01
1.750000000000000e+00	4.060699060433706e-01
1.750000000000000e+00	3.951293110713804e-01
1.750000000000000e+00	4.109558938015842e-01
1.750000000000000e+00	4.333226888655283e-01
1.750000000000000e+00	3.191675365469970e-01
1.750000000000000e+00	3.750531833303999e-01
1.750000000000000e+00	3.656368055985648e-01
1.750000000000000e+00	4.356645083504164e-01
1.750000000000000e+00	4.343721503183355e-01
1.750000000000000e+00	4.588927049340997e-01
1.750000000000000e+00	4.140320991019761e-01
1.750000000000000e+00	4.218606561610228e-01
1.750000000000000e+00	4.543241441886818e-01
1.750000000000000e+00	3.858734482981269e-01
1.750000000000000e+00	3.162251434550320e-01
1.750000000000000e+00	4.135999310917572e-01
1.750000000000000e+00	4.317720385187805e-01
1.750000000000000e+00	3.959715504227164e-01
1.750000000000000e+00	4.241501773345224e-01
1.750000000000000e+00	3.944134046405772e-01
1.750000000000000e+00	4.645296426241474e-01
1.750000000000000e+00	4.393227207670792e-01
1.750000000000000e+00	3.483308100471856e-01
1.750000000000000e+00	4.275945164963115e-01
1.750000000000000e+00	3.925660824114071e-01
1.750000000000000e+00	3.260598032252970e-01
1.750000000000000e+00	3.957124346103421e-01
1.750000000000000e+00	4.662811988301077e-01
1.750000000000000e+00	4.523027047129075e-01
1.750000000000000e+00	3.983041332458999e-01
1.750000000000000e+00	4.448203421554404e-01
1.750000000000000e+00	4.466210515989096e-01
1.750000000000000e+00	3.629495323329123e-01
1.750000000000000e+00	3.714541168544046e-01
1.750000000000000e+00	4.001533878923204e-01
1.750000000000000e+00	3.990219640913484e-01
1.750000000000000e+00	4.055086374364319e-01
1.750000000000000e+00	3.381187786953648e-01
1.750000000000000e+00	3.776996093130802e-01
1.750000000000000e+00	4.101557503413574e-01
1.750000000000000e+00	3.938448496615476e-01
1.750000000000000e+00	4.032565639534912e-01
1.750000000000000e+00	4.125788522853722e-01
1.750000000000000e+00	3.845557128432637e-01
1.750000000000000e+00	4.819389686389862e-01
1.750000000000000e+00	3.792792411270653e-01
1.750000000000000e+00	4.425806055725402e-01
1.750000000000000e+00	4.734313380143432e-01
1.750000000000000e+00	3.359579260242671e-01
1.750000000000000e+00	4.022616271376686e-01
1.750000000000000e+00	4.414109191156054e-01
1.750000000000000e+00	4.177668804836356e-01
1.750000000000000e+00	4.838701818416792e-01
1.750000000000000e+00	3.361074041174530e-01
1.750000000000000e+00	3.462223209408876e-01
1.750000000000000e+00	3.992315696807692e-01
1.750000000000000e+00	3.198958947880673e-01
1.750000000000000e+00	3.304647332266651e-01
1.750000000000000e+00	4.452474343946692e-01
1.750000000000000e+00	4.440786454979606e-01
1.750000000000000e+00	3.779388838730448e-01
1.750000000000000e+00	4.665189947077089e-01
1.750000000000000e+00	3.933269444362394e-01
1.750000000000000e+00	4.361237051369123e-01
1.750000000000000e+00	4.026549051246466e-01
1.750000000000000e+00	3.997424450556772e-01
1.750000000000000e+00	3.792631803575465e-01
1.750000000000000e+00	3.787183261916608e-01
1.750000000000000e+00	3.929698965681819e-01
1.750000000000000e+00	3.299747711786376e-01
1.750000000000000e+00	4.235057750601113e-01
1.750000000000000e+00	4.605978904165738e-01
1.750000000000000e+00	3.896484779073837e-01
1.750000000000000e+00	4.138011163899446e-01
1.750000000000000e+00	3.948581145006548e-01
1.750000000000000e+00	3.739924246337327e-01
1.750000000000000e+00	4.118010991359613e-01
1.750000000000000e+00	3.140043514103126e-01
1.750000000000000e+00	3.918238564591837e-01
1.750000000000000e+00	3.858923142665670e-01
1.750000000000000e+00	3.759956514000657e-01
1.750000000000000e+00	3.757072163424172e-01
1.750000000000000e+00	3.973086381406516e-01
1.750000000000000e+00	3.947487890196235e-01
1.750000000000000e+00	3.934674292043974e-01
1.750000000000000e+00	3.695490633800427e-01
1.750000000000000e+00	4.408250426019741e-01
1.750000000000000e+00	3.756970110370121e-01
1.750000000000000e+00	3.516520640288122e-01
1.750000000000000e+00	3.895875631635440e-01
1.750000000000000e+00	4.331488383193589e-01
1.750000000000000e+00	4.595120354715128e-01
1.750000000000000e+00	3.790870433010749e-01
1.750000000000000e+00	4.471382870958608e-01
1.750000000000000e+00	4.620445011832835e-01
1.750000000000000e+00	3.583932062922087e-01
1.750000000000000e+00	3.520009357606764e-01
1.750000000000000e+00	3.986084387689952e-01
1.750000000000000e+00	3.661948314304255e-01
1.750000000000000e+00	3.534548168717735e-01
1.750000000000000e+00	4.723201759021183e-01
1.750000000000000e+00	4.041837421531742e-01
1.750000000000000e+00	3.934052172552013e-01
1.750000000000000e+00	3.892614892061786e-01
1.750000000000000e+00	4.126788519640922e-01
1.750000000000000e+00	3.782934157342802e-01
1.750000000000000e+00	3.478563490443213e-01
1.750000000000000e+00	3.700242611861244e-01
1.750000000000000e+00	3.938446972910350e-01
1.750000000000000e+00	3.601170021424687e-01
1.750000000000000e+00	4.432879246921758e-01
1.750000000000000e+00	4.117571337148186e-01
1.750000000000000e+00	4.020530791210948e-01
1.750000000000000e+00	3.862401689914356e-01
1.750000000000000e+00	3.903159859313798e-01
1.750000000000000e+00	3.640249657967530e-01
1.750000000000000e+00	3.626493041894969e-01
1.750000000000000e+00	4.041428584157415e-01
1.750000000000000e+00	3.974454960147840e-01
1.750000000000000e+00	3.494146663851442e-01
1.750000000000000e+00	4.088732676086319e-01
1.750000000000000e+00	3.627526099679994e-01
1.750000000000000e+00	3.806324781351948e-01
1.750000000000000e+00	3.841548557514567e-01
1.750000000000000e+00	3.466779876544029e-01
1.750000000000000e+00	3.637906243000649e-01
1.750000000000000e+00	3.903370527468981e-01
1.750000000000000e+00	3.809863401218432e-01
1.750000000000000e+00	4.452114717788745e-01
1.750000000000000e+00	3.623398863505906e-01
1.750000000000000e+00	3.704803773285737e-01
1.750000000000000e+00	4.040216859027024e-01
1.750000000000000e+00	3.995106717975480e-01
1.750000000000000e+00	3.912561777400237e-01
1.750000000000000e+00	3.727551807531442e-01
1.750000000000000e+00	3.979706650818310e-01
1.750000000000000e+00	4.068559531212281e-01
1.750000000000000e+00	3.947682079907174e-01
1.750000000000000e+00	4.442143444286651e-01
1.750000000000000e+00	3.586591442667567e-01
1.750000000000000e+00	4.336305258341353e-01
1.750000000000000e+00	3.777457203946897e-01
1.750000000000000e+00	3.541992534791586e-01
1.750000000000000e+00	3.522546112944960e-01
1.750000000000000e+00	3.844538267946622e-01
1.750000000000000e+00	3.973389861525343e-01
1.750000000000000e+00	3.673379151102048e-01
1.750000000000000e+00	4.087098746067237e-01
1.750000000000000e+00	4.568111329209401e-01
1.750000000000000e+00	4.004191361787514e-01
1.750000000000000e+00	3.413820809166485e-01
1.750000000000000e+00	3.666564348646625e-01
1.750000000000000e+00	3.942035195820508e-01
1.750000000000000e+00	3.854596455921606e-01
1.750000000000000e+00	3.688500799294459e-01
1.750000000000000e+00	3.528468275860475e-01
1.750000000000000e+00	4.116624832702312e-01
1.750000000000000e+00	4.012936297033337e-01
1.750000000000000e+00	3.905208268574148e-01
1.750000000000000e+00	3.940220628796497e-01
1.750000000000000e+00	4.186777932701722e-01
1.750000000000000e+00	4.269738903608022e-01
1.750000000000000e+00	4.054227939680888e-01
1.750000000000000e+00	3.736023928148592e-01
1.750000000000000e+00	3.566398104220216e-01
1.750000000000000e+00	3.940645761976743e-01
1.750000000000000e+00	4.045956225079934e-01
1.750000000000000e+00	4.312871365532820e-01
1.750000000000000e+00	3.505173765947021e-01
1.750000000000000e+00	3.900861901890889e-01
1.750000000000000e+00	3.411235314467000e-01
1.750000000000000e+00	3.559421418662603e-01
1.750000000000000e+00	4.093132631629459e-01
1.750000000000000e+00	3.617446428067304e-01
1.750000000000000e+00	3.925269303662293e-01
1.750000000000000e+00	3.536043314313594e-01
1.750000000000000e+00	4.538930083910088e-01
1.750000000000000e+00	3.759936004294541e-01
1.750000000000000e+00	3.776808485565283e-01
1.750000000000000e+00	4.110170717844946e-01
1.750000000000000e+00	4.073428865303501e-01
1.750000000000000e+00	4.238496992699053e-01
1.750000000000000e+00	3.815643522466237e-01
1.750000000000000e+00	3.784163017630451e-01
1.750000000000000e+00	3.606278452130822e-01
1.750000000000000e+00	4.267067207145303e-01
1.750000000000000e+00	3.980778661071345e-01
1.750000000000000e+00	3.863793782610172e-01
1.750000000000000e+00	4.294504590817238e-01
1.750000000000000e+00	4.483346507458084e-01
1.750000000000000e+00	3.868281974103415e-01
1.750000000000000e+00	3.987715167583926e-01
1.750000000000000e+00	4.187739381324241e-01
1.750000000000000e+00	3.948257883976574e-01
1.750000000000000e+00	4.229644165261611e-01
1.750000000000000e+00	3.231064503246286e-01
1.750000000000000e+00	3.894102689435961e-01
1.750000000000000e+00	3.614134429843739e-01
1.750000000000000e+00	4.206035000644474e-01
1.750000000000000e+00	4.483252333129246e-01
1.750000000000000e+00	4.071382645239078e-01
1.750000000000000e+00	4.012540528811228e-01
1.750000000000000e+00	3.911127895379856e-01
1.750000000000000e+00	3.244966348991902e-01
1.750000000000000e+00	3.968224437984904e-01
1.750000000000000e+00	3.256550838012657e-01
1.750000000000000e+00	4.164172373777565e-01
1.750000000000000e+00	4.186421437140490e-01
1.750000000000000e+00	3.594279497796771e-01
1.750000000000000e+00	3.783835866585975e-01
1.750000000000000e+00	3.613790472189468e-01
1.750000000000000e+00	3.401308447725886e-01
1.750000000000000e+00	3.918506406510839e-01
1.750000000000000e+00	3.615413238377664e-01
1.750000000000000e+00	3.996082965882444e-01
1.750000000000000e+00	4.090154305317590e-01
1.750000000000000e+00	3.585056886145827e-01
1.750000000000000e+00	3.959950653403327e-01
1.750000000000000e+00	4.002327557866058e-01
1.750000000000000e+00	4.368861557094838e-01
1.750000000000000e+00	3.803381974242395e-01
1.750000000000000e+00	3.944046338153398e-01
1.750000000000000e+00	4.185810861229023e-01
1.750000000000000e+00	4.026725127330045e-01
1.750000000000000e+00	4.311195521151248e-01
1.750000000000000e+00	4.116327191439416e-01
1.750000000000000e+00	4.022313009754970e-01
1.750000000000000e+00	3.968742571975921e-01
1.750000000000000e+00	3.773667986411978e-01
1.750000000000000e+00	4.255963898034071e-01
1.750000000000000e+00	3.997390524758861e-01
1.750000000000000e+00	3.814914853148377e-01
1.750000000000000e+00	3.704540548106967e-01
1.750000000000000e+00	4.346709569214289e-01
1.750000000000000e+00	3.807029051949490e-01
1.750000000000000e+00	3.430045208777453e-01
1.750000000000000e+00	3.984565235221493e-01
1.750000000000000e+00	4.200678231296458e-01
1.750000000000000e+00	4.014480062048750e-01
1.750000000000000e+00	4.349851335923754e-01
1.750000000000000e+00	3.478995476055566e-01
1.750000000000000e+00	3.867906071881824e-01
1.750000000000000e+00	3.550498024146376e-01
1.750000000000000e+00	3.882553474389848e-01
1.750000000000000e+00	3.970177102770890e-01
1.750000000000000e+00	3.933552221550617e-01
1.750000000000000e+00	3.887600739056570e-01
1.750000000000000e+00	3.550056829021335e-01
1.750000000000000e+00	3.819957259090612e-01
1.750000000000000e+00	4.051649795723083e-01
1.750000000000000e+00	4.617420100573412e-01
1.750000000000000e+00	4.005017331019906e-01
1.750000000000000e+00	4.115154954693423e-01
1.750000000000000e+00	4.194633684687925e-01
1.750000000000000e+00	3.901004879265466e-01
1.750000000000000e+00	4.083271762494620e-01
1.750000000000000e+00	4.160797319271418e-01
1.750000000000000e+00	4.078744914746126e-01
1.750000000000000e+00	4.260157671116900e-01
1.750000000000000e+00	3.977621190577916e-01
1.750000000000000e+00	3.256758318645633e-01
1.750000000000000e+00	4.194769047851417e-01
1.750000000000000e+00	3.622859311878177e-01
1.750000000000000e+00	4.026141850851588e-01
1.750000000000000e+00	3.054016657126040e-01
1.750000000000000e+00	4.058006229070241e-01
1.750000000000000e+00	3.622105505753053e-01
1.750000000000000e+00	3.934077941897746e-01
1.750000000000000e+00	3.660064686383697e-01
1.750000000000000e+00	3.310230134973804e-01
1.750000000000000e+00	4.167494970410698e-01
1.750000000000000e+00	3.258848694102647e-01
1.750000000000000e+00	3.917012170264779e-01
1.750000000000000e+00	4.840303224803014e-01
1.750000000000000e+00	3.880916273075430e-01
1.750000000000000e+00	3.468795091362272e-01
1.750000000000000e+00	4.153495475645679e-01
1.750000000000000e+00	4.938261137229819e-01
1.750000000000000e+00	3.753449630543830e-01
1.750000000000000e+00	3.700510541611373e-01
1.750000000000000e+00	4.549729125552521e-01
1.750000000000000e+00	4.044877398278764e-01
1.750000000000000e+00	3.841237987385455e-01
1.750000000000000e+00	4.615439345411289e-01
1.750000000000000e+00	3.929250215582578e-01
1.750000000000000e+00	2.896804240400966e-01
1.750000000000000e+00	4.160866305013864e-01
1.750000000000000e+00	4.506506970767408e-01
1.750000000000000e+00	3.642456018620865e-01
1.750000000000000e+00	3.702817917155157e-01
1.750000000000000e+00	4.150730289670793e-01
1.750000000000000e+00	4.269708363205912e-01
1.750000000000000e+00	4.233144711526443e-01
1.750000000000000e+00	4.522786643954157e-01
1.750000000000000e+00	4.142762278009773e-01
1.750000000000000e+00	3.522046283920791e-01
1.750000000000000e+00	4.098302032825712e-01
1.750000000000000e+00	4.074423070871747e-01
1.750000000000000e+00	3.675663055186692e-01
1.750000000000000e+00	3.554840039411180e-01
1.750000000000000e+00	4.218890695010955e-01
1.750000000000000e+00	4.202325234569495e-01
1.750000000000000e+00	3.565127128125208e-01
1.750000000000000e+00	3.006869537650747e-01
1.750000000000000e+00	3.581903931816522e-01
1.750000000000000e+00	4.682718049841523e-01
1.750000000000000e+00	4.078463724924110e-01
1.750000000000000e+00	3.453826669374327e-01
1.750000000000000e+00	4.243329647864447e-01
1.750000000000000e+00	4.558971149008617e-01
1.750000000000000e+00	3.864280385357609e-01
1.750000000000000e+00	3.775998842009055e-01
1.750000000000000e+00	3.899388595435944e-01
1.750000000000000e+00	4.024339536806169e-01
1.750000000000000e+00	4.281771440114513e-01
1.750000000000000e+00	3.620215445099473e-01
1.750000000000000e+00	4.083705463897454e-01
1.750000000000000e+00	3.406265299324991e-01
1.750000000000000e+00	4.890587545200574e-01
1.750000000000000e+00	3.856465204043972e-01
1.750000000000000e+00	3.993786234089564e-01
1.750000000000000e+00	3.122122941253689e-01
1.750000000000000e+00	4.451301289001096e-01
1.750000000000000e+00	3.752442546899881e-01
1.750000000000000e+00	4.098010362745347e-01
1.750000000000000e+00	4.295234993457940e-01
1.750000000000000e+00	3.297450062185672e-01
1.750000000000000e+00	3.932461782435133e-01
1.750000000000000e+00	4.312267647185264e-01
1.750000000000000e+00	3.986697357340289e-01
1.750000000000000e+00	3.783206992576768e-01
1.750000000000000e+00	3.875229214096474e-01
1.750000000000000e+00	3.612788459571951e-01
1.750000000000000e+00	3.225861489740882e-01
1.750000000000000e+00	3.952013545344832e-01
1.750000000000000e+00	3.080362981713167e-01
1.750000000000000e+00	4.024943455871183e-01
1.750000000000000e+00	3.227906724618050e-01
1.750000000000000e+00	3.469543917726953e-01
1.750000000000000e+00	3.926860910264662e-01
1.750000000000000e+00	4.136714833890400e-01
1.750000000000000e+00	3.927406139448976e-01
1.750000000000000e+00	3.721875733591384e-01
1.750000000000000e+00	3.605227523594587e-01
1.750000000000000e+00	4.375701187277622e-01
1.750000000000000e+00	4.703912547510104e-01
1.750000000000000e+00	4.101588783147298e-01
1.750000000000000e+00	4.062086164547126e-01
1.750000000000000e+00	4.103063331902179e-01
1.750000000000000e+00	3.226887341985431e-01
1.750000000000000e+00	4.313408455311049e-01
1.750000000000000e+00	3.311536207219960e-01
1.750000000000000e+00	3.644533044629677e-01
1.750000000000000e+00	4.317540670093045e-01
1.750000000000000e+00	4.135739822230173e-01
1.750000000000000e+00	3.592580601982713e-01
1.750000000000000e+00	3.697321380757161e-01
1.750000000000000e+00	3.522548665675417e-01
1.750000000000000e+00	4.105361642393219e-01
1.750000000000000e+00	3.941220747664782e-01
1.750000000000000e+00	4.090867325197575e-01
1.750000000000000e+00	4.414898753509310e-01
1.750000000000000e+00	3.741232066003043e-01
1.750000000000000e+00	4.057579876332984e-01
1.750000000000000e+00	4.172658258666640e-01
1.750000000000000e+00	3.861924144932473e-01
1.750000000000000e+00	3.678123164137599e-01
1.750000000000000e+00	4.007374348886295e-01
1.750000000000000e+00	3.397438147913827e-01
1.750000000000000e+00	3.943477227764983e-01
1.750000000000000e+00	2.875134534589961e-01
1.750000000000000e+00	4.141620374775211e-01
1.750000000000000e+00	3.731548341832159e-01
1.750000000000000e+00	3.840217428897377e-01
1.750000000000000e+00	3.965788562041583e-01
1.750000000000000e+00	3.854312047570887e-01
1.750000000000000e+00	3.736877123271983e-01
1.750000000000000e+00	4.012788228908311e-01
1.750000000000000e+00	3.195958304204288e-01
1.750000000000000e+00	3.843230417761385e-01
1.750000000000000e+00	4.465619968573263e-01
1.750000000000000e+00	4.252204280405117e-01
1.750000000000000e+00	4.273114387219251e-01
1.750000000000000e+00	3.600692959537135e-01
1.750000000000000e+00	3.895185100832155e-01
1.750000000000000e+00	3.249707658332729e-01
1.750000000000000e+00	3.019082781384846e-01
1.750000000000000e+00	4.121584057060652e-01
1.750000000000000e+00	3.868422366113735e-01
1.750000000000000e+00	3.898384979388489e-01
1.750000000000000e+00	4.428730519445214e-01
1.750000000000000e+00	4.324269197816010e-01
1.750000000000000e+00	3.896899756956413e-01
1.750000000000000e+00	4.807820366247342e-01
1.750000000000000e+00	3.600785635064246e-01
1.750000000000000e+00	4.072072670072566e-01
1.750000000000000e+00	3.177933807373559e-01
1.750000000000000e+00	3.766783049169877e-01
1.750000000000000e+00	4.208948500773514e-01
1.750000000000000e+00	4.109652189979707e-01
1.750000000000000e+00	4.106048740120971e-01
1.750000000000000e+00	4.318941698607382e-01
1.750000000000000e+00	4.090070516974801e-01
1.750000000000000e+00	4.335283389623945e-01
1.750000000000000e+00	3.783309187491708e-01
1.750000000000000e+00	3.344691751295810e-01
1.750000000000000e+00	3.347956784108169e-01
1.750000000000000e+00	4.040875333190727e-01
1.750000000000000e+00	4.133147692474578e-01
1.750000000000000e+00	4.418263372296631e-01
1.750000000000000e+00	4.160183728728407e-01
1.750000000000000e+00	3.376262343732824e-01
1.750000000000000e+00	3.867125423340421e-01
1.750000000000000e+00	3.657581536230973e-01
1.750000000000000e+00	3.973285138650831e-01
1.750000000000000e+00	4.644825682543409e-01
1.750000000000000e+00	3.662588280672950e-01
1.750000000000000e+00	3.863315539053396e-01
1.750000000000000e+00	4.219457574603791e-01
1.750000000000000e+00	2.978070467686084e-01
1.750000000000000e+00	4.303314831135399e-01
1.750000000000000e+00	3.790414374459032e-01
1.750000000000000e+00	3.728110288885844e-01
1.750000000000000e+00	3.147270405419899e-01
1.750000000000000e+00	3.375520825847363e-01
1.750000000000000e+00	3.682351642943235e-01
1.750000000000000e+00	3.579204961271240e-01
1.750000000000000e+00	3.743889426203136e-01
1.750000000000000e+00	4.046670632287997e-01
1.750000000000000e+00	3.932316213822609e-01
1.750000000000000e+00	3.611907815905764e-01
1.750000000000000e+00	4.576794104296280e-01
1.750000000000000e+00	4.308550757679636e-01
1.750000000000000e+00	4.315647808855628e-01
1.750000000000000e+00	4.375203120203022e-01
1.750000000000000e+00	4.035011548983982e-01
1.750000000000000e+00	3.879955464862986e-01
1.750000000000000e+00	3.439225920444198e-01
1.750000000000000e+00	3.471685757714882e-01
1.750000000000000e+00	4.155916695917439e-01
1.750000000000000e+00	5.138727940775253e-01
1.750000000000000e+00	3.982585712532820e-01
1.750000000000000e+00	4.000164466438396e-01
1.750000000000000e+00	4.099592987066782e-01
1.750000000000000e+00	4.265744179774207e-01
1.750000000000000e+00	3.507542235859394e-01
1.750000000000000e+00	3.525303241155338e-01
1.750000000000000e+00	4.173290177414766e-01
1.750000000000000e+00	3.744063707100413e-01
1.750000000000000e+00	3.475396418080456e-01
1.750000000000000e+00	4.358017279966104e-01
1.750000000000000e+00	3.044465541972053e-01
1.750000000000000e+00	3.271941233975966e-01
1.750000000000000e+00	4.122447968590008e-01
1.750000000000000e+00	3.653036952957994e-01
1.750000000000000e+00	4.415068279000429e-01
1.750000000000000e+00	4.261132499758794e-01
1.750000000000000e+00	2.885772709437976e-01
1.750000000000000e+00	3.937780191659281e-01
1.750000000000000e+00	4.440325260340899e-01
1.750000000000000e+00	3.460372787816132e-01
1.750000000000000e+00	3.304161338970784e-01
1.750000000000000e+00	3.798766016735093e-01
1.750000000000000e+00	3.966156105247268e-01
1.750000000000000e+00	4.370272277190043e-01
1.750000000000000e+00	3.779560080370887e-01
1.750000000000000e+00	4.091646642639925e-01
1.750000000000000e+00	3.796652125832692e-01
1.750000000000000e+00	4.303460984987218e-01
1.750000000000000e+00	3.274224940253779e-01
1.750000000000000e+00	3.588874575530454e-01
1.750000000000000e+00	4.193976005538545e-01
1.750000000000000e+00	2.754135078963454e-01
1.750000000000000e+00	4.215096847767816e-01
1.750000000000000e+00	3.693068073251872e-01
1.750000000000000e+00	4.332158081546082e-01
1.750000000000000e+00	3.695882040280453e-01
1.750000000000000e+00	3.954381453324267e-01
1.750000000000000e+00	5.015532698636369e-01
1.750000000000000e+00	4.100627136651658e-01
1.750000000000000e+00	3.492361489349539e-01
1.750000000000000e+00	3.454005973967303e-01
1.750000000000000e+00	3.648235509559055e-01
1.750000000000000e+00	4.020362075372481e-01
1.750000000000000e+00	4.246056624265816e-01
1.750000000000000e+00	3.805213888135561e-01
1.750000000000000e+00	3.709071131843837e-01
1.750000000000000e+00	3.815282704137540e-01
1.750000000000000e+00	4.919565745740112e-01
1.750000000000000e+00	3.500417838897086e-01
1.750000000000000e+00	3.765581355473928e-01
1.750000000000000e+00	4.073939984789711e-01
1.750000000000000e+00	3.489585806584667e-01
1.750000000000000e+00	3.739238455266372e-01
1.750000000000000e+00	4.220608772388686e-01
1.750000000000000e+00	3.838130664114287e-01
1.750000000000000e+00	4.021606898185998e-01
1.750000000000000e+00	3.650731305233916e-01
1.750000000000000e+00	3.770005527333367e-01
1.750000000000000e+00	4.653654045411358e-01
1.750000000000000e+00	3.923945988879551e-01
1.750000000000000e+00	3.917929969324202e-01
1.750000000000000e+00	3.736381321971657e-01
1.750000000000000e+00	3.783876088205279e-01
1.750000000000000e+00	3.780143683651677e-01
1.750000000000000e+00	3.639372467879735e-01
1.750000000000000e+00	4.107276657704981e-01
1.750000000000000e+00	3.956613841434614e-01
1.750000000000000e+00	3.326458720139029e-01
1.750000000000000e+00	4.396362225011943e-01
1.750000000000000e+00	4.383048685221827e-01
1.750000000000000e+00	3.136114418609047e-01
1.750000000000000e+00	3.841848153722525e-01
1.750000000000000e+00	3.860331963041325e-01
1.750000000000000e+00	3.650870364992188e-01
1.750000000000000e+00	2.865832808902777e-01
1.750000000000000e+00	3.174814207919418e-01
1.750000000000000e+00	4.443071234283228e-01
1.750000000000000e+00	3.148543672604628e-01
1.750000000000000e+00	3.815745067749072e-01
1.750000000000000e+00	4.087016051652153e-01
1.750000000000000e+00	4.245566215886209e-01
1.750000000000000e+00	4.395365707835364e-01
1.750000000000000e+00	3.364031647637326e-01
1.750000000000000e+00	3.228908789644016e-01
1.750000000000000e+00	3.932437840724984e-01
1.750000000000000e+00	3.951491471614855e-01
1.750000000000000e+00	3.612596925629950e-01
1.750000000000000e+00	3.830587509715137e-01
1.750000000000000e+00	4.266104399162928e-01
1.750000000000000e+00	3.189686438960365e-01
1.750000000000000e+00	3.315116967175095e-01
1.750000000000000e+00	3.542244634718113e-01
1.750000000000000e+00	3.320692678360780e-01
1.750000000000000e+00	4.278990599597844e-01
1.750000000000000e+00	4.180589327993888e-01
1.750000000000000e+00	3.511575765593533e-01
1.750000000000000e+00	3.817564231568037e-01
1.750000000000000e+00	3.162287138614476e-01
1.750000000000000e+00	4.220842122318039e-01
1.750000000000000e+00	4.529323514579954e-01
1.750000000000000e+00	4.249274555999791e-01
1.750000000000000e+00	4.604773538484889e-01
1.750000000000000e+00	4.046709577201001e-01
1.750000000000000e+00	3.592635798031799e-01
1.750000000000000e+00	3.927238912500774e-01
1.750000000000000e+00	3.607956007212526e-01
1.750000000000000e+00	3.856701053937877e-01
1.750000000000000e+00	3.802617525225996e-01
1.750000000000000e+00	3.783919091715607e-01
1.750000000000000e+00	3.668866055993499e-01
1.750000000000000e+00	4.536149202494460e-01
1.750000000000000e+00	4.288606202960562e-01
1.750000000000000e+00	4.279942694697242e-01
1.750000000000000e+00	3.866069091799363e-01
1.750000000000000e+00	4.471806529345085e-01
1.750000000000000e+00	3.115931841694159e-01
1.750000000000000e+00	4.504457558228633e-01
1.750000000000000e+00	3.901492548853114e-01
1.750000000000000e+00	3.717836017677916e-01
1.750000000000000e+00	3.160863244882226e-01
1.750000000000000e+00	3.708324419568652e-01
1.750000000000000e+00	3.565323138200350e-01
1.750000000000000e+00	3.576339950202237e-01
1.750000000000000e+00	4.268459422355769e-01
1.750000000000000e+00	3.431271170558586e-01
1.750000000000000e+00	3.556238207362247e-01
1.750000000000000e+00	4.106812516855741e-01
1.750000000000000e+00	4.227378322986375e-01
1.750000000000000e+00	4.496149984262944e-01
1.750000000000000e+00	3.793086305299538e-01
1.750000000000000e+00	4.072682723850109e-01
1.750000000000000e+00	4.254723308411146e-01
1.750000000000000e+00	3.453597323256625e-01
1.750000000000000e+00	3.472372720531892e-01
1.750000000000000e+00	3.623816999380628e-01
1.750000000000000e+00	4.129083350416153e-01
1.750000000000000e+00	3.779934662651992e-01
1.750000000000000e+00	4.054740380175362e-01
1.750000000000000e+00	3.992134229858121e-01
1.750000000000000e+00	4.155313908219085e-01
1.750000000000000e+00	4.259881128081892e-01
1.750000000000000e+00	4.481374289459427e-01
1.750000000000000e+00	4.210806215767355e-01
1.750000000000000e+00	4.746026512264133e-01
1.750000000000000e+00	4.698442752865015e-01
1.750000000000000e+00	4.046280150762759e-01
1.750000000000000e+00	4.260914510757234e-01
1.750000000000000e+00	4.446652013878992e-01
1.750000000000000e+00	4.072351793496697e-01
1.750000000000000e+00	3.694900284442676e-01
1.750000000000000e+00	4.086523477055815e-01
1.750000000000000e+00	3.671691528511509e-01
1.750000000000000e+00	3.389075570319935e-01
1.750000000000000e+00	3.811077448026000e-01
1.750000000000000e+00	3.620801857790539e-01
1.750000000000000e+00	4.409988818559502e-01
1.750000000000000e+00	3.731592758117758e-01
1.750000000000000e+00	3.606193012117924e-01
1.750000000000000e+00	3.560319774051024e-01
1.750000000000000e+00	3.090777518532303e-01
1.750000000000000e+00	3.624544126021689e-01
1.750000000000000e+00	3.237273002084232e-01
1.750000000000000e+00	4.501388968514489e-01
1.750000000000000e+00	3.664848220337712e-01
1.750000000000000e+00	3.598629630426634e-01
1.750000000000000e+00	4.290107727230351e-01
1.750000000000000e+00	4.284993016156595e-01
1.750000000000000e+00	3.586264727110627e-01
1.750000000000000e+00	3.198009843595617e-01
1.750000000000000e+00	2.976639168039549e-01
1.750000000000000e+00	4.078177096374845e-01
1.750000000000000e+00	3.467908021161704e-01
1.750000000000000e+00	4.330713054589915e-01
1.750000000000000e+00	3.672316611616124e-01
1.750000000000000e+00	4.716530361180872e-01
1.750000000000000e+00	3.264388811168086e-01
1.750000000000000e+00	4.079988999813737e-01
1.750000000000000e+00	4.547570173514568e-01
1.750000000000000e+00	3.852275362159746e-01
1.750000000000000e+00	3.201589799105365e-01
1.750000000000000e+00	3.305655574368661e-01
1.750000000000000e+00	4.163269932316174e-01
1.750000000000000e+00	4.393290302584813e-01
1.750000000000000e+00	3.973839824768320e-01
1.750000000000000e+00	3.625854775276209e-01
1.750000000000000e+00	3.943528125542512e-01
1.750000000000000e+00	3.570761621470941e-01
1.750000000000000e+00	3.889744619412630e-01
1.750000000000000e+00	3.142129591016571e-01
1.750000000000000e+00	4.176288569249978e-01
1.750000000000000e+00	3.376659779136102e-01
1.750000000000000e+00	4.445651949934411e-01
1.750000000000000e+00	3.661137767858836e-01
1.750000000000000e+00	4.438414819385341e-01
1.750000000000000e+00	3.649603397957908e-01
1.750000000000000e+00	4.225258561501845e-01
1.750000000000000e+00	3.810546783689438e-01
1.750000000000000e+00	3.676392534062194e-01
1.750000000000000e+00	3.759406114602177e-01
1.750000000000000e+00	3.865063162266802e-01
1.750000000000000e+00	3.504329587127352e-01
1.750000000000000e+00	3.914178988417626e-01
1.750000000000000e+00	3.586143698031038e-01
1.750000000000000e+00	4.310034563631568e-01
1.750000000000000e+00	4.170030001286852e-01
1.750000000000000e+00	4.034902666367236e-01
1.750000000000000e+00	4.055454795536760e-01
1.750000000000000e+00	3.309235043824779e-01
1.750000000000000e+00	3.891538405556084e-01
1.750000000000000e+00	4.274724839666786e-01
1.750000000000000e+00	4.055833279911139e-01
1.750000000000000e+00	3.380986617363864e-01
1.750000000000000e+00	3.668597623019432e-01
1.750000000000000e+00	3.305449708330773e-01
1.750000000000000e+00	2.985556761169010e-01
1.750000000000000e+00	3.349635771322930e-01
1.750000000000000e+00	3.205433976831271e-01
1.750000000000000e+00	3.799016598523994e-01
1.750000000000000e+00	3.356547680591692e-01
1.750000000000000e+00	4.324818052426919e-01
1.750000000000000e+00	4.086646089317282e-01
1.750000000000000e+00	4.149385612160609e-01
1.750000000000000e+00	3.643156906503566e-01
1.750000000000000e+00	3.581400005369513e-01
1.750000000000000e+00	4.037352367226693e-01
1.750000000000000e+00	3.934064078777670e-01
1.750000000000000e+00	3.600369001220760e-01
1.750000000000000e+00	4.303565595969796e-01
1.750000000000000e+00	3.780963735050457e-01
1.750000000000000e+00	4.700478917752839e-01
1.750000000000000e+00	4.085447544535174e-01
1.750000000000000e+00	4.279850219693374e-01
1.750000000000000e+00	3.569252189773454e-01
1.750000000000000e+00	3.463093009620443e-01
1.750000000000000e+00	3.914592143267503e-01
1.750000000000000e+00	3.771075611194720e-01
1.750000000000000e+00	4.409667419236930e-01
1.750000000000000e+00	3.966121159945484e-01
1.750000000000000e+00	3.722580131218259e-01
1.750000000000000e+00	3.469232085554414e-01
1.750000000000000e+00	4.384782497984041e-01
1.750000000000000e+00	4.166585471830780e-01
1.750000000000000e+00	3.889481382342025e-01
1.750000000000000e+00	3.412531484315506e-01
1.750000000000000e+00	3.671057651081108e-01
1.750000000000000e+00	4.014332881653724e-01
1.750000000000000e+00	3.718261791016641e-01
1.750000000000000e+00	3.685073447000513e-01
1.750000000000000e+00	3.959022288846503e-01
1.750000000000000e+00	4.026747774929693e-01
1.750000000000000e+00	4.125754355623624e-01
1.750000000000000e+00	4.419617223382351e-01
1.750000000000000e+00	4.152006705556742e-01
1.750000000000000e+00	4.016816373890973e-01
1.750000000000000e+00	4.625624707231724e-01
1.750000000000000e+00	3.747396710731131e-01
1.750000000000000e+00	3.585023552524953e-01
1.750000000000000e+00	4.209222694079928e-01
1.750000000000000e+00	4.844947781947690e-01
1.750000000000000e+00	3.661963006503040e-01
1.750000000000000e+00	4.546466855495795e-01
1.750000000000000e+00	3.918703344326585e-01
1.750000000000000e+00	3.437666401683538e-01
1.750000000000000e+00	3.644863094716564e-01
1.750000000000000e+00	3.811040254606913e-01
1.750000000000000e+00	5.134875520558232e-01
1.750000000000000e+00	4.298006727617985e-01
1.750000000000000e+00	3.642387735702514e-01
1.750000000000000e+00	4.318767802754067e-01
1.750000000000000e+00	3.291508314755111e-01
1.750000000000000e+00	3.911342671581081e-01
1.750000000000000e+00	3.383876644865691e-01
1.750000000000000e+00	4.112305272436726e-01
1.750000000000000e+00	4.135630682685740e-01
1.750000000000000e+00	4.466573328336347e-01
1.750000000000000e+00	4.411642450858678e-01
1.750000000000000e+00	3.860382794152513e-01
1.750000000000000e+00	4.204722708843620e-01
1.750000000000000e+00	3.280262718558899e-01
1.750000000000000e+00	3.446611186375181e-01
1.750000000000000e+00	3.757729684650049e-01
1.750000000000000e+00	3.672865450272179e-01
1.750000000000000e+00	3.340170451314470e-01
1.750000000000000e+00	4.477089327280290e-01
1.750000000000000e+00	4.718005368812472e-01
1.750000000000000e+00	3.516165749141612e-01
1.750000000000000e+00	4.107291823308130e-01
1.750000000000000e+00	4.159232885285277e-01
1.750000000000000e+00	3.892916889211548e-01
1.750000000000000e+00	3.131356073457162e-01
1.750000000000000e+00	3.661150798205528e-01
1.750000000000000e+00	3.593109336086875e-01
1.750000000000000e+00	4.370352489646473e-01
1.750000000000000e+00	3.808923486923014e-01
1.750000000000000e+00	4.157499546406009e-01
1.750000000000000e+00	3.187175654488658e-01
1.750000000000000e+00	3.639245270843791e-01
1.750000000000000e+00	4.548307445829748e-01
1.750000000000000e+00	3.940464216204053e-01
1.750000000000000e+00	3.329364620125973e-01
