2.800000000000000e+00	5.346522695995539e-01
2.800000000000000e+00	5.583550089789139e-01
2.800000000000000e+00	5.424623211200592e-01
2.800000000000000e+00	5.784698838343816e-01
2.800000000000000e+00	5.417488393901330e-01
2.800000000000000e+00	5.455624700536669e-01
2.800000000000000e+00	5.097688357690646e-01
2.800000000000000e+00	5.612845758651500e-01
2.800000000000000e+00	5.931042122996076e-01
2.800000000000000e+00	5.545282379968051e-01
2.800000000000000e+00	5.386558089979836e-01
2.800000000000000e+00	5.647474764922278e-01
2.800000000000000e+00	5.339353868371166e-01
2.800000000000000e+00	5.549830382297317e-01
2.800000000000000e+00	6.017044347775780e-01
2.800000000000000e+00	5.606246072496749e-01
2.800000000000000e+00	5.166486058381057e-01
2.800000000000000e+00	6.044088583231682e-01
2.800000000000000e+00	5.558100683760326e-01
2.800000000000000e+00	5.453109491689808e-01
2.800000000000000e+00	5.486984292072141e-01
2.800000000000000e+00	5.450287301856890e-01
2.800000000000000e+00	5.584737684541190e-01
2.800000000000000e+00	5.805107173466721e-01
2.800000000000000e+00	5.435942295184872e-01
2.800000000000000e+00	5.419060703375461e-01
2.800000000000000e+00	5.714403206171453e-01
2.800000000000000e+00	5.516836466085060e-01
2.800000000000000e+00	5.834620819736677e-01
2.800000000000000e+00	5.681382844885294e-01
2.800000000000000e+00	5.695612277655873e-01
2.800000000000000e+00	5.468465314995994e-01
2.800000000000000e+00	5.628073138022354e-01
2.800000000000000e+00	5.730889432987740e-01
2.800000000000000e+00	5.287605918164018e-01
2.800000000000000e+00	5.616563708963795e-01
2.800000000000000e+00	5.110075828837054e-01
2.800000000000000e+00	5.743773009484173e-01
2.800000000000000e+00	5.641082367795358e-01
2.800000000000000e+00	5.774279069357943e-01
2.800000000000000e+00	5.710030052048172e-01
2.800000000000000e+00	5.133671249012572e-01
2.800000000000000e+00	5.722353671825117e-01
2.800000000000000e+00	5.350282224037024e-01
2.800000000000000e+00	5.668888827677502e-01
2.800000000000000e+00	6.294264538227353e-01
2.800000000000000e+00	5.455510171123614e-01
2.800000000000000e+00	5.288994329356811e-01
2.800000000000000e+00	5.508408466556080e-01
2.800000000000000e+00	5.426282178088884e-01
2.800000000000000e+00	5.348124959500211e-01
2.800000000000000e+00	5.533385555822251e-01
2.800000000000000e+00	5.951330474830907e-01
2.800000000000000e+00	5.930759584608961e-01
2.800000000000000e+00	5.853083200296615e-01
2.800000000000000e+00	5.600164682946158e-01
2.800000000000000e+00	5.668033363292561e-01
2.800000000000000e+00	5.804294529332905e-01
2.800000000000000e+00	6.141228281786486e-01
2.800000000000000e+00	5.716084295724563e-01
2.800000000000000e+00	5.896325529318742e-01
2.800000000000000e+00	6.217157580133716e-01
2.800000000000000e+00	5.977303201398866e-01
2.800000000000000e+00	5.754507838254164e-01
2.800000000000000e+00	5.334692327948669e-01
2.800000000000000e+00	5.780299579232105e-01
2.800000000000000e+00	5.765670961487017e-01
2.800000000000000e+00	5.158236343500342e-01
2.800000000000000e+00	5.423299457640217e-01
2.800000000000000e+00	5.937380375086727e-01
2.800000000000000e+00	6.031324042061215e-01
2.800000000000000e+00	6.600765932380135e-01
2.800000000000000e+00	5.705737841952929e-01
2.800000000000000e+00	5.536018123164207e-01
2.800000000000000e+00	6.006885136334953e-01
2.800000000000000e+00	5.632078475894569e-01
2.800000000000000e+00	5.187661535838852e-01
2.800000000000000e+00	5.652116453355227e-01
2.800000000000000e+00	5.500099096903862e-01
2.800000000000000e+00	5.461808655652259e-01
2.800000000000000e+00	5.366862268004772e-01
2.800000000000000e+00	5.538984415118662e-01
2.800000000000000e+00	5.762755038659021e-01
2.800000000000000e+00	5.566527240080437e-01
2.800000000000000e+00	5.420469069554695e-01
2.800000000000000e+00	5.564794675074660e-01
2.800000000000000e+00	5.579894881544536e-01
2.800000000000000e+00	5.592573636467001e-01
2.800000000000000e+00	5.896400381025879e-01
2.800000000000000e+00	5.868394992379599e-01
2.800000000000000e+00	5.732398191257093e-01
2.800000000000000e+00	5.378441793881156e-01
2.800000000000000e+00	5.646517095664433e-01
2.800000000000000e+00	5.886293636293537e-01
2.800000000000000e+00	5.349338852915135e-01
2.800000000000000e+00	5.181873708773982e-01
2.800000000000000e+00	5.327544928233173e-01
2.800000000000000e+00	5.380626218010833e-01
2.800000000000000e+00	5.493497484748988e-01
2.800000000000000e+00	5.716843445924147e-01
2.800000000000000e+00	5.728246722428885e-01
2.800000000000000e+00	6.043676530157941e-01
2.800000000000000e+00	5.574831749136704e-01
2.800000000000000e+00	5.686356522572229e-01
2.800000000000000e+00	5.505846229640160e-01
2.800000000000000e+00	5.090351864075645e-01
2.800000000000000e+00	4.904165673795747e-01
2.800000000000000e+00	5.540498296623978e-01
2.800000000000000e+00	5.191519570995813e-01
2.800000000000000e+00	5.710900238563921e-01
2.800000000000000e+00	5.565858838603032e-01
2.800000000000000e+00	5.787691288163571e-01
2.800000000000000e+00	5.109490465388800e-01
2.800000000000000e+00	5.636430614996248e-01
2.800000000000000e+00	5.608811244470842e-01
2.800000000000000e+00	5.700718317524786e-01
2.800000000000000e+00	5.541460929422584e-01
2.800000000000000e+00	5.750240565955377e-01
2.800000000000000e+00	5.493537164662646e-01
2.800000000000000e+00	5.994633269015944e-01
2.800000000000000e+00	5.542616364477484e-01
2.800000000000000e+00	5.596364694729778e-01
2.800000000000000e+00	5.620466546627152e-01
2.800000000000000e+00	5.892300801220657e-01
2.800000000000000e+00	5.516926009287564e-01
2.800000000000000e+00	5.677348174625865e-01
2.800000000000000e+00	5.543766307158815e-01
2.800000000000000e+00	5.907296111822076e-01
2.800000000000000e+00	5.075287772293655e-01
2.800000000000000e+00	5.313602776148005e-01
2.800000000000000e+00	5.653880835718893e-01
2.800000000000000e+00	5.092764705686716e-01
2.800000000000000e+00	5.594531137826967e-01
2.800000000000000e+00	5.566013341750747e-01
2.800000000000000e+00	5.561626087029095e-01
2.800000000000000e+00	5.693258162409253e-01
2.800000000000000e+00	5.639776904777110e-01
2.800000000000000e+00	5.325315209319756e-01
2.800000000000000e+00	5.450688658607280e-01
2.800000000000000e+00	5.625125827395252e-01
2.800000000000000e+00	5.312536185316783e-01
2.800000000000000e+00	5.670932521462531e-01
2.800000000000000e+00	5.950134709379324e-01
2.800000000000000e+00	6.180745754862113e-01
2.800000000000000e+00	6.035565795616100e-01
2.800000000000000e+00	5.914188319588718e-01
2.800000000000000e+00	5.441423047926182e-01
2.800000000000000e+00	5.524402046401418e-01
2.800000000000000e+00	5.624724334810310e-01
2.800000000000000e+00	5.727102842874082e-01
2.800000000000000e+00	5.659186592423708e-01
2.800000000000000e+00	5.913148556899429e-01
2.800000000000000e+00	5.273006956232216e-01
2.800000000000000e+00	5.244944245933887e-01
2.800000000000000e+00	5.296795960214618e-01
2.800000000000000e+00	5.489560232046615e-01
2.800000000000000e+00	5.201022524412643e-01
2.800000000000000e+00	5.648974296710584e-01
2.800000000000000e+00	5.713200616395371e-01
2.800000000000000e+00	5.584105480815329e-01
2.800000000000000e+00	5.146809825937199e-01
2.800000000000000e+00	5.583075692300284e-01
2.800000000000000e+00	5.730171188502086e-01
2.800000000000000e+00	5.300758729028158e-01
2.800000000000000e+00	5.162365016024995e-01
2.800000000000000e+00	5.741208404113488e-01
2.800000000000000e+00	5.875379698721015e-01
2.800000000000000e+00	5.693740179638274e-01
2.800000000000000e+00	5.866973560610794e-01
2.800000000000000e+00	5.297902017400539e-01
2.800000000000000e+00	5.397425329396465e-01
2.800000000000000e+00	5.502357715455807e-01
2.800000000000000e+00	6.267996688072504e-01
2.800000000000000e+00	5.855436455247582e-01
2.800000000000000e+00	5.502078701261642e-01
2.800000000000000e+00	5.478369722674784e-01
2.800000000000000e+00	5.406488992169813e-01
2.800000000000000e+00	5.813049313758413e-01
2.800000000000000e+00	5.322845998094662e-01
2.800000000000000e+00	5.839487516108351e-01
2.800000000000000e+00	5.679171773560115e-01
2.800000000000000e+00	5.501225581591526e-01
2.800000000000000e+00	5.440408037212936e-01
2.800000000000000e+00	5.326750886692609e-01
2.800000000000000e+00	5.873155847692804e-01
2.800000000000000e+00	6.250165036566372e-01
2.800000000000000e+00	6.079701781429148e-01
2.800000000000000e+00	5.649889833847038e-01
2.800000000000000e+00	5.414866365501980e-01
2.800000000000000e+00	6.177942210730825e-01
2.800000000000000e+00	5.891517798034860e-01
2.800000000000000e+00	5.477886937636824e-01
2.800000000000000e+00	5.552368558398503e-01
2.800000000000000e+00	5.890473462999593e-01
2.800000000000000e+00	5.672322159852898e-01
2.800000000000000e+00	5.421925287485893e-01
2.800000000000000e+00	5.106526578023062e-01
2.800000000000000e+00	5.694805112760934e-01
2.800000000000000e+00	5.575405939165755e-01
2.800000000000000e+00	5.509951224786932e-01
2.800000000000000e+00	5.390229770412852e-01
2.800000000000000e+00	5.630448904851089e-01
2.800000000000000e+00	5.404103275384620e-01
2.800000000000000e+00	6.077467269241669e-01
2.800000000000000e+00	5.609215114636069e-01
2.800000000000000e+00	5.623122587240481e-01
2.800000000000000e+00	5.130999414442329e-01
2.800000000000000e+00	5.735702083196623e-01
2.800000000000000e+00	5.769723242694264e-01
2.800000000000000e+00	5.477647094024888e-01
2.800000000000000e+00	5.674304592996854e-01
2.800000000000000e+00	5.260195470203265e-01
2.800000000000000e+00	5.180986849655485e-01
2.800000000000000e+00	5.774103727755978e-01
2.800000000000000e+00	5.736684000446377e-01
2.800000000000000e+00	5.477344344214374e-01
2.800000000000000e+00	5.447732468131434e-01
2.800000000000000e+00	5.680301625411133e-01
2.800000000000000e+00	5.279614502588956e-01
2.800000000000000e+00	5.685928402745161e-01
2.800000000000000e+00	5.291339243586579e-01
2.800000000000000e+00	5.537211008458569e-01
2.800000000000000e+00	5.676966857748030e-01
2.800000000000000e+00	5.528860574899415e-01
2.800000000000000e+00	5.954753138004950e-01
2.800000000000000e+00	5.563836253434377e-01
2.800000000000000e+00	5.472720949809922e-01
2.800000000000000e+00	5.128741095487865e-01
2.800000000000000e+00	5.722441175266582e-01
2.800000000000000e+00	5.804831253904180e-01
2.800000000000000e+00	5.542400526415081e-01
2.800000000000000e+00	6.037332728556003e-01
2.800000000000000e+00	5.376435187412946e-01
2.800000000000000e+00	5.673958385012273e-01
2.800000000000000e+00	5.847728334549088e-01
2.800000000000000e+00	5.344422035568405e-01
2.800000000000000e+00	5.488820076966684e-01
2.800000000000000e+00	5.568669602048517e-01
2.800000000000000e+00	5.474022305562775e-01
2.800000000000000e+00	5.489722724288135e-01
2.800000000000000e+00	5.814653640163400e-01
2.800000000000000e+00	5.842518446670363e-01
2.800000000000000e+00	5.893307906418314e-01
2.800000000000000e+00	5.793691661141496e-01
2.800000000000000e+00	5.774055582290352e-01
2.800000000000000e+00	5.465468318733966e-01
2.800000000000000e+00	5.647692853792332e-01
2.800000000000000e+00	5.497669634094668e-01
2.800000000000000e+00	5.593517351353642e-01
2.800000000000000e+00	5.413516051427621e-01
2.800000000000000e+00	5.624232234306289e-01
2.800000000000000e+00	5.537503258126519e-01
2.800000000000000e+00	5.772135445900237e-01
2.800000000000000e+00	5.529169484471943e-01
2.800000000000000e+00	5.822301124786731e-01
2.800000000000000e+00	5.615738381332732e-01
2.800000000000000e+00	5.676579957822934e-01
2.800000000000000e+00	5.766203876199841e-01
2.800000000000000e+00	5.625420818536179e-01
2.800000000000000e+00	5.729606808984192e-01
2.800000000000000e+00	5.406290116438144e-01
2.800000000000000e+00	5.785188128656379e-01
2.800000000000000e+00	5.640534971890142e-01
2.800000000000000e+00	5.772587025609347e-01
2.800000000000000e+00	5.662060903259211e-01
2.800000000000000e+00	5.286029882268842e-01
2.800000000000000e+00	5.778798171196466e-01
2.800000000000000e+00	5.285472159712561e-01
2.800000000000000e+00	5.268092946930009e-01
2.800000000000000e+00	5.847479575225424e-01
2.800000000000000e+00	5.463139496633506e-01
2.800000000000000e+00	5.847953081890553e-01
2.800000000000000e+00	6.219768296230408e-01
2.800000000000000e+00	5.748265969697605e-01
2.800000000000000e+00	5.392093126110548e-01
2.800000000000000e+00	5.605993630687816e-01
2.800000000000000e+00	5.614928979357467e-01
2.800000000000000e+00	5.664236965541405e-01
2.800000000000000e+00	5.984639744919412e-01
2.800000000000000e+00	5.617506856971464e-01
2.800000000000000e+00	5.276688417555867e-01
2.800000000000000e+00	5.789682225880776e-01
2.800000000000000e+00	5.718661265924878e-01
2.800000000000000e+00	5.826430925228930e-01
2.800000000000000e+00	5.805317233091785e-01
2.800000000000000e+00	5.786098900927306e-01
2.800000000000000e+00	5.983006948512593e-01
2.800000000000000e+00	5.787216982139566e-01
2.800000000000000e+00	5.787284670167142e-01
2.800000000000000e+00	5.039912552549883e-01
2.800000000000000e+00	5.423127427657571e-01
2.800000000000000e+00	5.527219818693107e-01
2.800000000000000e+00	5.751173064912106e-01
2.800000000000000e+00	5.439197009168084e-01
2.800000000000000e+00	5.492884115587724e-01
2.800000000000000e+00	5.844212552287599e-01
2.800000000000000e+00	5.680103474922273e-01
2.800000000000000e+00	5.688120171413926e-01
2.800000000000000e+00	5.413289572508810e-01
2.800000000000000e+00	5.574477828868187e-01
2.800000000000000e+00	5.426530649080478e-01
2.800000000000000e+00	5.556894173252109e-01
2.800000000000000e+00	5.619077769492391e-01
2.800000000000000e+00	5.852826174624659e-01
2.800000000000000e+00	5.857211798792786e-01
2.800000000000000e+00	5.697475490847245e-01
2.800000000000000e+00	5.405611519766120e-01
2.800000000000000e+00	5.843904733677757e-01
2.800000000000000e+00	5.825617419161644e-01
2.800000000000000e+00	6.033194689611823e-01
2.800000000000000e+00	5.235397203232759e-01
2.800000000000000e+00	5.492327599979058e-01
2.800000000000000e+00	6.066046876502663e-01
2.800000000000000e+00	5.584661177789518e-01
2.800000000000000e+00	5.565934522675812e-01
2.800000000000000e+00	5.663803062087970e-01
2.800000000000000e+00	5.647674847618903e-01
2.800000000000000e+00	5.586053771462548e-01
2.800000000000000e+00	5.405962407182480e-01
2.800000000000000e+00	5.406952376545910e-01
2.800000000000000e+00	5.987143909053427e-01
2.800000000000000e+00	5.563040571560620e-01
2.800000000000000e+00	5.396009661113852e-01
2.800000000000000e+00	5.363092078574573e-01
2.800000000000000e+00	5.671781461661540e-01
2.800000000000000e+00	5.765507099189670e-01
2.800000000000000e+00	5.703019867626032e-01
2.800000000000000e+00	5.952322943281242e-01
2.800000000000000e+00	5.094763649174658e-01
2.800000000000000e+00	5.739911731651770e-01
2.800000000000000e+00	6.054726007474709e-01
2.800000000000000e+00	5.628476421505065e-01
2.800000000000000e+00	6.031737917176864e-01
2.800000000000000e+00	5.591586575462953e-01
2.800000000000000e+00	5.635426844726141e-01
2.800000000000000e+00	5.484918415848737e-01
2.800000000000000e+00	5.586037152299732e-01
2.800000000000000e+00	5.894130239018189e-01
2.800000000000000e+00	6.064392002252603e-01
2.800000000000000e+00	5.495873049353961e-01
2.800000000000000e+00	5.213181036984682e-01
2.800000000000000e+00	5.415759963130654e-01
2.800000000000000e+00	5.737099176164769e-01
2.800000000000000e+00	5.281122388401841e-01
2.800000000000000e+00	5.375929360651851e-01
2.800000000000000e+00	5.723276019920560e-01
2.800000000000000e+00	5.847217907509122e-01
2.800000000000000e+00	5.759747969130031e-01
2.800000000000000e+00	5.382855895994700e-01
2.800000000000000e+00	5.503896716094782e-01
2.800000000000000e+00	5.830311364236054e-01
2.800000000000000e+00	5.932802939813812e-01
2.800000000000000e+00	5.565225252578460e-01
2.800000000000000e+00	5.572911561915838e-01
2.800000000000000e+00	5.475050174664199e-01
2.800000000000000e+00	5.588215085520538e-01
2.800000000000000e+00	5.713715776063970e-01
2.800000000000000e+00	5.095392050499843e-01
2.800000000000000e+00	5.575226709107304e-01
2.800000000000000e+00	5.509047112567309e-01
2.800000000000000e+00	5.386695628499946e-01
2.800000000000000e+00	5.204800465487779e-01
2.800000000000000e+00	5.753677212548806e-01
2.800000000000000e+00	5.757893631100814e-01
2.800000000000000e+00	5.845730545539760e-01
2.800000000000000e+00	5.616680360849188e-01
2.800000000000000e+00	5.831392096680365e-01
2.800000000000000e+00	5.231967989292201e-01
2.800000000000000e+00	5.307282117656907e-01
2.800000000000000e+00	5.789393073481255e-01
2.800000000000000e+00	5.978581636983555e-01
2.800000000000000e+00	5.763539433937596e-01
2.800000000000000e+00	5.581837563563322e-01
2.800000000000000e+00	5.472252558428239e-01
2.800000000000000e+00	5.612521006014005e-01
2.800000000000000e+00	5.540960849859562e-01
2.800000000000000e+00	5.481208741956733e-01
2.800000000000000e+00	5.778527341155241e-01
2.800000000000000e+00	6.100513950130395e-01
2.800000000000000e+00	5.640474794121878e-01
2.800000000000000e+00	5.610729847911434e-01
2.800000000000000e+00	5.687713327930914e-01
2.800000000000000e+00	5.173061667471984e-01
2.800000000000000e+00	5.659622070854877e-01
2.800000000000000e+00	5.392993818915559e-01
2.800000000000000e+00	5.988703093193769e-01
2.800000000000000e+00	5.389013287624819e-01
2.800000000000000e+00	5.364631369198715e-01
2.800000000000000e+00	5.580270864430212e-01
2.800000000000000e+00	5.294851427643619e-01
2.800000000000000e+00	5.142678210492039e-01
2.800000000000000e+00	5.891990634303320e-01
2.800000000000000e+00	5.491232555065446e-01
2.800000000000000e+00	5.890106214988204e-01
2.800000000000000e+00	5.830651762743261e-01
2.800000000000000e+00	5.723140031807195e-01
2.800000000000000e+00	5.890716961207856e-01
2.800000000000000e+00	5.634651743784962e-01
2.800000000000000e+00	5.520468907510736e-01
2.800000000000000e+00	5.490968710696198e-01
2.800000000000000e+00	5.659530289950385e-01
2.800000000000000e+00	5.525374828359348e-01
2.800000000000000e+00	5.968677642357043e-01
2.800000000000000e+00	5.782215530853917e-01
2.800000000000000e+00	5.654149668597634e-01
2.800000000000000e+00	5.940224486844586e-01
2.800000000000000e+00	5.750615506872623e-01
2.800000000000000e+00	5.762047697849768e-01
2.800000000000000e+00	5.508835381675654e-01
2.800000000000000e+00	5.863896421269089e-01
2.800000000000000e+00	6.013781402571862e-01
2.800000000000000e+00	5.644404384268243e-01
2.800000000000000e+00	6.156659260275535e-01
2.800000000000000e+00	5.942009611722765e-01
2.800000000000000e+00	5.637547672346261e-01
2.800000000000000e+00	5.941745422912277e-01
2.800000000000000e+00	5.616056346783871e-01
2.800000000000000e+00	5.945129775881730e-01
2.800000000000000e+00	5.377416214520399e-01
2.800000000000000e+00	5.440560565342214e-01
2.800000000000000e+00	5.695770745303951e-01
2.800000000000000e+00	5.531721613504581e-01
2.800000000000000e+00	5.639745674253679e-01
2.800000000000000e+00	5.966258293204583e-01
2.800000000000000e+00	5.691331955826141e-01
2.800000000000000e+00	5.804664229410598e-01
2.800000000000000e+00	5.357351934001192e-01
2.800000000000000e+00	6.088223712195600e-01
2.800000000000000e+00	6.382162668045569e-01
2.800000000000000e+00	5.702444361328202e-01
2.800000000000000e+00	6.104331387477163e-01
2.800000000000000e+00	5.897575344630301e-01
2.800000000000000e+00	5.394837060706199e-01
2.800000000000000e+00	5.413259076027329e-01
2.800000000000000e+00	5.454942247179880e-01
2.800000000000000e+00	5.948105967550136e-01
2.800000000000000e+00	5.785572121286219e-01
2.800000000000000e+00	5.396046621355535e-01
2.800000000000000e+00	5.810373001038560e-01
2.800000000000000e+00	5.496335979782280e-01
2.800000000000000e+00	5.890310693877916e-01
2.800000000000000e+00	5.572814476518058e-01
2.800000000000000e+00	5.465741678188436e-01
2.800000000000000e+00	5.671708869403107e-01
2.800000000000000e+00	5.554783032122571e-01
2.800000000000000e+00	6.197732655186201e-01
2.800000000000000e+00	5.561000504638431e-01
2.800000000000000e+00	5.539579869524903e-01
2.800000000000000e+00	5.984053517877180e-01
2.800000000000000e+00	5.935067835234018e-01
2.800000000000000e+00	5.267845126794058e-01
2.800000000000000e+00	5.546832436906922e-01
2.800000000000000e+00	5.828366352249607e-01
2.800000000000000e+00	5.397716570442175e-01
2.800000000000000e+00	5.405863969217265e-01
2.800000000000000e+00	5.830059918077395e-01
2.800000000000000e+00	5.669006477365631e-01
2.800000000000000e+00	5.404720440465842e-01
2.800000000000000e+00	5.654975104943448e-01
2.800000000000000e+00	5.878313687677468e-01
2.800000000000000e+00	5.838184241844117e-01
2.800000000000000e+00	5.698653574858765e-01
2.800000000000000e+00	5.483748067946429e-01
2.800000000000000e+00	5.533309615106151e-01
2.800000000000000e+00	6.062864401637230e-01
2.800000000000000e+00	5.740469549945212e-01
2.800000000000000e+00	5.370632255024997e-01
2.800000000000000e+00	5.790731566061283e-01
2.800000000000000e+00	5.549446155923250e-01
2.800000000000000e+00	5.956373974805698e-01
2.800000000000000e+00	5.779172976799809e-01
2.800000000000000e+00	5.712410893920572e-01
2.800000000000000e+00	5.621675749385707e-01
2.800000000000000e+00	5.357490833417109e-01
2.800000000000000e+00	5.471593936010117e-01
2.800000000000000e+00	5.455767216787264e-01
2.800000000000000e+00	5.938266849187923e-01
2.800000000000000e+00	5.594082131168440e-01
2.800000000000000e+00	5.434499256687052e-01
2.800000000000000e+00	5.565170790806694e-01
2.800000000000000e+00	5.620608575451036e-01
2.800000000000000e+00	5.998972585086499e-01
2.800000000000000e+00	5.750072328588629e-01
2.800000000000000e+00	5.332791207426515e-01
2.800000000000000e+00	5.983911644212824e-01
2.800000000000000e+00	5.952993236091362e-01
2.800000000000000e+00	5.620399520603909e-01
2.800000000000000e+00	5.525577004554431e-01
2.800000000000000e+00	5.398457572801438e-01
2.800000000000000e+00	5.652583586597635e-01
2.800000000000000e+00	5.795042026254958e-01
2.800000000000000e+00	5.898094561126469e-01
2.800000000000000e+00	5.364876048105190e-01
2.800000000000000e+00	5.923568096987001e-01
2.800000000000000e+00	5.949122683645255e-01
2.800000000000000e+00	5.889681808281468e-01
2.800000000000000e+00	5.992755818112234e-01
2.800000000000000e+00	5.706720256401354e-01
2.800000000000000e+00	6.030656869319636e-01
2.800000000000000e+00	5.531570660467086e-01
2.800000000000000e+00	5.787654225945709e-01
2.800000000000000e+00	5.483733514950905e-01
2.800000000000000e+00	4.929349162226224e-01
2.800000000000000e+00	5.950261023570715e-01
2.800000000000000e+00	5.563953201462579e-01
2.800000000000000e+00	5.156885132208493e-01
2.800000000000000e+00	5.492510069804659e-01
2.800000000000000e+00	5.709662458657755e-01
2.800000000000000e+00	5.393084111250548e-01
2.800000000000000e+00	5.562531733107148e-01
2.800000000000000e+00	5.438236970202054e-01
2.800000000000000e+00	5.266343080894645e-01
2.800000000000000e+00	5.630884853548817e-01
2.800000000000000e+00	5.768533036903962e-01
2.800000000000000e+00	5.235942768482451e-01
2.800000000000000e+00	5.719800906792574e-01
2.800000000000000e+00	5.535024147505732e-01
2.800000000000000e+00	5.714770797064181e-01
2.800000000000000e+00	5.336734431662939e-01
2.800000000000000e+00	5.354250881913414e-01
2.800000000000000e+00	5.244947393116111e-01
2.800000000000000e+00	5.663666285782950e-01
2.800000000000000e+00	5.388785085622489e-01
2.800000000000000e+00	5.751437174721563e-01
2.800000000000000e+00	5.565645825948877e-01
2.800000000000000e+00	5.678302641128052e-01
2.800000000000000e+00	6.136312296450085e-01
2.800000000000000e+00	5.359992706697239e-01
2.800000000000000e+00	5.934133360482160e-01
2.800000000000000e+00	5.920499166869695e-01
2.800000000000000e+00	5.470544950106725e-01
2.800000000000000e+00	5.519859225771999e-01
2.800000000000000e+00	5.616036086648525e-01
2.800000000000000e+00	6.048814698079812e-01
2.800000000000000e+00	5.726941221092144e-01
2.800000000000000e+00	5.305207255880471e-01
2.800000000000000e+00	5.896819431649178e-01
2.800000000000000e+00	5.714113130022636e-01
2.800000000000000e+00	5.705207425814011e-01
2.800000000000000e+00	5.959122628798145e-01
2.800000000000000e+00	5.635604633482638e-01
2.800000000000000e+00	5.550290104095562e-01
2.800000000000000e+00	5.504958777693372e-01
2.800000000000000e+00	5.480010573686058e-01
2.800000000000000e+00	5.518234529086948e-01
2.800000000000000e+00	6.061835052020180e-01
2.800000000000000e+00	5.676640923880800e-01
2.800000000000000e+00	5.982387640680523e-01
2.800000000000000e+00	5.242532006905075e-01
2.800000000000000e+00	5.521445592034625e-01
2.800000000000000e+00	5.710384973668301e-01
2.800000000000000e+00	5.024705335038750e-01
2.800000000000000e+00	6.070476126684128e-01
2.800000000000000e+00	5.470692384686884e-01
2.800000000000000e+00	5.509247286366158e-01
2.800000000000000e+00	5.528449291468909e-01
2.800000000000000e+00	5.847194254372798e-01
2.800000000000000e+00	5.790643124128936e-01
2.800000000000000e+00	5.564072956861147e-01
2.800000000000000e+00	5.984241408502731e-01
2.800000000000000e+00	5.349737181346201e-01
2.800000000000000e+00	5.144313503313576e-01
2.800000000000000e+00	5.700801675225606e-01
2.800000000000000e+00	5.434789212522904e-01
2.800000000000000e+00	5.672256740957843e-01
2.800000000000000e+00	5.811846057347955e-01
2.800000000000000e+00	5.845279236563087e-01
2.800000000000000e+00	5.493976582244852e-01
2.800000000000000e+00	5.383775586535343e-01
2.800000000000000e+00	5.234812813908639e-01
2.800000000000000e+00	5.580978169199711e-01
2.800000000000000e+00	5.785995694001033e-01
2.800000000000000e+00	5.679481887941416e-01
2.800000000000000e+00	5.689929930216330e-01
2.800000000000000e+00	5.862668410406199e-01
2.800000000000000e+00	6.298289301858643e-01
2.800000000000000e+00	5.575172857291566e-01
2.800000000000000e+00	5.538734074897856e-01
2.800000000000000e+00	6.123764087121746e-01
2.800000000000000e+00	5.630062199213193e-01
2.800000000000000e+00	5.178927534956288e-01
2.800000000000000e+00	5.835594718161926e-01
2.800000000000000e+00	5.789847156111589e-01
2.800000000000000e+00	5.551759722544702e-01
2.800000000000000e+00	5.278903827469957e-01
2.800000000000000e+00	5.260530297472878e-01
2.800000000000000e+00	5.102242730881659e-01
2.800000000000000e+00	5.492952185201413e-01
2.800000000000000e+00	5.573359992766480e-01
2.800000000000000e+00	6.011322748413440e-01
2.800000000000000e+00	5.380906031749488e-01
2.800000000000000e+00	5.444061824682431e-01
2.800000000000000e+00	5.655828925780471e-01
2.800000000000000e+00	5.879568620813131e-01
2.800000000000000e+00	5.796995328740895e-01
2.800000000000000e+00	5.690588720403568e-01
2.800000000000000e+00	5.663717886238978e-01
2.800000000000000e+00	5.452497885398625e-01
2.800000000000000e+00	5.640906846703853e-01
2.800000000000000e+00	5.411253184360475e-01
2.800000000000000e+00	5.708220282233247e-01
2.800000000000000e+00	5.477054933631480e-01
2.800000000000000e+00	5.336174322820073e-01
2.800000000000000e+00	5.656925928617291e-01
2.800000000000000e+00	5.691265443356317e-01
2.800000000000000e+00	5.923860142996484e-01
2.800000000000000e+00	5.657243247052652e-01
2.800000000000000e+00	6.230988459175182e-01
2.800000000000000e+00	5.446939513079783e-01
2.800000000000000e+00	5.439416377774471e-01
2.800000000000000e+00	5.584324812311867e-01
2.800000000000000e+00	5.587067363592805e-01
2.800000000000000e+00	5.340327631692945e-01
2.800000000000000e+00	5.468420587342687e-01
2.800000000000000e+00	5.630048785609258e-01
2.800000000000000e+00	5.206396559553131e-01
2.800000000000000e+00	5.325477014549149e-01
2.800000000000000e+00	6.145044285872813e-01
2.800000000000000e+00	5.621711062942460e-01
2.800000000000000e+00	5.563393884824201e-01
2.800000000000000e+00	5.382932893855815e-01
2.800000000000000e+00	5.808478004312515e-01
2.800000000000000e+00	5.413242635778607e-01
2.800000000000000e+00	5.714216952733038e-01
2.800000000000000e+00	5.491546110271632e-01
2.800000000000000e+00	5.814681292148215e-01
2.800000000000000e+00	5.469937620748101e-01
2.800000000000000e+00	5.819490943960993e-01
2.800000000000000e+00	5.988959568850437e-01
2.800000000000000e+00	5.988007494193076e-01
2.800000000000000e+00	5.321186718630364e-01
2.800000000000000e+00	5.462648875709114e-01
2.800000000000000e+00	5.336729469431750e-01
2.800000000000000e+00	5.760452721619733e-01
2.800000000000000e+00	5.962571912126178e-01
2.800000000000000e+00	5.745312663566360e-01
2.800000000000000e+00	5.703140657940688e-01
2.800000000000000e+00	5.520530586921552e-01
2.800000000000000e+00	5.695520790838470e-01
2.800000000000000e+00	5.894839056426128e-01
2.800000000000000e+00	5.559738165023819e-01
2.800000000000000e+00	5.570376049716024e-01
2.800000000000000e+00	5.488650182528507e-01
2.800000000000000e+00	5.836722410600056e-01
2.800000000000000e+00	5.348783409491906e-01
2.800000000000000e+00	5.799868625063831e-01
2.800000000000000e+00	5.565868753984783e-01
2.800000000000000e+00	5.366495158074512e-01
2.800000000000000e+00	5.410463858810781e-01
2.800000000000000e+00	5.455997503538939e-01
2.800000000000000e+00	5.835654195649582e-01
2.800000000000000e+00	5.675617146135473e-01
2.800000000000000e+00	5.827704765173732e-01
2.800000000000000e+00	5.702960961940960e-01
2.800000000000000e+00	5.807283048810477e-01
2.800000000000000e+00	5.687562639724197e-01
2.800000000000000e+00	5.822541307224520e-01
2.800000000000000e+00	5.708777336337444e-01
2.800000000000000e+00	5.618631776706460e-01
2.800000000000000e+00	5.866917865841169e-01
2.800000000000000e+00	5.829345365125165e-01
2.800000000000000e+00	5.899067613107359e-01
2.800000000000000e+00	5.709563773872663e-01
2.800000000000000e+00	5.435461104306496e-01
2.800000000000000e+00	5.468764728524382e-01
2.800000000000000e+00	5.839637378908279e-01
2.800000000000000e+00	5.325998911219351e-01
2.800000000000000e+00	6.114344569801509e-01
2.800000000000000e+00	5.932126274526960e-01
2.800000000000000e+00	5.533517007826699e-01
2.800000000000000e+00	5.941415852111850e-01
2.800000000000000e+00	5.417799117710346e-01
2.800000000000000e+00	5.429540932428388e-01
2.800000000000000e+00	5.594660154765146e-01
2.800000000000000e+00	5.689452078749601e-01
2.800000000000000e+00	5.910493089004378e-01
2.800000000000000e+00	6.193556848220064e-01
2.800000000000000e+00	6.252797950151905e-01
2.800000000000000e+00	5.239220437459338e-01
2.800000000000000e+00	5.682587792736504e-01
2.800000000000000e+00	5.908990249789821e-01
2.800000000000000e+00	6.113441467763684e-01
2.800000000000000e+00	6.221649993435697e-01
2.800000000000000e+00	5.921887997050662e-01
2.800000000000000e+00	5.538683381492440e-01
2.800000000000000e+00	5.679191630290611e-01
2.800000000000000e+00	5.861316053571008e-01
2.800000000000000e+00	5.590086263674386e-01
2.800000000000000e+00	5.868767728316161e-01
2.800000000000000e+00	5.551272646047568e-01
2.800000000000000e+00	5.968020586025901e-01
2.800000000000000e+00	5.505789477406353e-01
2.800000000000000e+00	5.296154023000140e-01
2.800000000000000e+00	5.812937685467106e-01
2.800000000000000e+00	5.821243796126832e-01
2.800000000000000e+00	5.855808104263013e-01
2.800000000000000e+00	5.682463545091291e-01
2.800000000000000e+00	5.093480188317951e-01
2.800000000000000e+00	5.615308776526318e-01
2.800000000000000e+00	5.110812345209440e-01
2.800000000000000e+00	5.942409953803220e-01
2.800000000000000e+00	5.125506785746156e-01
2.800000000000000e+00	5.262515010908994e-01
2.800000000000000e+00	5.272338973929360e-01
2.800000000000000e+00	5.642267566843794e-01
2.800000000000000e+00	5.549124908968610e-01
2.800000000000000e+00	5.951972995677359e-01
2.800000000000000e+00	5.444494846670955e-01
2.800000000000000e+00	5.544649694730499e-01
2.800000000000000e+00	5.180836878063400e-01
2.800000000000000e+00	5.871894159537807e-01
2.800000000000000e+00	5.708715523948107e-01
2.800000000000000e+00	5.818514204577460e-01
2.800000000000000e+00	5.851667790579286e-01
2.800000000000000e+00	5.780973246801714e-01
2.800000000000000e+00	6.318503036549454e-01
2.800000000000000e+00	6.093680167336342e-01
2.800000000000000e+00	5.930925725486431e-01
2.800000000000000e+00	5.664031952282952e-01
2.800000000000000e+00	4.965670285118415e-01
2.800000000000000e+00	5.031082773085781e-01
2.800000000000000e+00	5.637468253512978e-01
2.800000000000000e+00	5.715922701004919e-01
2.800000000000000e+00	5.689441849514897e-01
2.800000000000000e+00	5.431017201345808e-01
2.800000000000000e+00	6.048838500392654e-01
2.800000000000000e+00	5.804091508014785e-01
2.800000000000000e+00	5.606904581439776e-01
2.800000000000000e+00	5.508189054269547e-01
2.800000000000000e+00	5.450293714609646e-01
2.800000000000000e+00	5.622207925149350e-01
2.800000000000000e+00	5.619421900187844e-01
2.800000000000000e+00	6.184512059643867e-01
2.800000000000000e+00	5.446468352847805e-01
2.800000000000000e+00	5.887480107049305e-01
2.800000000000000e+00	5.505853508002952e-01
2.800000000000000e+00	5.622084919229200e-01
2.800000000000000e+00	4.924407211349502e-01
2.800000000000000e+00	5.690174336351367e-01
2.800000000000000e+00	5.585491488991403e-01
2.800000000000000e+00	5.799448854444640e-01
2.800000000000000e+00	5.767188056556102e-01
2.800000000000000e+00	5.610460922064918e-01
2.800000000000000e+00	5.549544562314012e-01
2.800000000000000e+00	5.436573351766055e-01
2.800000000000000e+00	5.549719984025684e-01
2.800000000000000e+00	5.297736731325617e-01
2.800000000000000e+00	5.837075351789559e-01
2.800000000000000e+00	5.747835143972782e-01
2.800000000000000e+00	5.611038567280554e-01
2.800000000000000e+00	5.940127396515821e-01
2.800000000000000e+00	5.504123523741863e-01
2.800000000000000e+00	5.550447211500489e-01
2.800000000000000e+00	5.714444433366487e-01
2.800000000000000e+00	5.683578062306448e-01
2.800000000000000e+00	5.157568996088578e-01
2.800000000000000e+00	5.418346825310789e-01
2.800000000000000e+00	5.656893460655212e-01
2.800000000000000e+00	5.557750567912114e-01
2.800000000000000e+00	5.690407762439802e-01
2.800000000000000e+00	5.798239709499200e-01
2.800000000000000e+00	5.565612953724801e-01
2.800000000000000e+00	5.225680585786603e-01
2.800000000000000e+00	5.802319486085677e-01
2.800000000000000e+00	6.008526188618660e-01
2.800000000000000e+00	6.027157467480967e-01
2.800000000000000e+00	5.546232898099210e-01
2.800000000000000e+00	5.758020037420268e-01
2.800000000000000e+00	5.667933182114947e-01
2.800000000000000e+00	5.453386577737017e-01
2.800000000000000e+00	5.941322501456037e-01
2.800000000000000e+00	5.882053577122528e-01
2.800000000000000e+00	5.450453888879947e-01
2.800000000000000e+00	5.538365644723793e-01
2.800000000000000e+00	5.228742810728078e-01
2.800000000000000e+00	5.494036624110984e-01
2.800000000000000e+00	5.635888611151681e-01
2.800000000000000e+00	5.883978214129474e-01
2.800000000000000e+00	5.875817700023503e-01
2.800000000000000e+00	5.866130554563943e-01
2.800000000000000e+00	5.416612594611514e-01
2.800000000000000e+00	5.988060569100384e-01
2.800000000000000e+00	5.479885011135462e-01
2.800000000000000e+00	5.811006956014245e-01
2.800000000000000e+00	5.597914149870676e-01
2.800000000000000e+00	5.411366288069370e-01
2.800000000000000e+00	5.606345217560910e-01
2.800000000000000e+00	5.512130309565663e-01
2.800000000000000e+00	6.029543027498692e-01
2.800000000000000e+00	5.777249007846731e-01
2.800000000000000e+00	5.418683224122167e-01
2.800000000000000e+00	5.557138770545956e-01
2.800000000000000e+00	5.432345322471930e-01
2.800000000000000e+00	5.730771750812688e-01
2.800000000000000e+00	5.899226836134741e-01
2.800000000000000e+00	5.642619003452720e-01
2.800000000000000e+00	5.888538765322394e-01
2.800000000000000e+00	5.318167229930432e-01
2.800000000000000e+00	5.639903871474098e-01
2.800000000000000e+00	5.268402082013031e-01
2.800000000000000e+00	5.374306931169550e-01
2.800000000000000e+00	5.592870048416972e-01
2.800000000000000e+00	5.656055413142310e-01
2.800000000000000e+00	5.863890854109497e-01
2.800000000000000e+00	5.657718002657530e-01
2.800000000000000e+00	5.314103131358487e-01
2.800000000000000e+00	5.452202918401925e-01
2.800000000000000e+00	5.752998859001534e-01
2.800000000000000e+00	5.808135952870230e-01
2.800000000000000e+00	5.691477148127683e-01
2.800000000000000e+00	5.318577064162600e-01
2.800000000000000e+00	5.539427597106381e-01
2.800000000000000e+00	6.036915200700137e-01
2.800000000000000e+00	5.288960959840030e-01
2.800000000000000e+00	5.284385847560329e-01
2.800000000000000e+00	5.997271457042593e-01
2.800000000000000e+00	5.657659334595074e-01
2.800000000000000e+00	5.436352038030213e-01
2.800000000000000e+00	5.206107155525591e-01
2.800000000000000e+00	6.070584643082531e-01
2.800000000000000e+00	5.606620945853860e-01
2.800000000000000e+00	5.792113524860100e-01
2.800000000000000e+00	5.602485079140039e-01
2.800000000000000e+00	5.550449508616847e-01
2.800000000000000e+00	5.463798748806158e-01
2.800000000000000e+00	5.543535542205643e-01
2.800000000000000e+00	5.786280704781657e-01
2.800000000000000e+00	5.200352743620602e-01
2.800000000000000e+00	5.828054627487804e-01
2.800000000000000e+00	5.081705077750825e-01
2.800000000000000e+00	5.799211463924274e-01
2.800000000000000e+00	5.534518264065703e-01
2.800000000000000e+00	5.356134525992473e-01
2.800000000000000e+00	5.294351347260012e-01
2.800000000000000e+00	5.336213303742251e-01
2.800000000000000e+00	5.858015799593719e-01
2.800000000000000e+00	5.470271853475606e-01
2.800000000000000e+00	5.458189682692022e-01
2.800000000000000e+00	5.930808660327448e-01
2.800000000000000e+00	5.355906969244106e-01
2.800000000000000e+00	5.376447938696910e-01
2.800000000000000e+00	5.763082876604785e-01
2.800000000000000e+00	5.434405732635745e-01
2.800000000000000e+00	5.563483424161354e-01
2.800000000000000e+00	5.472393169792262e-01
2.800000000000000e+00	5.618480250196171e-01
2.800000000000000e+00	5.559807898123023e-01
2.800000000000000e+00	5.531471286026605e-01
2.800000000000000e+00	5.978959484606182e-01
2.800000000000000e+00	5.557699350278618e-01
2.800000000000000e+00	5.512011374676307e-01
2.800000000000000e+00	5.505399407845751e-01
2.800000000000000e+00	5.739763788557900e-01
2.800000000000000e+00	5.659506073133204e-01
2.800000000000000e+00	5.240411767755203e-01
2.800000000000000e+00	5.335297063365194e-01
2.800000000000000e+00	5.633692055336974e-01
2.800000000000000e+00	5.701546905705941e-01
2.800000000000000e+00	5.996822124526208e-01
2.800000000000000e+00	5.555406055967191e-01
2.800000000000000e+00	5.718023754996537e-01
2.800000000000000e+00	5.476527490007190e-01
2.800000000000000e+00	5.402759301761042e-01
2.800000000000000e+00	5.808607663031341e-01
2.800000000000000e+00	5.396039598876762e-01
2.800000000000000e+00	4.874938424607925e-01
2.800000000000000e+00	5.578928230237827e-01
2.800000000000000e+00	5.520539505730441e-01
2.800000000000000e+00	5.476004791341808e-01
2.800000000000000e+00	5.549888413742773e-01
2.800000000000000e+00	5.852775232827004e-01
2.800000000000000e+00	5.855758294034838e-01
2.800000000000000e+00	5.668400135472117e-01
2.800000000000000e+00	5.364899888109514e-01
2.800000000000000e+00	5.361458166087243e-01
2.800000000000000e+00	5.211420764484038e-01
2.800000000000000e+00	5.667768804269315e-01
2.800000000000000e+00	5.542708520555090e-01
2.800000000000000e+00	5.721062484311504e-01
2.800000000000000e+00	6.071897895075562e-01
2.800000000000000e+00	5.681816853600073e-01
2.800000000000000e+00	5.743693199250284e-01
2.800000000000000e+00	5.617311601792326e-01
2.800000000000000e+00	5.678674034645791e-01
2.800000000000000e+00	5.522384198645983e-01
2.800000000000000e+00	5.943617628101460e-01
2.800000000000000e+00	5.742950389302243e-01
2.800000000000000e+00	5.292611607647453e-01
2.800000000000000e+00	5.932230532777122e-01
2.800000000000000e+00	5.738572124349794e-01
2.800000000000000e+00	5.502074219333564e-01
2.800000000000000e+00	5.806725866235762e-01
2.800000000000000e+00	5.910613376220683e-01
2.800000000000000e+00	5.668700790276604e-01
2.800000000000000e+00	5.626990261591892e-01
2.800000000000000e+00	5.738291934059611e-01
2.800000000000000e+00	5.566177949868303e-01
2.800000000000000e+00	5.576548044735202e-01
2.800000000000000e+00	6.171571529259289e-01
2.800000000000000e+00	5.657292237832381e-01
2.800000000000000e+00	5.960718792194765e-01
2.800000000000000e+00	6.081438477831387e-01
2.800000000000000e+00	5.408756852935296e-01
2.800000000000000e+00	5.488823056319864e-01
2.800000000000000e+00	5.656668873806303e-01
2.800000000000000e+00	5.984198296562160e-01
2.800000000000000e+00	5.471545088351146e-01
2.800000000000000e+00	5.259765419775178e-01
2.800000000000000e+00	5.415481810813776e-01
2.800000000000000e+00	5.447160652099418e-01
2.800000000000000e+00	5.374434667191277e-01
2.800000000000000e+00	5.668067439383584e-01
2.800000000000000e+00	5.877411632814180e-01
2.800000000000000e+00	5.548394958189178e-01
2.800000000000000e+00	5.573703274425902e-01
2.800000000000000e+00	6.046013712283870e-01
2.800000000000000e+00	5.551683042402440e-01
2.800000000000000e+00	5.514833310246137e-01
2.800000000000000e+00	5.904719890449082e-01
2.800000000000000e+00	5.675840772170012e-01
2.800000000000000e+00	5.525598513937735e-01
2.800000000000000e+00	5.441780664724490e-01
2.800000000000000e+00	5.645964144585136e-01
2.800000000000000e+00	5.493284741574960e-01
2.800000000000000e+00	5.708151246069657e-01
2.800000000000000e+00	5.710312490848397e-01
2.800000000000000e+00	6.360229273160556e-01
2.800000000000000e+00	5.357864172048220e-01
2.800000000000000e+00	5.909384513450192e-01
2.800000000000000e+00	5.593897687046437e-01
2.800000000000000e+00	5.462709149089475e-01
2.800000000000000e+00	5.897484933315745e-01
2.800000000000000e+00	5.693053356875294e-01
2.800000000000000e+00	5.926031251472207e-01
2.800000000000000e+00	5.805255854229970e-01
2.800000000000000e+00	5.922224347002027e-01
2.800000000000000e+00	5.819003644835821e-01
2.800000000000000e+00	5.352629759093616e-01
2.800000000000000e+00	6.168767508703048e-01
2.800000000000000e+00	5.569818530645059e-01
2.800000000000000e+00	5.693038357356039e-01
2.800000000000000e+00	5.623499191455685e-01
2.800000000000000e+00	5.801444677753268e-01
2.800000000000000e+00	5.674320200519610e-01
2.800000000000000e+00	5.627845909591402e-01
2.800000000000000e+00	5.620380442274302e-01
2.800000000000000e+00	5.394328025555861e-01
2.800000000000000e+00	5.764460368802803e-01
2.800000000000000e+00	5.805860167595306e-01
2.800000000000000e+00	5.687769402953526e-01
2.800000000000000e+00	5.639374318995839e-01
2.800000000000000e+00	5.598938701446730e-01
2.800000000000000e+00	5.482750506073233e-01
2.800000000000000e+00	5.837547892677644e-01
2.800000000000000e+00	5.629174994937146e-01
2.800000000000000e+00	5.774970906376238e-01
2.800000000000000e+00	5.725233136925044e-01
2.800000000000000e+00	6.056813365596356e-01
2.800000000000000e+00	6.226014535424039e-01
2.800000000000000e+00	5.342859179429319e-01
2.800000000000000e+00	5.370115140181103e-01
2.800000000000000e+00	5.843094819438741e-01
2.800000000000000e+00	5.937404581228131e-01
2.800000000000000e+00	5.694608483451555e-01
2.800000000000000e+00	5.415199237141091e-01
2.800000000000000e+00	5.286059095261681e-01
2.800000000000000e+00	5.347041776375226e-01
2.800000000000000e+00	6.109633407959821e-01
2.800000000000000e+00	5.581548912308378e-01
2.800000000000000e+00	5.459412489176549e-01
2.800000000000000e+00	5.468974317882705e-01
2.800000000000000e+00	5.304039267084886e-01
2.800000000000000e+00	5.911130992459291e-01
2.800000000000000e+00	6.074441730574426e-01
2.800000000000000e+00	5.639757903741123e-01
2.800000000000000e+00	5.534427832698618e-01
2.800000000000000e+00	5.467818316209324e-01
2.800000000000000e+00	5.514925604787049e-01
2.800000000000000e+00	5.733716001325199e-01
2.800000000000000e+00	5.137243962728999e-01
2.800000000000000e+00	5.707688225140054e-01
2.800000000000000e+00	4.890890684726695e-01
2.800000000000000e+00	5.413917628693061e-01
2.800000000000000e+00	5.593464624932695e-01
2.800000000000000e+00	5.432806635918889e-01
2.800000000000000e+00	5.593059317368093e-01
2.800000000000000e+00	5.879673161211680e-01
2.800000000000000e+00	5.923572487097055e-01
2.800000000000000e+00	5.811493803895169e-01
2.800000000000000e+00	5.784028459532007e-01
2.800000000000000e+00	5.572560546643657e-01
2.800000000000000e+00	5.551567638533079e-01
2.800000000000000e+00	5.930646165925358e-01
2.800000000000000e+00	5.651391324077164e-01
2.800000000000000e+00	6.185220231587405e-01
2.800000000000000e+00	5.514180291436543e-01
2.800000000000000e+00	5.173941723806356e-01
2.800000000000000e+00	5.779600333639123e-01
2.800000000000000e+00	5.529986296024566e-01
2.800000000000000e+00	5.318643209380508e-01
