2.800000000000000e+00	9.819525152440292e+00
2.800000000000000e+00	9.820430850671144e+00
2.800000000000000e+00	9.663790896720208e+00
2.800000000000000e+00	9.591183747939217e+00
2.800000000000000e+00	9.693449951204771e+00
2.800000000000000e+00	9.847145676135430e+00
2.800000000000000e+00	9.555341841851636e+00
2.800000000000000e+00	9.521107094268492e+00
2.800000000000000e+00	9.619970409391506e+00
2.800000000000000e+00	9.686207606891303e+00
2.800000000000000e+00	9.785023290642906e+00
2.800000000000000e+00	9.620338334016280e+00
2.800000000000000e+00	9.723040719977780e+00
2.800000000000000e+00	9.704604640242314e+00
2.800000000000000e+00	9.595766774503543e+00
2.800000000000000e+00	9.586798398607392e+00
2.800000000000000e+00	9.510240766522575e+00
2.800000000000000e+00	9.691341117435165e+00
2.800000000000000e+00	9.511514420370769e+00
2.800000000000000e+00	9.720597359474146e+00
2.800000000000000e+00	9.669462003183996e+00
2.800000000000000e+00	9.603783926354861e+00
2.800000000000000e+00	9.567045940438422e+00
2.800000000000000e+00	9.589347301117170e+00
2.800000000000000e+00	9.676626474068138e+00
2.800000000000000e+00	9.755094171856467e+00
2.800000000000000e+00	9.871413703410854e+00
2.800000000000000e+00	9.683182464252887e+00
2.800000000000000e+00	9.640449164374006e+00
2.800000000000000e+00	9.512353218499076e+00
2.800000000000000e+00	9.710297171665882e+00
2.800000000000000e+00	9.737436561018562e+00
2.800000000000000e+00	9.550777706137707e+00
2.800000000000000e+00	9.707594490553570e+00
2.800000000000000e+00	9.707333545700877e+00
2.800000000000000e+00	9.571048897145696e+00
2.800000000000000e+00	9.587076914410970e+00
2.800000000000000e+00	9.628229864052596e+00
2.800000000000000e+00	9.623461787235936e+00
2.800000000000000e+00	9.698894437889123e+00
2.800000000000000e+00	9.491685329779664e+00
2.800000000000000e+00	9.655075079184792e+00
2.800000000000000e+00	9.610742114801468e+00
2.800000000000000e+00	9.551409118373227e+00
2.800000000000000e+00	9.704172400636866e+00
2.800000000000000e+00	9.601965357186497e+00
2.800000000000000e+00	9.803813684836278e+00
2.800000000000000e+00	9.592938358909180e+00
2.800000000000000e+00	9.515350706457181e+00
2.800000000000000e+00	9.560233520805337e+00
2.800000000000000e+00	9.581979997760733e+00
2.800000000000000e+00	9.603608775284741e+00
2.800000000000000e+00	9.641430442689279e+00
2.800000000000000e+00	9.467332216710165e+00
2.800000000000000e+00	9.743547128529531e+00
2.800000000000000e+00	9.467835712029643e+00
2.800000000000000e+00	9.559012088549498e+00
2.800000000000000e+00	9.715233655764701e+00
2.800000000000000e+00	9.702881394463533e+00
2.800000000000000e+00	9.465801985833796e+00
2.800000000000000e+00	9.478503840539311e+00
2.800000000000000e+00	9.590516528296966e+00
2.800000000000000e+00	9.766780824055623e+00
2.800000000000000e+00	9.844636291010907e+00
2.800000000000000e+00	9.700068398378791e+00
2.800000000000000e+00	9.620977137607317e+00
2.800000000000000e+00	9.461953683840632e+00
2.800000000000000e+00	9.463788487489889e+00
2.800000000000000e+00	9.565325663192128e+00
2.800000000000000e+00	9.659833514707005e+00
2.800000000000000e+00	9.620051437757780e+00
2.800000000000000e+00	9.645566111767764e+00
2.800000000000000e+00	9.575227877214351e+00
2.800000000000000e+00	9.565657351910097e+00
2.800000000000000e+00	9.592762351195926e+00
2.800000000000000e+00	9.494450276196186e+00
2.800000000000000e+00	9.445333055502518e+00
2.800000000000000e+00	9.733333615104019e+00
2.800000000000000e+00	9.698640258182575e+00
2.800000000000000e+00	9.583245872653055e+00
2.800000000000000e+00	9.571966342748574e+00
2.800000000000000e+00	9.555402451344801e+00
2.800000000000000e+00	9.652957351808102e+00
2.800000000000000e+00	9.671721190723209e+00
2.800000000000000e+00	9.601052869334033e+00
2.800000000000000e+00	9.627540225897679e+00
2.800000000000000e+00	9.548808079187824e+00
2.800000000000000e+00	9.591024194519846e+00
2.800000000000000e+00	9.641212762860153e+00
2.800000000000000e+00	9.543962603750906e+00
2.800000000000000e+00	9.650661612680592e+00
2.800000000000000e+00	9.789449406808135e+00
2.800000000000000e+00	9.683253105886770e+00
2.800000000000000e+00	9.551786866617197e+00
2.800000000000000e+00	9.613877086798990e+00
2.800000000000000e+00	9.625646975680009e+00
2.800000000000000e+00	9.543035435197480e+00
2.800000000000000e+00	9.659897941921434e+00
2.800000000000000e+00	9.566663201798642e+00
2.800000000000000e+00	9.554446640770111e+00
2.800000000000000e+00	9.532518301762515e+00
2.800000000000000e+00	9.549304459677298e+00
2.800000000000000e+00	9.724919161478772e+00
2.800000000000000e+00	9.607703108420679e+00
2.800000000000000e+00	9.488398320116421e+00
2.800000000000000e+00	9.628288423238903e+00
2.800000000000000e+00	9.642338699127576e+00
2.800000000000000e+00	9.681983890719760e+00
2.800000000000000e+00	9.554418633929759e+00
2.800000000000000e+00	9.656856711957598e+00
2.800000000000000e+00	9.638598204083014e+00
2.800000000000000e+00	9.560732765642328e+00
2.800000000000000e+00	9.550224594069913e+00
2.800000000000000e+00	9.632612379059605e+00
2.800000000000000e+00	9.398787892362531e+00
2.800000000000000e+00	9.545223873557941e+00
2.800000000000000e+00	9.724339282900626e+00
2.800000000000000e+00	9.697008281060576e+00
2.800000000000000e+00	9.613032050645126e+00
2.800000000000000e+00	9.599714718484561e+00
2.800000000000000e+00	9.701558226924702e+00
2.800000000000000e+00	9.541268992746989e+00
2.800000000000000e+00	9.468200091121002e+00
2.800000000000000e+00	9.419541183228967e+00
2.800000000000000e+00	9.492296426778280e+00
2.800000000000000e+00	9.627198444454192e+00
2.800000000000000e+00	9.690770498384829e+00
2.800000000000000e+00	9.637823363710437e+00
2.800000000000000e+00	9.635554297481601e+00
2.800000000000000e+00	9.515209868153956e+00
2.800000000000000e+00	9.519947965894637e+00
2.800000000000000e+00	9.817336318389428e+00
2.800000000000000e+00	9.529040591065829e+00
2.800000000000000e+00	9.659976996221326e+00
2.800000000000000e+00	9.617942008436234e+00
2.800000000000000e+00	9.597342149686055e+00
2.800000000000000e+00	9.541901034567301e+00
2.800000000000000e+00	9.775014316082736e+00
2.800000000000000e+00	9.524973174697013e+00
2.800000000000000e+00	9.625525053175549e+00
2.800000000000000e+00	9.654852303357508e+00
2.800000000000000e+00	9.599577811584307e+00
2.800000000000000e+00	9.514926593593730e+00
2.800000000000000e+00	9.464567128863051e+00
2.800000000000000e+00	9.434882412749458e+00
2.800000000000000e+00	9.662253778391722e+00
2.800000000000000e+00	9.536827847845597e+00
2.800000000000000e+00	9.727442054320495e+00
2.800000000000000e+00	9.726834029331744e+00
2.800000000000000e+00	9.542848194770627e+00
2.800000000000000e+00	9.625261430102469e+00
2.800000000000000e+00	9.774808050693593e+00
2.800000000000000e+00	9.528646474997144e+00
2.800000000000000e+00	9.438904816272883e+00
2.800000000000000e+00	9.604867701044336e+00
2.800000000000000e+00	9.554663116529772e+00
2.800000000000000e+00	9.652789413820035e+00
2.800000000000000e+00	9.670281481076263e+00
2.800000000000000e+00	9.759135042983402e+00
2.800000000000000e+00	9.693681485897059e+00
2.800000000000000e+00	9.707377632917211e+00
2.800000000000000e+00	9.496525282827026e+00
2.800000000000000e+00	9.341435099761458e+00
2.800000000000000e+00	9.664407565314187e+00
2.800000000000000e+00	9.713188856499199e+00
2.800000000000000e+00	9.594617893523505e+00
2.800000000000000e+00	9.672824297618792e+00
2.800000000000000e+00	9.559066084140207e+00
2.800000000000000e+00	9.615892313769869e+00
2.800000000000000e+00	9.555209223685836e+00
2.800000000000000e+00	9.532620275031173e+00
2.800000000000000e+00	9.707277299554883e+00
2.800000000000000e+00	9.723167889127893e+00
2.800000000000000e+00	9.763798922225952e+00
2.800000000000000e+00	9.557961802713850e+00
2.800000000000000e+00	9.647629522625008e+00
2.800000000000000e+00	9.408768801165616e+00
2.800000000000000e+00	9.734675282401472e+00
2.800000000000000e+00	9.445043999838147e+00
2.800000000000000e+00	9.553809874742829e+00
2.800000000000000e+00	9.410186498708500e+00
2.800000000000000e+00	9.620617984836100e+00
2.800000000000000e+00	9.686605104785578e+00
2.800000000000000e+00	9.736677401057996e+00
2.800000000000000e+00	9.550667501581405e+00
2.800000000000000e+00	9.501552166411820e+00
2.800000000000000e+00	9.541534055548173e+00
2.800000000000000e+00	9.490712468139574e+00
2.800000000000000e+00	9.684608973842657e+00
2.800000000000000e+00	9.806948125515593e+00
2.800000000000000e+00	9.741717204940976e+00
2.800000000000000e+00	9.724429228785091e+00
2.800000000000000e+00	9.746106415327995e+00
2.800000000000000e+00	9.701597426600305e+00
2.800000000000000e+00	9.804611342068068e+00
2.800000000000000e+00	9.473035162804260e+00
2.800000000000000e+00	9.603066147585782e+00
2.800000000000000e+00	9.765259485291956e+00
2.800000000000000e+00	9.599552813126049e+00
2.800000000000000e+00	9.613799925871556e+00
2.800000000000000e+00	9.665724164032067e+00
2.800000000000000e+00	9.650407094302999e+00
2.800000000000000e+00	9.614000631065725e+00
2.800000000000000e+00	9.991495385948454e+00
2.800000000000000e+00	9.608562193947995e+00
2.800000000000000e+00	9.711618335596135e+00
2.800000000000000e+00	9.674333625364547e+00
2.800000000000000e+00	9.522228252351418e+00
2.800000000000000e+00	9.659472059412442e+00
2.800000000000000e+00	9.428125872565831e+00
2.800000000000000e+00	9.676517384351762e+00
2.800000000000000e+00	9.684365472008819e+00
2.800000000000000e+00	9.559857939260004e+00
2.800000000000000e+00	9.631707208555474e+00
2.800000000000000e+00	9.755106516517584e+00
2.800000000000000e+00	9.558473697190824e+00
2.800000000000000e+00	9.783407989093535e+00
2.800000000000000e+00	9.616202435583777e+00
2.800000000000000e+00	9.409237821850361e+00
2.800000000000000e+00	9.525784113893144e+00
2.800000000000000e+00	9.556773692530427e+00
2.800000000000000e+00	9.654099025055748e+00
2.800000000000000e+00	9.437504715082557e+00
2.800000000000000e+00	9.519121571587396e+00
2.800000000000000e+00	9.436479138928981e+00
2.800000000000000e+00	9.591284760615036e+00
2.800000000000000e+00	9.566335140632463e+00
2.800000000000000e+00	9.841998126448752e+00
2.800000000000000e+00	9.496525963659362e+00
2.800000000000000e+00	9.562085009258197e+00
2.800000000000000e+00	9.579535455671772e+00
2.800000000000000e+00	9.652281023717149e+00
2.800000000000000e+00	9.731875945225381e+00
2.800000000000000e+00	9.693186371922458e+00
2.800000000000000e+00	9.495162482389654e+00
2.800000000000000e+00	9.663169657662934e+00
2.800000000000000e+00	9.630197833427214e+00
2.800000000000000e+00	9.865274141884591e+00
2.800000000000000e+00	9.265254048333126e+00
2.800000000000000e+00	9.480868402425404e+00
2.800000000000000e+00	9.740672167291603e+00
2.800000000000000e+00	9.489109896668886e+00
2.800000000000000e+00	9.588334225667740e+00
2.800000000000000e+00	9.373917058398668e+00
2.800000000000000e+00	9.469960400150160e+00
2.800000000000000e+00	9.588255428184912e+00
2.800000000000000e+00	9.616640223222173e+00
2.800000000000000e+00	9.647693053309677e+00
2.800000000000000e+00	9.598753116046487e+00
2.800000000000000e+00	9.399207367356263e+00
2.800000000000000e+00	9.795652129559674e+00
2.800000000000000e+00	9.593580589941006e+00
2.800000000000000e+00	9.755516995462099e+00
2.800000000000000e+00	9.747693284804313e+00
2.800000000000000e+00	9.609976850248138e+00
2.800000000000000e+00	9.569304851026427e+00
2.800000000000000e+00	9.537736798032899e+00
2.800000000000000e+00	9.760207185764592e+00
2.800000000000000e+00	9.506726346275371e+00
2.800000000000000e+00	9.626885205264559e+00
2.800000000000000e+00	9.832243954763682e+00
2.800000000000000e+00	9.396274655546605e+00
2.800000000000000e+00	9.531304349964598e+00
2.800000000000000e+00	9.725477985700650e+00
2.800000000000000e+00	9.630797718378506e+00
2.800000000000000e+00	9.743032132522691e+00
2.800000000000000e+00	9.562560361731794e+00
2.800000000000000e+00	9.713817974680795e+00
2.800000000000000e+00	9.680058274698951e+00
2.800000000000000e+00	9.581917894572513e+00
2.800000000000000e+00	9.635060407389517e+00
2.800000000000000e+00	9.536983247321544e+00
2.800000000000000e+00	9.564269442454885e+00
2.800000000000000e+00	9.567170052469155e+00
2.800000000000000e+00	9.640178127544953e+00
2.800000000000000e+00	9.630118317913595e+00
2.800000000000000e+00	9.748138319898263e+00
2.800000000000000e+00	9.561445934823581e+00
2.800000000000000e+00	9.588762282332794e+00
2.800000000000000e+00	9.606915179340831e+00
2.800000000000000e+00	9.758652678185250e+00
2.800000000000000e+00	9.571260625227636e+00
2.800000000000000e+00	9.622107569211027e+00
2.800000000000000e+00	9.665719388184257e+00
2.800000000000000e+00	9.527055968333814e+00
2.800000000000000e+00	9.633778101651735e+00
2.800000000000000e+00	9.820583664578308e+00
2.800000000000000e+00	9.702026334727123e+00
2.800000000000000e+00	9.702296927991163e+00
2.800000000000000e+00	9.510441337483947e+00
2.800000000000000e+00	9.597869826935559e+00
2.800000000000000e+00	9.670490363779928e+00
2.800000000000000e+00	9.715362600937073e+00
2.800000000000000e+00	9.657290594514642e+00
2.800000000000000e+00	9.487914798151232e+00
2.800000000000000e+00	9.522350775776726e+00
2.800000000000000e+00	9.681025517474781e+00
2.800000000000000e+00	9.714332633944622e+00
2.800000000000000e+00	9.739853783764946e+00
2.800000000000000e+00	9.738766482184745e+00
2.800000000000000e+00	9.577007504167634e+00
2.800000000000000e+00	9.666445225939292e+00
2.800000000000000e+00	9.587093664208528e+00
2.800000000000000e+00	9.497559164308019e+00
2.800000000000000e+00	9.547462984569655e+00
2.800000000000000e+00	9.734551521466054e+00
2.800000000000000e+00	9.670534372112257e+00
2.800000000000000e+00	9.600028370545820e+00
2.800000000000000e+00	9.605236003277383e+00
2.800000000000000e+00	9.581045687299278e+00
2.800000000000000e+00	9.493392264993474e+00
2.800000000000000e+00	9.567714641391461e+00
2.800000000000000e+00	9.595394007283847e+00
2.800000000000000e+00	9.555157275509595e+00
2.800000000000000e+00	9.499452005306287e+00
2.800000000000000e+00	9.450335600031746e+00
2.800000000000000e+00	9.781698352087687e+00
2.800000000000000e+00	9.882100219824416e+00
2.800000000000000e+00	9.623262966720954e+00
2.800000000000000e+00	9.664872522152011e+00
2.800000000000000e+00	9.725449936434185e+00
2.800000000000000e+00	9.706907915206042e+00
2.800000000000000e+00	9.785223628563440e+00
2.800000000000000e+00	9.508532337070186e+00
2.800000000000000e+00	9.778293556447831e+00
2.800000000000000e+00	9.635331460831601e+00
2.800000000000000e+00	9.738299634021718e+00
2.800000000000000e+00	9.639504432378441e+00
2.800000000000000e+00	9.651361489554965e+00
2.800000000000000e+00	9.780253101352210e+00
2.800000000000000e+00	9.518943994145392e+00
2.800000000000000e+00	9.400020849253213e+00
2.800000000000000e+00	9.633654029406534e+00
2.800000000000000e+00	9.677022117238394e+00
2.800000000000000e+00	9.504177058749748e+00
2.800000000000000e+00	9.812256060812819e+00
2.800000000000000e+00	9.760330074475757e+00
2.800000000000000e+00	9.836518029086488e+00
2.800000000000000e+00	9.687144294889546e+00
2.800000000000000e+00	9.699784626002845e+00
2.800000000000000e+00	9.612034922645741e+00
2.800000000000000e+00	9.592337086794409e+00
2.800000000000000e+00	9.818663761048548e+00
2.800000000000000e+00	9.682334023519850e+00
2.800000000000000e+00	9.784957428556245e+00
2.800000000000000e+00	9.680157950610830e+00
2.800000000000000e+00	9.584233581718967e+00
2.800000000000000e+00	9.740672622803535e+00
2.800000000000000e+00	9.439935811796047e+00
2.800000000000000e+00	9.651416911281466e+00
2.800000000000000e+00	9.650746985863583e+00
2.800000000000000e+00	9.431875630168657e+00
2.800000000000000e+00	9.688385991890971e+00
2.800000000000000e+00	9.597748909245574e+00
2.800000000000000e+00	9.651156405647281e+00
2.800000000000000e+00	9.656186652122482e+00
2.800000000000000e+00	9.750198946359273e+00
2.800000000000000e+00	9.629856182280722e+00
2.800000000000000e+00	9.710098260171192e+00
2.800000000000000e+00	9.636607471565309e+00
2.800000000000000e+00	9.926699482478170e+00
2.800000000000000e+00	9.664301694749859e+00
2.800000000000000e+00	9.591571364507978e+00
2.800000000000000e+00	9.640559584918947e+00
2.800000000000000e+00	9.628234049499547e+00
2.800000000000000e+00	9.541601640828286e+00
2.800000000000000e+00	9.596684634673075e+00
2.800000000000000e+00	9.653119158837143e+00
2.800000000000000e+00	9.536343699378161e+00
2.800000000000000e+00	9.628215401956705e+00
2.800000000000000e+00	9.603767947703682e+00
2.800000000000000e+00	9.527542715364943e+00
2.800000000000000e+00	9.590336260972581e+00
2.800000000000000e+00	9.584198913627514e+00
2.800000000000000e+00	9.575320888779659e+00
2.800000000000000e+00	9.895335044188210e+00
2.800000000000000e+00	9.516391609311757e+00
2.800000000000000e+00	9.585007591527596e+00
2.800000000000000e+00	9.548813962745086e+00
2.800000000000000e+00	9.604470019422568e+00
2.800000000000000e+00	9.449653325396216e+00
2.800000000000000e+00	9.547121368147589e+00
2.800000000000000e+00	9.516326459446720e+00
2.800000000000000e+00	9.718068875122247e+00
2.800000000000000e+00	9.627360199344279e+00
2.800000000000000e+00	9.579484825904949e+00
2.800000000000000e+00	9.533287937725362e+00
2.800000000000000e+00	9.644592963369593e+00
2.800000000000000e+00	9.649630412093384e+00
2.800000000000000e+00	9.382819707241401e+00
2.800000000000000e+00	9.524309886950494e+00
2.800000000000000e+00	9.673985022510298e+00
2.800000000000000e+00	9.608443302856994e+00
2.800000000000000e+00	9.411193940863175e+00
2.800000000000000e+00	9.673411058577800e+00
2.800000000000000e+00	9.518762878052460e+00
2.800000000000000e+00	9.692013340704152e+00
2.800000000000000e+00	9.610089464506657e+00
2.800000000000000e+00	9.605423954443857e+00
2.800000000000000e+00	9.650277138892911e+00
2.800000000000000e+00	9.388809217119761e+00
2.800000000000000e+00	9.563666710133123e+00
2.800000000000000e+00	9.618524479151613e+00
2.800000000000000e+00	9.626047851567044e+00
2.800000000000000e+00	9.524947858395223e+00
2.800000000000000e+00	9.833188699895921e+00
2.800000000000000e+00	9.781340832568736e+00
2.800000000000000e+00	9.577548057987308e+00
2.800000000000000e+00	9.678016046198076e+00
2.800000000000000e+00	9.453190312588527e+00
2.800000000000000e+00	9.632940906330985e+00
2.800000000000000e+00	9.559302166528170e+00
2.800000000000000e+00	9.539251821594251e+00
2.800000000000000e+00	9.597756382872431e+00
2.800000000000000e+00	9.698737080863509e+00
2.800000000000000e+00	9.839111914806299e+00
2.800000000000000e+00	9.641216151754486e+00
2.800000000000000e+00	9.505777768763396e+00
2.800000000000000e+00	9.706503004118037e+00
2.800000000000000e+00	9.678859696225061e+00
2.800000000000000e+00	9.445313035041458e+00
2.800000000000000e+00	9.380864696476692e+00
2.800000000000000e+00	9.547314265823870e+00
2.800000000000000e+00	9.722294257455466e+00
2.800000000000000e+00	9.719434108949784e+00
2.800000000000000e+00	9.675695428672739e+00
2.800000000000000e+00	9.607220715115950e+00
2.800000000000000e+00	9.521355486188639e+00
2.800000000000000e+00	9.701805144720112e+00
2.800000000000000e+00	9.736262953680576e+00
2.800000000000000e+00	9.758020456202013e+00
2.800000000000000e+00	9.869633734293577e+00
2.800000000000000e+00	9.638745602365475e+00
2.800000000000000e+00	9.562458150539353e+00
2.800000000000000e+00	9.608112204965348e+00
2.800000000000000e+00	9.599762770357998e+00
2.800000000000000e+00	9.800281896622018e+00
2.800000000000000e+00	9.759089214335805e+00
2.800000000000000e+00	9.585795623111769e+00
2.800000000000000e+00	9.598082790748405e+00
2.800000000000000e+00	9.672538219617508e+00
2.800000000000000e+00	9.602267654405347e+00
2.800000000000000e+00	9.527702272480681e+00
2.800000000000000e+00	9.514654295945988e+00
2.800000000000000e+00	9.492966751239894e+00
2.800000000000000e+00	9.575863837942459e+00
2.800000000000000e+00	9.636358192018143e+00
2.800000000000000e+00	9.755184750880865e+00
2.800000000000000e+00	9.775224864272289e+00
2.800000000000000e+00	9.592181778483486e+00
2.800000000000000e+00	9.720334662138271e+00
2.800000000000000e+00	9.676140949704315e+00
2.800000000000000e+00	9.609726188056154e+00
2.800000000000000e+00	9.719939734638091e+00
2.800000000000000e+00	9.733105249239667e+00
2.800000000000000e+00	9.717535907599462e+00
2.800000000000000e+00	9.773308802476418e+00
2.800000000000000e+00	9.723491837972075e+00
2.800000000000000e+00	9.597202666465460e+00
2.800000000000000e+00	9.724060332612270e+00
2.800000000000000e+00	9.542960582204771e+00
2.800000000000000e+00	9.612101663815505e+00
2.800000000000000e+00	9.381425134709090e+00
2.800000000000000e+00	9.566952591922240e+00
2.800000000000000e+00	9.515381967567151e+00
2.800000000000000e+00	9.742554031244328e+00
2.800000000000000e+00	9.479077584931440e+00
2.800000000000000e+00	9.511508122307454e+00
2.800000000000000e+00	9.546946572045890e+00
2.800000000000000e+00	9.776779413323325e+00
2.800000000000000e+00	9.761222358648551e+00
2.800000000000000e+00	9.600962500932354e+00
2.800000000000000e+00	9.507361966378006e+00
2.800000000000000e+00	9.623344994868756e+00
2.800000000000000e+00	9.562085164424239e+00
2.800000000000000e+00	9.721854285387044e+00
2.800000000000000e+00	9.784209572283846e+00
2.800000000000000e+00	9.501380233797503e+00
2.800000000000000e+00	9.502701444106492e+00
2.800000000000000e+00	9.739882440940367e+00
2.800000000000000e+00	9.689005072706205e+00
2.800000000000000e+00	9.638657288562836e+00
2.800000000000000e+00	9.749360392830356e+00
2.800000000000000e+00	9.559778172837170e+00
2.800000000000000e+00	9.741031130991466e+00
2.800000000000000e+00	9.766412352056420e+00
2.800000000000000e+00	9.723812501677092e+00
2.800000000000000e+00	9.587964850028740e+00
2.800000000000000e+00	9.632904386850992e+00
2.800000000000000e+00	9.604092592099592e+00
2.800000000000000e+00	9.550338416934189e+00
2.800000000000000e+00	9.514660181682054e+00
2.800000000000000e+00	9.723260204608065e+00
2.800000000000000e+00	9.710733111787018e+00
2.800000000000000e+00	9.614182228176219e+00
2.800000000000000e+00	9.557424847936764e+00
2.800000000000000e+00	9.744531851540739e+00
2.800000000000000e+00	9.702268572148132e+00
2.800000000000000e+00	9.690584493920850e+00
2.800000000000000e+00	9.786129502080364e+00
2.800000000000000e+00	9.747423661672283e+00
2.800000000000000e+00	9.554956959398915e+00
2.800000000000000e+00	9.598581208655368e+00
2.800000000000000e+00	9.657937875767985e+00
2.800000000000000e+00	9.633877452286640e+00
2.800000000000000e+00	9.589685703318759e+00
2.800000000000000e+00	9.665213417250579e+00
2.800000000000000e+00	9.585925864976408e+00
2.800000000000000e+00	9.577273748562668e+00
2.800000000000000e+00	9.514590374268588e+00
2.800000000000000e+00	9.640753532818596e+00
2.800000000000000e+00	9.833576592603158e+00
2.800000000000000e+00	9.663232285314958e+00
2.800000000000000e+00	9.846610600890129e+00
2.800000000000000e+00	9.755206012120214e+00
2.800000000000000e+00	9.566354153400022e+00
2.800000000000000e+00	9.857815485040547e+00
2.800000000000000e+00	9.522649587301185e+00
2.800000000000000e+00	9.594699676242787e+00
2.800000000000000e+00	9.733631245850519e+00
2.800000000000000e+00	9.713270869547447e+00
2.800000000000000e+00	9.708332155705440e+00
2.800000000000000e+00	9.452305951436124e+00
2.800000000000000e+00	9.668034927295007e+00
2.800000000000000e+00	9.374085185798059e+00
2.800000000000000e+00	9.590129553945854e+00
2.800000000000000e+00	9.656882150262749e+00
2.800000000000000e+00	9.655055139350470e+00
2.800000000000000e+00	9.653316424909301e+00
2.800000000000000e+00	9.556643847645333e+00
2.800000000000000e+00	9.663976121722447e+00
2.800000000000000e+00	9.731273057648279e+00
2.800000000000000e+00	9.644234706766962e+00
2.800000000000000e+00	9.842989903913370e+00
2.800000000000000e+00	9.248994038776242e+00
2.800000000000000e+00	9.649211056586074e+00
2.800000000000000e+00	9.697380150929447e+00
2.800000000000000e+00	9.623304851590753e+00
2.800000000000000e+00	9.788398140936593e+00
2.800000000000000e+00	9.704468442007723e+00
2.800000000000000e+00	9.622716540764614e+00
2.800000000000000e+00	9.451080715448892e+00
2.800000000000000e+00	9.727963359397194e+00
2.800000000000000e+00	9.535054298051673e+00
2.800000000000000e+00	9.567926671549841e+00
2.800000000000000e+00	9.643845237750881e+00
2.800000000000000e+00	9.720383511001639e+00
2.800000000000000e+00	9.590487604980554e+00
2.800000000000000e+00	9.596016435601904e+00
2.800000000000000e+00	9.713478978452962e+00
2.800000000000000e+00	9.618653211330193e+00
2.800000000000000e+00	9.756385727764556e+00
2.800000000000000e+00	9.701967552009641e+00
2.800000000000000e+00	9.625141095239190e+00
2.800000000000000e+00	9.511545363030983e+00
2.800000000000000e+00	9.681115352122809e+00
2.800000000000000e+00	9.663974599738584e+00
2.800000000000000e+00	9.626382655404129e+00
2.800000000000000e+00	9.652223993749232e+00
2.800000000000000e+00	9.705671846954415e+00
2.800000000000000e+00	9.823671423077549e+00
2.800000000000000e+00	9.784229760404624e+00
2.800000000000000e+00	9.736687223149330e+00
2.800000000000000e+00	9.584711201583458e+00
2.800000000000000e+00	9.517454145398101e+00
2.800000000000000e+00	9.618508777687532e+00
2.800000000000000e+00	9.726035459858430e+00
2.800000000000000e+00	9.669388433240591e+00
2.800000000000000e+00	9.589634737970066e+00
2.800000000000000e+00	9.622696169505843e+00
2.800000000000000e+00	9.813048377262177e+00
2.800000000000000e+00	9.691292477392834e+00
2.800000000000000e+00	9.773063487724684e+00
2.800000000000000e+00	9.569220972836302e+00
2.800000000000000e+00	9.644830409285579e+00
2.800000000000000e+00	9.713724845200321e+00
2.800000000000000e+00	9.641737455135454e+00
2.800000000000000e+00	9.557591175921566e+00
2.800000000000000e+00	9.550344704525768e+00
2.800000000000000e+00	9.496802414584332e+00
2.800000000000000e+00	9.647251381425988e+00
2.800000000000000e+00	9.643811556641371e+00
2.800000000000000e+00	9.624733638643548e+00
2.800000000000000e+00	9.655713309745126e+00
2.800000000000000e+00	9.460806440991872e+00
2.800000000000000e+00	9.721407805351792e+00
2.800000000000000e+00	9.778808244254572e+00
2.800000000000000e+00	9.616047841062457e+00
2.800000000000000e+00	9.759606363134782e+00
2.800000000000000e+00	9.375693762764906e+00
2.800000000000000e+00	9.431132470761646e+00
2.800000000000000e+00	9.651287046395739e+00
2.800000000000000e+00	9.495674761546054e+00
2.800000000000000e+00	9.484158568555095e+00
2.800000000000000e+00	9.520434601010599e+00
2.800000000000000e+00	9.894978509502995e+00
2.800000000000000e+00	9.415733691766693e+00
2.800000000000000e+00	9.473689549352343e+00
2.800000000000000e+00	9.575650488284502e+00
2.800000000000000e+00	9.586041650203605e+00
2.800000000000000e+00	9.697555687004799e+00
2.800000000000000e+00	9.870173350497256e+00
2.800000000000000e+00	9.646263665240415e+00
2.800000000000000e+00	9.660243501396311e+00
2.800000000000000e+00	9.707352932701967e+00
2.800000000000000e+00	9.638663426679170e+00
2.800000000000000e+00	9.484199957704357e+00
2.800000000000000e+00	9.711791308864699e+00
2.800000000000000e+00	9.665681004120081e+00
2.800000000000000e+00	9.522587412362070e+00
2.800000000000000e+00	9.828912892091363e+00
2.800000000000000e+00	9.487416309803617e+00
2.800000000000000e+00	9.583130782954553e+00
2.800000000000000e+00	9.616075430380359e+00
2.800000000000000e+00	9.520298795979436e+00
2.800000000000000e+00	9.744972775330623e+00
2.800000000000000e+00	9.696249884818508e+00
2.800000000000000e+00	9.646235863098427e+00
2.800000000000000e+00	9.542540036293978e+00
2.800000000000000e+00	9.704047882117134e+00
2.800000000000000e+00	9.503720622229721e+00
2.800000000000000e+00	9.626428544932162e+00
2.800000000000000e+00	9.732775533336788e+00
2.800000000000000e+00	9.662392999088397e+00
2.800000000000000e+00	9.350786491647526e+00
2.800000000000000e+00	9.627831591589761e+00
2.800000000000000e+00	9.640006434925240e+00
2.800000000000000e+00	9.707023452663949e+00
2.800000000000000e+00	9.690793203433238e+00
2.800000000000000e+00	9.536435937016790e+00
2.800000000000000e+00	9.493611157447251e+00
2.800000000000000e+00	9.728295551580775e+00
2.800000000000000e+00	9.677810072381078e+00
2.800000000000000e+00	9.597315289004522e+00
2.800000000000000e+00	9.776401618406435e+00
2.800000000000000e+00	9.618033524000065e+00
2.800000000000000e+00	9.629783833829705e+00
2.800000000000000e+00	9.549227588641102e+00
2.800000000000000e+00	9.728088516742616e+00
2.800000000000000e+00	9.566339408906320e+00
2.800000000000000e+00	9.451194984493824e+00
2.800000000000000e+00	9.549852421737395e+00
2.800000000000000e+00	9.764947184972383e+00
2.800000000000000e+00	9.794317461341102e+00
2.800000000000000e+00	9.770757948822771e+00
2.800000000000000e+00	9.633004244192207e+00
2.800000000000000e+00	9.569024612306865e+00
2.800000000000000e+00	9.596358807186984e+00
2.800000000000000e+00	9.630358239436223e+00
2.800000000000000e+00	9.646906313690778e+00
2.800000000000000e+00	9.664556484540775e+00
2.800000000000000e+00	9.590817411356166e+00
2.800000000000000e+00	9.566682660836966e+00
2.800000000000000e+00	9.649738120164089e+00
2.800000000000000e+00	9.712113888504980e+00
2.800000000000000e+00	9.602271538293955e+00
2.800000000000000e+00	9.604208325859240e+00
2.800000000000000e+00	9.613142064661872e+00
2.800000000000000e+00	9.611902327459489e+00
2.800000000000000e+00	9.665000476335960e+00
2.800000000000000e+00	9.637018721115826e+00
2.800000000000000e+00	9.833759810177700e+00
2.800000000000000e+00	9.721578274366394e+00
2.800000000000000e+00	9.626367185904543e+00
2.800000000000000e+00	9.677749176731034e+00
2.800000000000000e+00	9.662945801419774e+00
2.800000000000000e+00	9.661430100745545e+00
2.800000000000000e+00	9.714551096540960e+00
2.800000000000000e+00	9.690597777645774e+00
2.800000000000000e+00	9.685823304914972e+00
2.800000000000000e+00	9.408537575073849e+00
2.800000000000000e+00	9.689638951419170e+00
2.800000000000000e+00	9.678786573787580e+00
2.800000000000000e+00	9.617133262932335e+00
2.800000000000000e+00	9.579155708696673e+00
2.800000000000000e+00	9.788058787589859e+00
2.800000000000000e+00	9.629010426227595e+00
2.800000000000000e+00	9.808173552818353e+00
2.800000000000000e+00	9.523243309507368e+00
2.800000000000000e+00	9.664137261087950e+00
2.800000000000000e+00	9.531434823926759e+00
2.800000000000000e+00	9.716116981916780e+00
2.800000000000000e+00	9.690977305414597e+00
2.800000000000000e+00	9.725892400934359e+00
2.800000000000000e+00	9.724312758959254e+00
2.800000000000000e+00	9.498436515821243e+00
2.800000000000000e+00	9.628808481458160e+00
2.800000000000000e+00	9.848432098054932e+00
2.800000000000000e+00	9.531836803820449e+00
2.800000000000000e+00	9.574437697080544e+00
2.800000000000000e+00	9.613604312962645e+00
2.800000000000000e+00	9.754764717671833e+00
2.800000000000000e+00	9.618690747062441e+00
2.800000000000000e+00	9.466979491725933e+00
2.800000000000000e+00	9.599362375437805e+00
2.800000000000000e+00	9.714242086570003e+00
2.800000000000000e+00	9.559641428468019e+00
2.800000000000000e+00	9.447026290754938e+00
2.800000000000000e+00	9.799338226085890e+00
2.800000000000000e+00	9.558030895369328e+00
2.800000000000000e+00	9.688110500128081e+00
2.800000000000000e+00	9.782642593160597e+00
2.800000000000000e+00	9.788679707217691e+00
2.800000000000000e+00	9.381265737928473e+00
2.800000000000000e+00	9.671627149189504e+00
2.800000000000000e+00	9.549702182197681e+00
2.800000000000000e+00	9.736680624867061e+00
2.800000000000000e+00	9.555845909226473e+00
2.800000000000000e+00	9.850623142488153e+00
2.800000000000000e+00	9.690749055433670e+00
2.800000000000000e+00	9.749561848156990e+00
2.800000000000000e+00	9.677096550716740e+00
2.800000000000000e+00	9.704729869283227e+00
2.800000000000000e+00	9.512332512601105e+00
2.800000000000000e+00	9.703315352296189e+00
2.800000000000000e+00	9.620031112503638e+00
2.800000000000000e+00	9.682594197853996e+00
2.800000000000000e+00	9.550835337604733e+00
2.800000000000000e+00	9.536797361961753e+00
2.800000000000000e+00	9.682256635232580e+00
2.800000000000000e+00	9.289413510948929e+00
2.800000000000000e+00	9.574161036224600e+00
2.800000000000000e+00	9.792587452016988e+00
2.800000000000000e+00	9.550269283740683e+00
2.800000000000000e+00	9.675188725102045e+00
2.800000000000000e+00	9.686897874841490e+00
2.800000000000000e+00	9.667104220101889e+00
2.800000000000000e+00	9.417784558816789e+00
2.800000000000000e+00	9.632155729887272e+00
2.800000000000000e+00	9.702431260992409e+00
2.800000000000000e+00	9.576432373499085e+00
2.800000000000000e+00	9.670032603461074e+00
2.800000000000000e+00	9.498291198705598e+00
2.800000000000000e+00	9.701050048945236e+00
2.800000000000000e+00	9.700544486664089e+00
2.800000000000000e+00	9.589173636724118e+00
2.800000000000000e+00	9.651056923042535e+00
2.800000000000000e+00	9.687093899201656e+00
2.800000000000000e+00	9.650465011611477e+00
2.800000000000000e+00	9.403727952431263e+00
2.800000000000000e+00	9.677208526777044e+00
2.800000000000000e+00	9.776201301845724e+00
2.800000000000000e+00	9.685537173168157e+00
2.800000000000000e+00	9.472332014876663e+00
2.800000000000000e+00	9.693894144201785e+00
2.800000000000000e+00	9.558316170486089e+00
2.800000000000000e+00	9.441201442212911e+00
2.800000000000000e+00	9.658445480338685e+00
2.800000000000000e+00	9.676523193449690e+00
2.800000000000000e+00	9.643112765914022e+00
2.800000000000000e+00	9.601848675572317e+00
2.800000000000000e+00	9.529320823575933e+00
2.800000000000000e+00	9.492220195353692e+00
2.800000000000000e+00	9.565449856194562e+00
2.800000000000000e+00	9.631194514862555e+00
2.800000000000000e+00	9.612973908816000e+00
2.800000000000000e+00	9.408046048990485e+00
2.800000000000000e+00	9.638364910101103e+00
2.800000000000000e+00	9.680318926518074e+00
2.800000000000000e+00	9.485506721881572e+00
2.800000000000000e+00	9.653877320767972e+00
2.800000000000000e+00	9.890366891270364e+00
2.800000000000000e+00	9.734900144246460e+00
2.800000000000000e+00	9.562349112651249e+00
2.800000000000000e+00	9.633888022143129e+00
2.800000000000000e+00	9.740522229847221e+00
2.800000000000000e+00	9.669841577974204e+00
2.800000000000000e+00	9.664476463231727e+00
2.800000000000000e+00	9.489544128508884e+00
2.800000000000000e+00	9.582815452581922e+00
2.800000000000000e+00	9.660196015276483e+00
2.800000000000000e+00	9.610115955750555e+00
2.800000000000000e+00	9.441731616256584e+00
2.800000000000000e+00	9.573678204687679e+00
2.800000000000000e+00	9.700331010419925e+00
2.800000000000000e+00	9.636251653079142e+00
2.800000000000000e+00	9.497395974012392e+00
2.800000000000000e+00	9.628042211241318e+00
2.800000000000000e+00	9.595302799184608e+00
2.800000000000000e+00	9.590480346836593e+00
2.800000000000000e+00	9.539289677836944e+00
2.800000000000000e+00	9.622277167898037e+00
2.800000000000000e+00	9.554647195901349e+00
2.800000000000000e+00	9.719456031236435e+00
2.800000000000000e+00	9.521874924059627e+00
2.800000000000000e+00	9.515411109251705e+00
2.800000000000000e+00	9.758601834860524e+00
2.800000000000000e+00	9.514467159953364e+00
2.800000000000000e+00	9.595661145230839e+00
2.800000000000000e+00	9.673184214105991e+00
2.800000000000000e+00	9.634116554077206e+00
2.800000000000000e+00	9.502650915313598e+00
2.800000000000000e+00	9.521372257498236e+00
2.800000000000000e+00	9.852176006360464e+00
2.800000000000000e+00	9.625831469498797e+00
2.800000000000000e+00	9.504389180745484e+00
2.800000000000000e+00	9.626275898463673e+00
2.800000000000000e+00	9.322403820192477e+00
2.800000000000000e+00	9.708670778964247e+00
2.800000000000000e+00	9.545253583948877e+00
2.800000000000000e+00	9.669090845571475e+00
2.800000000000000e+00	9.744379072587892e+00
2.800000000000000e+00	9.814238710444428e+00
2.800000000000000e+00	9.559742234338492e+00
2.800000000000000e+00	9.646001819629801e+00
2.800000000000000e+00	9.681079140882940e+00
2.800000000000000e+00	9.721675909285539e+00
2.800000000000000e+00	9.561828923151303e+00
2.800000000000000e+00	9.550767239562676e+00
2.800000000000000e+00	9.692256192934218e+00
2.800000000000000e+00	9.695080330136340e+00
2.800000000000000e+00	9.635109736549246e+00
2.800000000000000e+00	9.551451777248335e+00
2.800000000000000e+00	9.500852105439284e+00
2.800000000000000e+00	9.498867347479553e+00
2.800000000000000e+00	9.512673702547552e+00
2.800000000000000e+00	9.738115085538194e+00
2.800000000000000e+00	9.600995361928707e+00
2.800000000000000e+00	9.721266288455165e+00
2.800000000000000e+00	9.551069744973194e+00
2.800000000000000e+00	9.650290182471018e+00
2.800000000000000e+00	9.497829653777920e+00
2.800000000000000e+00	9.744979153666652e+00
2.800000000000000e+00	9.480368191077847e+00
2.800000000000000e+00	9.572701012509143e+00
2.800000000000000e+00	9.622674822273051e+00
2.800000000000000e+00	9.574532813485835e+00
2.800000000000000e+00	9.577055720630131e+00
2.800000000000000e+00	9.769159440388549e+00
2.800000000000000e+00	9.674442075493081e+00
2.800000000000000e+00	9.700736403119876e+00
2.800000000000000e+00	9.581314432828576e+00
2.800000000000000e+00	9.745680152737183e+00
2.800000000000000e+00	9.714459045528784e+00
2.800000000000000e+00	9.444799194342581e+00
2.800000000000000e+00	9.480884126537019e+00
2.800000000000000e+00	9.540334604635760e+00
2.800000000000000e+00	9.679600933331841e+00
2.800000000000000e+00	9.548241859786453e+00
2.800000000000000e+00	9.561280737813306e+00
2.800000000000000e+00	9.643688687561282e+00
2.800000000000000e+00	9.758233638450896e+00
2.800000000000000e+00	9.718170540150531e+00
2.800000000000000e+00	9.849894552743068e+00
2.800000000000000e+00	9.553433509939836e+00
2.800000000000000e+00	9.565800101042523e+00
2.800000000000000e+00	9.454690467975540e+00
2.800000000000000e+00	9.552555005947037e+00
2.800000000000000e+00	9.690458313437333e+00
2.800000000000000e+00	9.456153613898834e+00
2.800000000000000e+00	9.354697712098679e+00
2.800000000000000e+00	9.537655369631430e+00
2.800000000000000e+00	9.716605966731372e+00
2.800000000000000e+00	9.735579877277903e+00
2.800000000000000e+00	9.585277028126159e+00
2.800000000000000e+00	9.651868347813632e+00
2.800000000000000e+00	9.671482410835512e+00
2.800000000000000e+00	9.574877609292631e+00
2.800000000000000e+00	9.527953234713891e+00
2.800000000000000e+00	9.599906590365929e+00
2.800000000000000e+00	9.676977805745345e+00
2.800000000000000e+00	9.649650505843265e+00
2.800000000000000e+00	9.660360691208066e+00
2.800000000000000e+00	9.640525271369402e+00
2.800000000000000e+00	9.530283940788241e+00
2.800000000000000e+00	9.685090187468086e+00
2.800000000000000e+00	9.696756991691947e+00
2.800000000000000e+00	9.592435457897412e+00
2.800000000000000e+00	9.566397035147332e+00
2.800000000000000e+00	9.520550793638293e+00
2.800000000000000e+00	9.455587604508231e+00
2.800000000000000e+00	9.572106215901156e+00
2.800000000000000e+00	9.609950541659160e+00
2.800000000000000e+00	9.548568603707885e+00
2.800000000000000e+00	9.531715029765046e+00
2.800000000000000e+00	9.616553785350668e+00
2.800000000000000e+00	9.762583566190793e+00
2.800000000000000e+00	9.588919696397959e+00
2.800000000000000e+00	9.717048359544995e+00
2.800000000000000e+00	9.755158905738174e+00
2.800000000000000e+00	9.585402948322301e+00
2.800000000000000e+00	9.716278258677979e+00
2.800000000000000e+00	9.659230158722321e+00
2.800000000000000e+00	9.503231092105697e+00
2.800000000000000e+00	9.573416808230341e+00
2.800000000000000e+00	9.794662507797554e+00
2.800000000000000e+00	9.483582007705571e+00
2.800000000000000e+00	9.686323643152390e+00
2.800000000000000e+00	9.777859532438637e+00
2.800000000000000e+00	9.699419110827677e+00
2.800000000000000e+00	9.813018092929251e+00
2.800000000000000e+00	9.712302864550317e+00
2.800000000000000e+00	9.624160893804058e+00
2.800000000000000e+00	9.754841255435959e+00
2.800000000000000e+00	9.633942666150205e+00
2.800000000000000e+00	9.607806451008237e+00
2.800000000000000e+00	9.509884649044405e+00
2.800000000000000e+00	9.438825360256592e+00
2.800000000000000e+00	9.754368862944654e+00
2.800000000000000e+00	9.595526656725671e+00
2.800000000000000e+00	9.698814365737931e+00
2.800000000000000e+00	9.628452604454164e+00
2.800000000000000e+00	9.671720740731736e+00
2.800000000000000e+00	9.577917698659043e+00
2.800000000000000e+00	9.593368817899023e+00
2.800000000000000e+00	9.718969219311358e+00
2.800000000000000e+00	9.535248704696048e+00
2.800000000000000e+00	9.629370156726308e+00
2.800000000000000e+00	9.540918327179591e+00
2.800000000000000e+00	9.656273656476451e+00
2.800000000000000e+00	9.733797427912057e+00
2.800000000000000e+00	9.747810386225384e+00
2.800000000000000e+00	9.598797981358830e+00
2.800000000000000e+00	9.635361377115704e+00
2.800000000000000e+00	9.644884396443226e+00
2.800000000000000e+00	9.631240160195604e+00
2.800000000000000e+00	9.508694338065386e+00
2.800000000000000e+00	9.584207392171793e+00
2.800000000000000e+00	9.809020434535180e+00
2.800000000000000e+00	9.425762726773396e+00
2.800000000000000e+00	9.545366768592057e+00
2.800000000000000e+00	9.517788053475469e+00
2.800000000000000e+00	9.666750302581379e+00
2.800000000000000e+00	9.805048809397833e+00
2.800000000000000e+00	9.635169215075079e+00
2.800000000000000e+00	9.418170401141435e+00
2.800000000000000e+00	9.723967440526993e+00
2.800000000000000e+00	9.461706711752607e+00
2.800000000000000e+00	9.553830981980655e+00
2.800000000000000e+00	9.555565420986813e+00
2.800000000000000e+00	9.629790303120465e+00
2.800000000000000e+00	9.640685121463894e+00
2.800000000000000e+00	9.795719339090155e+00
2.800000000000000e+00	9.622150662427009e+00
2.800000000000000e+00	9.698522661866011e+00
2.800000000000000e+00	9.596829866180007e+00
2.800000000000000e+00	9.603619822622013e+00
2.800000000000000e+00	9.852563358592402e+00
2.800000000000000e+00	9.613127934327082e+00
2.800000000000000e+00	9.463022849961426e+00
2.800000000000000e+00	9.589815139728387e+00
2.800000000000000e+00	9.725489364695761e+00
2.800000000000000e+00	9.601200608686113e+00
2.800000000000000e+00	9.640836281486678e+00
2.800000000000000e+00	9.709651124325582e+00
2.800000000000000e+00	9.649348644857852e+00
2.800000000000000e+00	9.480832611388333e+00
2.800000000000000e+00	9.584010402177055e+00
2.800000000000000e+00	9.584737889318536e+00
2.800000000000000e+00	9.653711689284034e+00
2.800000000000000e+00	9.669413769279940e+00
2.800000000000000e+00	9.898429092549122e+00
2.800000000000000e+00	9.666246129986080e+00
2.800000000000000e+00	9.620040236745815e+00
2.800000000000000e+00	9.572673445886601e+00
2.800000000000000e+00	9.751951740190599e+00
2.800000000000000e+00	9.698738893354818e+00
2.800000000000000e+00	9.707677250562314e+00
2.800000000000000e+00	9.843579178143328e+00
2.800000000000000e+00	9.678474630512214e+00
2.800000000000000e+00	9.490095276300675e+00
2.800000000000000e+00	9.552246225908807e+00
2.800000000000000e+00	9.621697495626854e+00
2.800000000000000e+00	9.710600203657506e+00
2.800000000000000e+00	9.584965163816896e+00
2.800000000000000e+00	9.785672628156481e+00
2.800000000000000e+00	9.636808947674924e+00
2.800000000000000e+00	9.576671138786381e+00
2.800000000000000e+00	9.600867605527863e+00
2.800000000000000e+00	9.606913259242067e+00
2.800000000000000e+00	9.612739592183921e+00
2.800000000000000e+00	9.572333646821066e+00
2.800000000000000e+00	9.679020884240263e+00
2.800000000000000e+00	9.805945870152682e+00
2.800000000000000e+00	9.645270737909231e+00
2.800000000000000e+00	9.554343685447893e+00
2.800000000000000e+00	9.708206544701508e+00
2.800000000000000e+00	9.575835379378674e+00
2.800000000000000e+00	9.674171521414319e+00
2.800000000000000e+00	9.750961764336298e+00
2.800000000000000e+00	9.506720124359648e+00
2.800000000000000e+00	9.776915646966163e+00
2.800000000000000e+00	9.529233572125282e+00
2.800000000000000e+00	9.631393709247712e+00
2.800000000000000e+00	9.689827792067907e+00
2.800000000000000e+00	9.596730989046302e+00
2.800000000000000e+00	9.803165242948159e+00
2.800000000000000e+00	9.758089228567757e+00
2.800000000000000e+00	9.490147682498868e+00
2.800000000000000e+00	9.529945679975562e+00
2.800000000000000e+00	9.742757186541915e+00
2.800000000000000e+00	9.847609392210577e+00
2.800000000000000e+00	9.674811094911245e+00
2.800000000000000e+00	9.654799843994072e+00
2.800000000000000e+00	9.616210300564227e+00
2.800000000000000e+00	9.541811986651487e+00
2.800000000000000e+00	9.645305780036155e+00
2.800000000000000e+00	9.652651103128203e+00
2.800000000000000e+00	9.700598681508886e+00
2.800000000000000e+00	9.508612350540709e+00
