2.150000000000000e+00	4.117391002422681e-01
2.150000000000000e+00	4.064058327573797e-01
2.150000000000000e+00	4.630887179574504e-01
2.150000000000000e+00	4.489998675332691e-01
2.150000000000000e+00	4.179072127064781e-01
2.150000000000000e+00	4.246259856958350e-01
2.150000000000000e+00	4.305084042703672e-01
2.150000000000000e+00	3.800403894176190e-01
2.150000000000000e+00	3.727398310200752e-01
2.150000000000000e+00	3.884745446800036e-01
2.150000000000000e+00	4.176064983450183e-01
2.150000000000000e+00	4.231407981005538e-01
2.150000000000000e+00	4.226687888699934e-01
2.150000000000000e+00	4.248678148938595e-01
2.150000000000000e+00	4.521401138270619e-01
2.150000000000000e+00	4.162384742151491e-01
2.150000000000000e+00	4.234909285200315e-01
2.150000000000000e+00	4.575344031351422e-01
2.150000000000000e+00	4.551811391267902e-01
2.150000000000000e+00	4.521930312582620e-01
2.150000000000000e+00	4.223625338895080e-01
2.150000000000000e+00	4.304960851040367e-01
2.150000000000000e+00	3.831613454528497e-01
2.150000000000000e+00	3.838367154034047e-01
2.150000000000000e+00	4.097368864665056e-01
2.150000000000000e+00	3.955858416221263e-01
2.150000000000000e+00	4.224174655746181e-01
2.150000000000000e+00	4.040404282176749e-01
2.150000000000000e+00	4.260640929150762e-01
2.150000000000000e+00	3.956000957033531e-01
2.150000000000000e+00	4.074817737404015e-01
2.150000000000000e+00	4.260503683504217e-01
2.150000000000000e+00	3.876744714910819e-01
2.150000000000000e+00	4.066885774898872e-01
2.150000000000000e+00	4.157282456999067e-01
2.150000000000000e+00	3.753571014166956e-01
2.150000000000000e+00	4.216069547626175e-01
2.150000000000000e+00	3.557998186662675e-01
2.150000000000000e+00	4.033572235048139e-01
2.150000000000000e+00	4.570801016428883e-01
2.150000000000000e+00	3.917354691758709e-01
2.150000000000000e+00	4.345885002897708e-01
2.150000000000000e+00	4.361958433736300e-01
2.150000000000000e+00	4.429566403772310e-01
2.150000000000000e+00	4.500749870507436e-01
2.150000000000000e+00	4.503670155212964e-01
2.150000000000000e+00	4.228442353386249e-01
2.150000000000000e+00	4.090186336788403e-01
2.150000000000000e+00	4.243079488887650e-01
2.150000000000000e+00	4.075448753563543e-01
2.150000000000000e+00	4.270269940592052e-01
2.150000000000000e+00	4.061352201598286e-01
2.150000000000000e+00	4.135778578622192e-01
2.150000000000000e+00	4.026548822098441e-01
2.150000000000000e+00	4.069850508472722e-01
2.150000000000000e+00	4.198114409939858e-01
2.150000000000000e+00	3.992609922593908e-01
2.150000000000000e+00	4.154589679609053e-01
2.150000000000000e+00	4.625236556899829e-01
2.150000000000000e+00	4.278734077512507e-01
2.150000000000000e+00	4.049249889685375e-01
2.150000000000000e+00	3.926868605630945e-01
2.150000000000000e+00	4.307759969008333e-01
2.150000000000000e+00	4.011219014326526e-01
2.150000000000000e+00	3.880798521988542e-01
2.150000000000000e+00	3.998733022337372e-01
2.150000000000000e+00	4.732454376448817e-01
2.150000000000000e+00	4.612177163125790e-01
2.150000000000000e+00	4.304245557218531e-01
2.150000000000000e+00	3.933355943127878e-01
2.150000000000000e+00	4.626666884134935e-01
2.150000000000000e+00	4.360869393069353e-01
2.150000000000000e+00	4.240626351894951e-01
2.150000000000000e+00	4.240163364886022e-01
2.150000000000000e+00	4.310290692604427e-01
2.150000000000000e+00	4.193046324067611e-01
2.150000000000000e+00	4.328021454237980e-01
2.150000000000000e+00	4.651462933336915e-01
2.150000000000000e+00	4.310859085605520e-01
2.150000000000000e+00	4.715196064140066e-01
2.150000000000000e+00	3.760246874527963e-01
2.150000000000000e+00	4.576006377458412e-01
2.150000000000000e+00	4.222668642116175e-01
2.150000000000000e+00	4.128974011675308e-01
2.150000000000000e+00	4.643697866097737e-01
2.150000000000000e+00	4.645726468228373e-01
2.150000000000000e+00	3.888472794493788e-01
2.150000000000000e+00	3.270441005884190e-01
2.150000000000000e+00	3.957743787904399e-01
2.150000000000000e+00	4.151834719984994e-01
2.150000000000000e+00	4.439892729208820e-01
2.150000000000000e+00	3.973094450950376e-01
2.150000000000000e+00	4.376147770777908e-01
2.150000000000000e+00	4.466462462241936e-01
2.150000000000000e+00	4.121428314965158e-01
2.150000000000000e+00	4.373581260369508e-01
2.150000000000000e+00	4.109671105332053e-01
2.150000000000000e+00	4.213855983700067e-01
2.150000000000000e+00	4.426808780035881e-01
2.150000000000000e+00	4.295227081223623e-01
2.150000000000000e+00	4.193424825929190e-01
2.150000000000000e+00	3.916906161763614e-01
2.150000000000000e+00	3.969262981619653e-01
2.150000000000000e+00	4.073691358274121e-01
2.150000000000000e+00	4.158558167473105e-01
2.150000000000000e+00	4.223038584437691e-01
2.150000000000000e+00	4.325719989883944e-01
2.150000000000000e+00	4.025547458414653e-01
2.150000000000000e+00	4.497359538820735e-01
2.150000000000000e+00	4.030437507298359e-01
2.150000000000000e+00	4.245383260924048e-01
2.150000000000000e+00	4.054589896575211e-01
2.150000000000000e+00	4.033502441189017e-01
2.150000000000000e+00	4.359510013901712e-01
2.150000000000000e+00	3.937334523846976e-01
2.150000000000000e+00	3.811111712049471e-01
2.150000000000000e+00	4.128165615013153e-01
2.150000000000000e+00	4.582674591123012e-01
2.150000000000000e+00	4.388360202746616e-01
2.150000000000000e+00	4.058813814016645e-01
2.150000000000000e+00	4.042441652907602e-01
2.150000000000000e+00	3.881930132021648e-01
2.150000000000000e+00	4.095919604051231e-01
2.150000000000000e+00	4.123112804981350e-01
2.150000000000000e+00	4.236708102244063e-01
2.150000000000000e+00	3.982888780218247e-01
2.150000000000000e+00	4.354123561394429e-01
2.150000000000000e+00	4.335512882756834e-01
2.150000000000000e+00	3.966843578787445e-01
2.150000000000000e+00	4.001531737678280e-01
2.150000000000000e+00	4.662171451097446e-01
2.150000000000000e+00	3.718971922081326e-01
2.150000000000000e+00	4.223482358160163e-01
2.150000000000000e+00	4.360616656391048e-01
2.150000000000000e+00	3.857994031265704e-01
2.150000000000000e+00	4.383794670223885e-01
2.150000000000000e+00	4.734695439963411e-01
2.150000000000000e+00	4.514642584051252e-01
2.150000000000000e+00	3.632971065280711e-01
2.150000000000000e+00	4.256254707393664e-01
2.150000000000000e+00	3.837184355505878e-01
2.150000000000000e+00	3.907478483869622e-01
2.150000000000000e+00	4.458375783678263e-01
2.150000000000000e+00	4.171837537232507e-01
2.150000000000000e+00	4.064783846995452e-01
2.150000000000000e+00	4.076798288702113e-01
2.150000000000000e+00	4.094165424726956e-01
2.150000000000000e+00	4.170428755113242e-01
2.150000000000000e+00	4.446025446614731e-01
2.150000000000000e+00	3.631931004943368e-01
2.150000000000000e+00	3.928341388738177e-01
2.150000000000000e+00	3.993515983931960e-01
2.150000000000000e+00	3.850098816904228e-01
2.150000000000000e+00	4.272530451478470e-01
2.150000000000000e+00	3.797724116275687e-01
2.150000000000000e+00	4.482960894278157e-01
2.150000000000000e+00	4.232010420377186e-01
2.150000000000000e+00	4.489950412141015e-01
2.150000000000000e+00	4.256630875611742e-01
2.150000000000000e+00	4.186630312711859e-01
2.150000000000000e+00	4.318468218478761e-01
2.150000000000000e+00	4.390159635727573e-01
2.150000000000000e+00	4.472081542225134e-01
2.150000000000000e+00	4.130297989251330e-01
2.150000000000000e+00	3.579570186085236e-01
2.150000000000000e+00	4.502560643731104e-01
2.150000000000000e+00	3.756549881178346e-01
2.150000000000000e+00	4.489052837843998e-01
2.150000000000000e+00	4.276602219363106e-01
2.150000000000000e+00	4.120548682140925e-01
2.150000000000000e+00	3.993686796233507e-01
2.150000000000000e+00	4.408484185948560e-01
2.150000000000000e+00	4.036663621267080e-01
2.150000000000000e+00	4.404310208430879e-01
2.150000000000000e+00	4.127241976423347e-01
2.150000000000000e+00	4.413125095034308e-01
2.150000000000000e+00	4.021427463320559e-01
2.150000000000000e+00	4.004702646972313e-01
2.150000000000000e+00	4.152731062591694e-01
2.150000000000000e+00	4.463727493048437e-01
2.150000000000000e+00	4.314936253255984e-01
2.150000000000000e+00	4.044174527477111e-01
2.150000000000000e+00	4.496178364626932e-01
2.150000000000000e+00	3.728907503132163e-01
2.150000000000000e+00	4.199128712206896e-01
2.150000000000000e+00	4.505102476647100e-01
2.150000000000000e+00	3.729801307550344e-01
2.150000000000000e+00	4.359971156046578e-01
2.150000000000000e+00	4.036720730931330e-01
2.150000000000000e+00	4.047670061415092e-01
2.150000000000000e+00	4.285077710122884e-01
2.150000000000000e+00	4.257150289209333e-01
2.150000000000000e+00	4.404509887534530e-01
2.150000000000000e+00	3.766176643070440e-01
2.150000000000000e+00	4.027023083553782e-01
2.150000000000000e+00	4.292871435059188e-01
2.150000000000000e+00	4.054479922745958e-01
2.150000000000000e+00	4.115462304208108e-01
2.150000000000000e+00	4.083952300973117e-01
2.150000000000000e+00	4.245079638159064e-01
2.150000000000000e+00	4.262999784488600e-01
2.150000000000000e+00	3.974232460071530e-01
2.150000000000000e+00	4.150108292938189e-01
2.150000000000000e+00	4.150873164829603e-01
2.150000000000000e+00	4.222077977325605e-01
2.150000000000000e+00	3.795615022646805e-01
2.150000000000000e+00	4.152257508200132e-01
2.150000000000000e+00	4.465167445430665e-01
2.150000000000000e+00	4.531198929872582e-01
2.150000000000000e+00	4.412833873135188e-01
2.150000000000000e+00	3.916348616773970e-01
2.150000000000000e+00	3.965877807457601e-01
2.150000000000000e+00	4.067261539020926e-01
2.150000000000000e+00	4.264336012719398e-01
2.150000000000000e+00	4.747677823497387e-01
2.150000000000000e+00	4.457553654360314e-01
2.150000000000000e+00	4.403382046738865e-01
2.150000000000000e+00	3.864066388125222e-01
2.150000000000000e+00	4.557476201259987e-01
2.150000000000000e+00	4.123575290743350e-01
2.150000000000000e+00	4.214114634208319e-01
2.150000000000000e+00	4.579528848929402e-01
2.150000000000000e+00	4.220634449846110e-01
2.150000000000000e+00	4.461871816754644e-01
2.150000000000000e+00	4.125616352117694e-01
2.150000000000000e+00	4.361512566135064e-01
2.150000000000000e+00	4.624276653875166e-01
2.150000000000000e+00	3.925672352603488e-01
2.150000000000000e+00	4.128980961221306e-01
2.150000000000000e+00	3.747731767544729e-01
2.150000000000000e+00	4.428103519635022e-01
2.150000000000000e+00	4.059593152761402e-01
2.150000000000000e+00	4.095794435762971e-01
2.150000000000000e+00	3.833650838236844e-01
2.150000000000000e+00	4.379185323499011e-01
2.150000000000000e+00	3.767991283208371e-01
2.150000000000000e+00	3.998039099865974e-01
2.150000000000000e+00	4.046780457333678e-01
2.150000000000000e+00	4.293179135445712e-01
2.150000000000000e+00	3.822074887565552e-01
2.150000000000000e+00	4.518916358023077e-01
2.150000000000000e+00	4.330261986796408e-01
2.150000000000000e+00	4.090268353493920e-01
2.150000000000000e+00	4.141797478898029e-01
2.150000000000000e+00	4.161861495357266e-01
2.150000000000000e+00	4.017068130241684e-01
2.150000000000000e+00	4.059535871122012e-01
2.150000000000000e+00	4.202364846627663e-01
2.150000000000000e+00	4.070500696700694e-01
2.150000000000000e+00	3.926058085834185e-01
2.150000000000000e+00	4.405776833782478e-01
2.150000000000000e+00	4.324486021223800e-01
2.150000000000000e+00	4.276263241256237e-01
2.150000000000000e+00	3.769323084093893e-01
2.150000000000000e+00	4.032331168716338e-01
2.150000000000000e+00	4.107425611097785e-01
2.150000000000000e+00	4.162683888399650e-01
2.150000000000000e+00	4.096342737955888e-01
2.150000000000000e+00	4.083618078772175e-01
2.150000000000000e+00	4.589520393918020e-01
2.150000000000000e+00	4.289967736505198e-01
2.150000000000000e+00	3.935036672419054e-01
2.150000000000000e+00	4.213715963665048e-01
2.150000000000000e+00	3.879080242154529e-01
2.150000000000000e+00	3.858026602207557e-01
2.150000000000000e+00	4.287124390161579e-01
2.150000000000000e+00	4.159755878679923e-01
2.150000000000000e+00	3.839369784551540e-01
2.150000000000000e+00	4.076193022613546e-01
2.150000000000000e+00	3.913076742789899e-01
2.150000000000000e+00	4.176494191668900e-01
2.150000000000000e+00	4.196174698501626e-01
2.150000000000000e+00	4.100425203327591e-01
2.150000000000000e+00	4.245174536927441e-01
2.150000000000000e+00	4.425665594682816e-01
2.150000000000000e+00	3.930513521963228e-01
2.150000000000000e+00	4.129245545476820e-01
2.150000000000000e+00	4.111866924867155e-01
2.150000000000000e+00	4.158353934916474e-01
2.150000000000000e+00	4.290045337783063e-01
2.150000000000000e+00	3.986817154577863e-01
2.150000000000000e+00	4.141723530040908e-01
2.150000000000000e+00	4.116247566427916e-01
2.150000000000000e+00	3.977847925840600e-01
2.150000000000000e+00	4.410029902234937e-01
2.150000000000000e+00	4.535079418288783e-01
2.150000000000000e+00	3.926036244202352e-01
2.150000000000000e+00	4.449768222665440e-01
2.150000000000000e+00	4.452018507166458e-01
2.150000000000000e+00	4.187724812375673e-01
2.150000000000000e+00	3.982804916597131e-01
2.150000000000000e+00	4.510723309760370e-01
2.150000000000000e+00	4.350494214165345e-01
2.150000000000000e+00	3.784658016790260e-01
2.150000000000000e+00	4.252703376166629e-01
2.150000000000000e+00	4.144633743119789e-01
2.150000000000000e+00	3.843424572419815e-01
2.150000000000000e+00	4.380465549466157e-01
2.150000000000000e+00	4.350134785940049e-01
2.150000000000000e+00	4.370833718092041e-01
2.150000000000000e+00	4.042766830642440e-01
2.150000000000000e+00	4.070350588199624e-01
2.150000000000000e+00	4.223550624677244e-01
2.150000000000000e+00	3.912097707325465e-01
2.150000000000000e+00	3.826509692424324e-01
2.150000000000000e+00	4.245705733671953e-01
2.150000000000000e+00	4.254336162470335e-01
2.150000000000000e+00	4.080130171191203e-01
2.150000000000000e+00	4.053785152329086e-01
2.150000000000000e+00	4.508997426124798e-01
2.150000000000000e+00	3.525493956184791e-01
2.150000000000000e+00	3.861899491692232e-01
2.150000000000000e+00	4.186731036174446e-01
2.150000000000000e+00	4.059373975039391e-01
2.150000000000000e+00	4.006419255642225e-01
2.150000000000000e+00	4.130586264277748e-01
2.150000000000000e+00	4.026588761736687e-01
2.150000000000000e+00	4.734715261697563e-01
2.150000000000000e+00	4.080897262943544e-01
2.150000000000000e+00	4.406688678329783e-01
2.150000000000000e+00	3.842077274128521e-01
2.150000000000000e+00	4.407114090006398e-01
2.150000000000000e+00	4.091746258753115e-01
2.150000000000000e+00	3.907556847457175e-01
2.150000000000000e+00	3.899824339269057e-01
2.150000000000000e+00	3.706648652115239e-01
2.150000000000000e+00	4.035150081022641e-01
2.150000000000000e+00	4.441560891271893e-01
2.150000000000000e+00	4.717938172331985e-01
2.150000000000000e+00	4.217372820875438e-01
2.150000000000000e+00	3.774908620759382e-01
2.150000000000000e+00	3.918445735415417e-01
2.150000000000000e+00	4.169528562116458e-01
2.150000000000000e+00	4.202235738838501e-01
2.150000000000000e+00	4.155640565766381e-01
2.150000000000000e+00	3.752062664792523e-01
2.150000000000000e+00	4.454547161009808e-01
2.150000000000000e+00	3.808143552794356e-01
2.150000000000000e+00	4.589409707070102e-01
2.150000000000000e+00	4.024546586577521e-01
2.150000000000000e+00	4.092320533291789e-01
2.150000000000000e+00	3.732014564150886e-01
2.150000000000000e+00	4.079768633064375e-01
2.150000000000000e+00	4.383620287359453e-01
2.150000000000000e+00	4.157158981960801e-01
2.150000000000000e+00	3.958608426814904e-01
2.150000000000000e+00	3.918524449237725e-01
2.150000000000000e+00	4.056190261194551e-01
2.150000000000000e+00	4.152231480657022e-01
2.150000000000000e+00	4.294488087881486e-01
2.150000000000000e+00	4.337387421654665e-01
2.150000000000000e+00	4.024755837857374e-01
2.150000000000000e+00	3.844725532642991e-01
2.150000000000000e+00	4.638015748237928e-01
2.150000000000000e+00	3.891201415153021e-01
2.150000000000000e+00	4.128498407039087e-01
2.150000000000000e+00	4.271710872401466e-01
2.150000000000000e+00	4.187231766972435e-01
2.150000000000000e+00	4.143098028288850e-01
2.150000000000000e+00	4.063556825303387e-01
2.150000000000000e+00	4.202563068632009e-01
2.150000000000000e+00	3.980718168365803e-01
2.150000000000000e+00	3.947422772479963e-01
2.150000000000000e+00	4.362602134101731e-01
2.150000000000000e+00	3.781273438318112e-01
2.150000000000000e+00	4.098195664380180e-01
2.150000000000000e+00	4.090170630854288e-01
2.150000000000000e+00	4.345376349301674e-01
2.150000000000000e+00	4.175052804571227e-01
2.150000000000000e+00	4.013612486373253e-01
2.150000000000000e+00	3.944509553107909e-01
2.150000000000000e+00	4.469054518373040e-01
2.150000000000000e+00	4.147219285073297e-01
2.150000000000000e+00	4.619181272715385e-01
2.150000000000000e+00	4.300689641958747e-01
2.150000000000000e+00	4.167547983240114e-01
2.150000000000000e+00	4.225060072129343e-01
2.150000000000000e+00	4.337274375193725e-01
2.150000000000000e+00	3.840516373469107e-01
2.150000000000000e+00	4.107317197778916e-01
2.150000000000000e+00	4.232935360171562e-01
2.150000000000000e+00	4.034455538685740e-01
2.150000000000000e+00	4.379187340418438e-01
2.150000000000000e+00	3.908437368356825e-01
2.150000000000000e+00	4.104639479085178e-01
2.150000000000000e+00	4.320750964576670e-01
2.150000000000000e+00	3.656645898369743e-01
2.150000000000000e+00	3.679212480745940e-01
2.150000000000000e+00	4.077268506757923e-01
2.150000000000000e+00	4.082087130533184e-01
2.150000000000000e+00	3.860126944018437e-01
2.150000000000000e+00	3.790922025965126e-01
2.150000000000000e+00	4.242812909036052e-01
2.150000000000000e+00	4.199147018938025e-01
2.150000000000000e+00	4.242909268041122e-01
2.150000000000000e+00	4.419927790666014e-01
2.150000000000000e+00	4.007930928361305e-01
2.150000000000000e+00	4.136925743920106e-01
2.150000000000000e+00	3.755482159235831e-01
2.150000000000000e+00	3.997408479821858e-01
2.150000000000000e+00	4.404390107943274e-01
2.150000000000000e+00	4.107540181466307e-01
2.150000000000000e+00	4.121269321831588e-01
2.150000000000000e+00	3.803053729389257e-01
2.150000000000000e+00	4.355886992260681e-01
2.150000000000000e+00	4.441427575027958e-01
2.150000000000000e+00	4.030663964395610e-01
2.150000000000000e+00	4.393892199602403e-01
2.150000000000000e+00	4.281494378905297e-01
2.150000000000000e+00	4.052662634737034e-01
2.150000000000000e+00	3.936717287339307e-01
2.150000000000000e+00	4.257503725646837e-01
2.150000000000000e+00	4.040031798658170e-01
2.150000000000000e+00	4.345050143003972e-01
2.150000000000000e+00	4.453315180523834e-01
2.150000000000000e+00	3.856658449709813e-01
2.150000000000000e+00	4.337027322336878e-01
2.150000000000000e+00	4.549742563669015e-01
2.150000000000000e+00	4.017270078820112e-01
2.150000000000000e+00	4.783375137189894e-01
2.150000000000000e+00	3.667523371444280e-01
2.150000000000000e+00	3.914608911565499e-01
2.150000000000000e+00	4.246334161065541e-01
2.150000000000000e+00	4.372653574642444e-01
2.150000000000000e+00	4.652793967401470e-01
2.150000000000000e+00	3.984795017721813e-01
2.150000000000000e+00	4.651166270894429e-01
2.150000000000000e+00	4.119010662393220e-01
2.150000000000000e+00	4.654756936475722e-01
2.150000000000000e+00	4.631192571487308e-01
2.150000000000000e+00	4.201130539511600e-01
2.150000000000000e+00	4.510199327026020e-01
2.150000000000000e+00	3.925924115604666e-01
2.150000000000000e+00	4.565340440493619e-01
2.150000000000000e+00	3.841343146808441e-01
2.150000000000000e+00	4.337216969959788e-01
2.150000000000000e+00	4.312528139406532e-01
2.150000000000000e+00	4.328777792357839e-01
2.150000000000000e+00	4.211904255874962e-01
2.150000000000000e+00	4.340440726680571e-01
2.150000000000000e+00	3.886755225059111e-01
2.150000000000000e+00	4.286660549060728e-01
2.150000000000000e+00	3.952713755954421e-01
2.150000000000000e+00	4.085357087870302e-01
2.150000000000000e+00	4.496027884443247e-01
2.150000000000000e+00	4.094745669292136e-01
2.150000000000000e+00	4.224528979032941e-01
2.150000000000000e+00	4.320434757935287e-01
2.150000000000000e+00	4.224392917674724e-01
2.150000000000000e+00	4.312543837539589e-01
2.150000000000000e+00	4.049877610538464e-01
2.150000000000000e+00	4.385452296081078e-01
2.150000000000000e+00	3.954451365848057e-01
2.150000000000000e+00	3.978890140818432e-01
2.150000000000000e+00	4.490504619909270e-01
2.150000000000000e+00	4.647623328701624e-01
2.150000000000000e+00	5.018853135994250e-01
2.150000000000000e+00	4.401221195250943e-01
2.150000000000000e+00	4.251410043970752e-01
2.150000000000000e+00	4.256885398420616e-01
2.150000000000000e+00	4.065285249201884e-01
2.150000000000000e+00	4.419865327631205e-01
2.150000000000000e+00	4.488936370758450e-01
2.150000000000000e+00	4.217753739070268e-01
2.150000000000000e+00	4.375198727727496e-01
2.150000000000000e+00	4.016009931268348e-01
2.150000000000000e+00	5.062147849205101e-01
2.150000000000000e+00	4.412294946333815e-01
2.150000000000000e+00	3.960830945704346e-01
2.150000000000000e+00	3.899284889741372e-01
2.150000000000000e+00	3.976735526816340e-01
2.150000000000000e+00	4.635249617297098e-01
2.150000000000000e+00	4.315137138105949e-01
2.150000000000000e+00	3.944437406248286e-01
2.150000000000000e+00	3.858899781243462e-01
2.150000000000000e+00	4.067625128335804e-01
2.150000000000000e+00	4.337549571269591e-01
2.150000000000000e+00	4.628728700338396e-01
2.150000000000000e+00	4.682578112005409e-01
2.150000000000000e+00	3.972549101592758e-01
2.150000000000000e+00	4.372468323512940e-01
2.150000000000000e+00	4.165949993709598e-01
2.150000000000000e+00	3.789918790772361e-01
2.150000000000000e+00	4.022587357136667e-01
2.150000000000000e+00	4.151859634155637e-01
2.150000000000000e+00	4.348564252189095e-01
2.150000000000000e+00	4.769061853613218e-01
2.150000000000000e+00	4.314249878189803e-01
2.150000000000000e+00	4.042026593366528e-01
2.150000000000000e+00	4.282529989305480e-01
2.150000000000000e+00	4.198992693040531e-01
2.150000000000000e+00	3.980025128728758e-01
2.150000000000000e+00	4.109662168328775e-01
2.150000000000000e+00	4.303184965286789e-01
2.150000000000000e+00	4.152969903415653e-01
2.150000000000000e+00	4.567641798920863e-01
2.150000000000000e+00	4.319907514161646e-01
2.150000000000000e+00	4.668924735046399e-01
2.150000000000000e+00	4.615604673961328e-01
2.150000000000000e+00	4.951033586816346e-01
2.150000000000000e+00	3.650063702818491e-01
2.150000000000000e+00	4.250247664194746e-01
2.150000000000000e+00	4.224274110503465e-01
2.150000000000000e+00	3.870927548346397e-01
2.150000000000000e+00	4.325307771784537e-01
2.150000000000000e+00	4.340335005042245e-01
2.150000000000000e+00	3.868920848802974e-01
2.150000000000000e+00	4.344745801301029e-01
2.150000000000000e+00	4.192099191121080e-01
2.150000000000000e+00	3.975942054963764e-01
2.150000000000000e+00	4.172751514011196e-01
2.150000000000000e+00	3.867297718400537e-01
2.150000000000000e+00	4.270695500574746e-01
2.150000000000000e+00	4.483596365751689e-01
2.150000000000000e+00	4.452216644608393e-01
2.150000000000000e+00	4.607625097628408e-01
2.150000000000000e+00	4.187660292866409e-01
2.150000000000000e+00	3.922995630696532e-01
2.150000000000000e+00	3.934957793583649e-01
2.150000000000000e+00	4.502053705876542e-01
2.150000000000000e+00	3.887361368531306e-01
2.150000000000000e+00	4.285476442347235e-01
2.150000000000000e+00	4.257560136432618e-01
2.150000000000000e+00	4.356328137163927e-01
2.150000000000000e+00	4.061851772822775e-01
2.150000000000000e+00	3.942959137552685e-01
2.150000000000000e+00	4.070804055179087e-01
2.150000000000000e+00	3.773871853537316e-01
2.150000000000000e+00	4.012874046522425e-01
2.150000000000000e+00	3.919375832706710e-01
2.150000000000000e+00	4.034295074056450e-01
2.150000000000000e+00	3.823131667496558e-01
2.150000000000000e+00	3.797302222250653e-01
2.150000000000000e+00	4.124180502036788e-01
2.150000000000000e+00	4.274904439961317e-01
2.150000000000000e+00	4.677050833711207e-01
2.150000000000000e+00	4.687057567028500e-01
2.150000000000000e+00	4.574171945161447e-01
2.150000000000000e+00	4.333874303426423e-01
2.150000000000000e+00	4.565789930616970e-01
2.150000000000000e+00	3.887874813668649e-01
2.150000000000000e+00	4.465192069800155e-01
2.150000000000000e+00	4.269110853486247e-01
2.150000000000000e+00	3.796817099959256e-01
2.150000000000000e+00	3.582023358129999e-01
2.150000000000000e+00	4.343757041131870e-01
2.150000000000000e+00	3.914784394708326e-01
2.150000000000000e+00	4.066196048551294e-01
2.150000000000000e+00	4.295807418118833e-01
2.150000000000000e+00	4.346515514134902e-01
2.150000000000000e+00	4.041994042232779e-01
2.150000000000000e+00	4.152096936849924e-01
2.150000000000000e+00	4.104661726763959e-01
2.150000000000000e+00	3.808588232430278e-01
2.150000000000000e+00	4.511580413926848e-01
2.150000000000000e+00	4.601312562624129e-01
2.150000000000000e+00	4.123242401923695e-01
2.150000000000000e+00	4.494553404951438e-01
2.150000000000000e+00	4.025829570932336e-01
2.150000000000000e+00	4.136045216468955e-01
2.150000000000000e+00	4.283300375768876e-01
2.150000000000000e+00	4.086911599971803e-01
2.150000000000000e+00	4.275205354798411e-01
2.150000000000000e+00	4.201474761369172e-01
2.150000000000000e+00	4.497010085902293e-01
2.150000000000000e+00	4.111447396340618e-01
2.150000000000000e+00	4.209266306528915e-01
2.150000000000000e+00	4.265001445266421e-01
2.150000000000000e+00	4.337950452123506e-01
2.150000000000000e+00	4.354344124815804e-01
2.150000000000000e+00	4.048163283157488e-01
2.150000000000000e+00	4.181839975120442e-01
2.150000000000000e+00	4.563275017734920e-01
2.150000000000000e+00	3.998833699690998e-01
2.150000000000000e+00	4.491902660549658e-01
2.150000000000000e+00	4.006598203856395e-01
2.150000000000000e+00	4.300973156609829e-01
2.150000000000000e+00	3.850207421535654e-01
2.150000000000000e+00	3.912847036048215e-01
2.150000000000000e+00	4.611389310367915e-01
2.150000000000000e+00	4.412544608089567e-01
2.150000000000000e+00	4.329980096133756e-01
2.150000000000000e+00	4.480609009639926e-01
2.150000000000000e+00	4.465878399577277e-01
2.150000000000000e+00	4.262645193189061e-01
2.150000000000000e+00	3.973493034872265e-01
2.150000000000000e+00	4.253653054391418e-01
2.150000000000000e+00	3.958859004569451e-01
2.150000000000000e+00	4.327380466181926e-01
2.150000000000000e+00	4.221545839838972e-01
2.150000000000000e+00	4.369138070584332e-01
2.150000000000000e+00	4.243661529149664e-01
2.150000000000000e+00	4.333507060561343e-01
2.150000000000000e+00	4.097329896901015e-01
2.150000000000000e+00	3.994732925460396e-01
2.150000000000000e+00	4.033466607431774e-01
2.150000000000000e+00	4.305144546603460e-01
2.150000000000000e+00	4.234093735750503e-01
2.150000000000000e+00	4.024352302122468e-01
2.150000000000000e+00	4.610997351547212e-01
2.150000000000000e+00	4.242137435199826e-01
2.150000000000000e+00	4.036955572759345e-01
2.150000000000000e+00	4.027206464558798e-01
2.150000000000000e+00	4.233597035201525e-01
2.150000000000000e+00	4.030017337182418e-01
2.150000000000000e+00	4.278499473943244e-01
2.150000000000000e+00	3.840882771806050e-01
2.150000000000000e+00	4.147595363720026e-01
2.150000000000000e+00	3.530189373765917e-01
2.150000000000000e+00	4.133721060910354e-01
2.150000000000000e+00	3.954338413591277e-01
2.150000000000000e+00	4.284933733464901e-01
2.150000000000000e+00	4.126810789912259e-01
2.150000000000000e+00	4.201607453142983e-01
2.150000000000000e+00	4.124785132659660e-01
2.150000000000000e+00	4.197019068617910e-01
2.150000000000000e+00	4.392976918564429e-01
2.150000000000000e+00	4.083205984133483e-01
2.150000000000000e+00	4.529592955784174e-01
2.150000000000000e+00	4.633087252002255e-01
2.150000000000000e+00	4.666870704656392e-01
2.150000000000000e+00	4.239553979032416e-01
2.150000000000000e+00	4.040251707093675e-01
2.150000000000000e+00	4.210901561524689e-01
2.150000000000000e+00	4.105035608281126e-01
2.150000000000000e+00	4.206704594194139e-01
2.150000000000000e+00	4.585851055962931e-01
2.150000000000000e+00	4.429301060938770e-01
2.150000000000000e+00	4.109484901015538e-01
2.150000000000000e+00	4.143325397996824e-01
2.150000000000000e+00	3.940054255559496e-01
2.150000000000000e+00	3.982147245414173e-01
2.150000000000000e+00	4.240198774884727e-01
2.150000000000000e+00	4.178082097972370e-01
2.150000000000000e+00	4.178530646596898e-01
2.150000000000000e+00	4.275145552772038e-01
2.150000000000000e+00	4.446395555292416e-01
2.150000000000000e+00	3.966653267563768e-01
2.150000000000000e+00	4.381746661658652e-01
2.150000000000000e+00	3.937863907031308e-01
2.150000000000000e+00	4.064691624375181e-01
2.150000000000000e+00	3.814762126897815e-01
2.150000000000000e+00	4.137133047577817e-01
2.150000000000000e+00	3.793911164591612e-01
2.150000000000000e+00	4.424179815645866e-01
2.150000000000000e+00	3.901346925567065e-01
2.150000000000000e+00	3.897090456450720e-01
2.150000000000000e+00	4.083286127481939e-01
2.150000000000000e+00	4.203992902295047e-01
2.150000000000000e+00	4.296474870148815e-01
2.150000000000000e+00	4.120439012209044e-01
2.150000000000000e+00	3.818799198041969e-01
2.150000000000000e+00	4.142310939473708e-01
2.150000000000000e+00	4.161131889995850e-01
2.150000000000000e+00	4.023195676681287e-01
2.150000000000000e+00	4.756090079351880e-01
2.150000000000000e+00	4.248638164458243e-01
2.150000000000000e+00	4.006491460545595e-01
2.150000000000000e+00	4.159621205312647e-01
2.150000000000000e+00	4.701417959576017e-01
2.150000000000000e+00	4.393457931037096e-01
2.150000000000000e+00	4.003785597705803e-01
2.150000000000000e+00	3.786708273398173e-01
2.150000000000000e+00	3.688932827151446e-01
2.150000000000000e+00	4.133238512263983e-01
2.150000000000000e+00	4.211600894164488e-01
2.150000000000000e+00	4.453079840365023e-01
2.150000000000000e+00	4.080983894412110e-01
2.150000000000000e+00	4.611796654508607e-01
2.150000000000000e+00	4.154816149309780e-01
2.150000000000000e+00	3.927913562261245e-01
2.150000000000000e+00	3.951941993466782e-01
2.150000000000000e+00	4.358577326415348e-01
2.150000000000000e+00	4.350693253373517e-01
2.150000000000000e+00	4.599870441316941e-01
2.150000000000000e+00	4.187643434172046e-01
2.150000000000000e+00	3.989852274918986e-01
2.150000000000000e+00	4.286402596724183e-01
2.150000000000000e+00	4.110859394569267e-01
2.150000000000000e+00	4.237242207710928e-01
2.150000000000000e+00	4.366763490087658e-01
2.150000000000000e+00	3.891912873208176e-01
2.150000000000000e+00	4.300567924213858e-01
2.150000000000000e+00	3.907791396462682e-01
2.150000000000000e+00	4.879951215216368e-01
2.150000000000000e+00	4.640246646399819e-01
2.150000000000000e+00	3.992649560790187e-01
2.150000000000000e+00	4.128227979229395e-01
2.150000000000000e+00	4.191230035141561e-01
2.150000000000000e+00	4.642206812273412e-01
2.150000000000000e+00	4.568606012142583e-01
2.150000000000000e+00	3.989758690321847e-01
2.150000000000000e+00	3.368182738490380e-01
2.150000000000000e+00	3.890178107068198e-01
2.150000000000000e+00	3.689336740811746e-01
2.150000000000000e+00	4.568628294585104e-01
2.150000000000000e+00	4.500403032453258e-01
2.150000000000000e+00	3.628586124809314e-01
2.150000000000000e+00	3.731269739458787e-01
2.150000000000000e+00	4.074925760936054e-01
2.150000000000000e+00	4.453098490849317e-01
2.150000000000000e+00	4.283233468377737e-01
2.150000000000000e+00	4.639770696980241e-01
2.150000000000000e+00	4.425675688282095e-01
2.150000000000000e+00	4.202948152072092e-01
2.150000000000000e+00	4.321034722384669e-01
2.150000000000000e+00	4.082019232539210e-01
2.150000000000000e+00	4.103935473720212e-01
2.150000000000000e+00	4.105515151148464e-01
2.150000000000000e+00	4.460920616680252e-01
2.150000000000000e+00	3.825203768724350e-01
2.150000000000000e+00	4.468191926294585e-01
2.150000000000000e+00	3.982838780543996e-01
2.150000000000000e+00	4.269517510594480e-01
2.150000000000000e+00	4.257955131824097e-01
2.150000000000000e+00	4.128414472298196e-01
2.150000000000000e+00	4.022553468644850e-01
2.150000000000000e+00	4.447093844469386e-01
2.150000000000000e+00	4.150189223784863e-01
2.150000000000000e+00	3.901337947574502e-01
2.150000000000000e+00	4.336591190354679e-01
2.150000000000000e+00	4.405654741016005e-01
2.150000000000000e+00	4.461686998221884e-01
2.150000000000000e+00	4.074371208980592e-01
2.150000000000000e+00	4.214447691098863e-01
2.150000000000000e+00	4.571678602579482e-01
2.150000000000000e+00	3.832895415839142e-01
2.150000000000000e+00	4.289975127115860e-01
2.150000000000000e+00	4.079738058998918e-01
2.150000000000000e+00	4.541839050942138e-01
2.150000000000000e+00	4.461253780133266e-01
2.150000000000000e+00	3.927022635502363e-01
2.150000000000000e+00	4.077587883564668e-01
2.150000000000000e+00	4.364877423863488e-01
2.150000000000000e+00	4.516197070630761e-01
2.150000000000000e+00	4.040750463153922e-01
2.150000000000000e+00	4.502791522787586e-01
2.150000000000000e+00	4.125921641794306e-01
2.150000000000000e+00	4.070207764071938e-01
2.150000000000000e+00	4.025120989280701e-01
2.150000000000000e+00	4.156009893503356e-01
2.150000000000000e+00	4.186978873371371e-01
2.150000000000000e+00	4.423104237349509e-01
2.150000000000000e+00	4.437457623098358e-01
2.150000000000000e+00	4.280491238974750e-01
2.150000000000000e+00	4.391373439001663e-01
2.150000000000000e+00	3.965995512927307e-01
2.150000000000000e+00	3.766868689078768e-01
2.150000000000000e+00	4.161063268513925e-01
2.150000000000000e+00	4.075469929311828e-01
2.150000000000000e+00	4.264686903156759e-01
2.150000000000000e+00	4.590827592068673e-01
2.150000000000000e+00	4.030889331452266e-01
2.150000000000000e+00	4.134926713332614e-01
2.150000000000000e+00	4.661136195590613e-01
2.150000000000000e+00	4.336094027568719e-01
2.150000000000000e+00	4.092211243739834e-01
2.150000000000000e+00	3.954253577747330e-01
2.150000000000000e+00	4.375739891877991e-01
2.150000000000000e+00	4.041591369947490e-01
2.150000000000000e+00	4.084972313540994e-01
2.150000000000000e+00	4.092560243968209e-01
2.150000000000000e+00	4.458106729603268e-01
2.150000000000000e+00	4.114954285161975e-01
2.150000000000000e+00	4.072654736636610e-01
2.150000000000000e+00	3.892309362732976e-01
2.150000000000000e+00	3.654944993555954e-01
2.150000000000000e+00	4.225700989530129e-01
2.150000000000000e+00	4.384341778080519e-01
2.150000000000000e+00	3.861175454072481e-01
2.150000000000000e+00	3.977133106873811e-01
2.150000000000000e+00	3.900920877944142e-01
2.150000000000000e+00	4.138742023484303e-01
2.150000000000000e+00	4.528127479177700e-01
2.150000000000000e+00	4.902650940732527e-01
2.150000000000000e+00	3.981151427642525e-01
2.150000000000000e+00	4.100067535098941e-01
2.150000000000000e+00	3.983750987616173e-01
2.150000000000000e+00	4.481219071816489e-01
2.150000000000000e+00	4.326597365422616e-01
2.150000000000000e+00	4.396279750365029e-01
2.150000000000000e+00	4.206801697443616e-01
2.150000000000000e+00	4.292267564797068e-01
2.150000000000000e+00	4.369278513412234e-01
2.150000000000000e+00	3.980966820915162e-01
2.150000000000000e+00	3.762807830145630e-01
2.150000000000000e+00	4.227282553398438e-01
2.150000000000000e+00	4.364662446406541e-01
2.150000000000000e+00	4.261714528698623e-01
2.150000000000000e+00	3.858423410038231e-01
2.150000000000000e+00	4.137191138928413e-01
2.150000000000000e+00	4.223887532197810e-01
2.150000000000000e+00	4.436339641381973e-01
2.150000000000000e+00	4.409922491745266e-01
2.150000000000000e+00	4.488629592658430e-01
2.150000000000000e+00	4.373626791191985e-01
2.150000000000000e+00	3.994406685056345e-01
2.150000000000000e+00	4.465528629252779e-01
2.150000000000000e+00	3.915742853043938e-01
2.150000000000000e+00	3.985921330315370e-01
2.150000000000000e+00	4.031311791455543e-01
2.150000000000000e+00	3.816686792884696e-01
2.150000000000000e+00	4.065611260666583e-01
2.150000000000000e+00	4.152168877940359e-01
2.150000000000000e+00	4.098062818270621e-01
2.150000000000000e+00	3.670209888828063e-01
2.150000000000000e+00	3.928158038781744e-01
2.150000000000000e+00	3.907598646048135e-01
2.150000000000000e+00	4.202448576477779e-01
2.150000000000000e+00	4.207574136782884e-01
2.150000000000000e+00	3.809856186886922e-01
2.150000000000000e+00	3.946104526595263e-01
2.150000000000000e+00	4.003677066929638e-01
2.150000000000000e+00	4.506128700703166e-01
2.150000000000000e+00	4.203560153062065e-01
2.150000000000000e+00	4.004733227134415e-01
2.150000000000000e+00	4.397448635788612e-01
2.150000000000000e+00	4.808499099519249e-01
2.150000000000000e+00	4.399192554211882e-01
2.150000000000000e+00	4.025451188944374e-01
2.150000000000000e+00	4.362213751492257e-01
2.150000000000000e+00	4.237072393050674e-01
2.150000000000000e+00	4.241648671169642e-01
2.150000000000000e+00	4.029906147786799e-01
2.150000000000000e+00	4.293677673939218e-01
2.150000000000000e+00	4.210645264377843e-01
2.150000000000000e+00	4.394684044756838e-01
2.150000000000000e+00	4.189625356865618e-01
2.150000000000000e+00	4.402371825174606e-01
2.150000000000000e+00	3.821982073057251e-01
2.150000000000000e+00	4.041198270115931e-01
2.150000000000000e+00	3.948205743707216e-01
2.150000000000000e+00	4.604611660134353e-01
2.150000000000000e+00	4.654965755024437e-01
2.150000000000000e+00	4.392964090805081e-01
2.150000000000000e+00	4.490064432260502e-01
2.150000000000000e+00	4.671855022249730e-01
2.150000000000000e+00	4.125559484502113e-01
2.150000000000000e+00	4.195683647282518e-01
2.150000000000000e+00	4.008987471241284e-01
2.150000000000000e+00	3.962698698889668e-01
2.150000000000000e+00	3.869163571694853e-01
2.150000000000000e+00	3.570159731267167e-01
2.150000000000000e+00	4.623206324454476e-01
2.150000000000000e+00	3.871408812951183e-01
2.150000000000000e+00	3.977109291694085e-01
2.150000000000000e+00	4.045677786646315e-01
2.150000000000000e+00	4.058867022151605e-01
2.150000000000000e+00	4.170208847549420e-01
2.150000000000000e+00	4.155360375915622e-01
2.150000000000000e+00	4.123775318647186e-01
2.150000000000000e+00	4.165314570515627e-01
2.150000000000000e+00	3.834755166174236e-01
2.150000000000000e+00	3.942850935641347e-01
2.150000000000000e+00	4.010781893638474e-01
2.150000000000000e+00	3.957526526257264e-01
2.150000000000000e+00	4.080143917081461e-01
2.150000000000000e+00	4.442421956263681e-01
2.150000000000000e+00	4.569637700282339e-01
2.150000000000000e+00	4.051921881675539e-01
2.150000000000000e+00	4.506663387374492e-01
2.150000000000000e+00	4.153499211119377e-01
2.150000000000000e+00	4.007511206988897e-01
2.150000000000000e+00	4.284379421475211e-01
2.150000000000000e+00	4.137410874736211e-01
2.150000000000000e+00	4.140304582151660e-01
2.150000000000000e+00	4.087733702729558e-01
2.150000000000000e+00	4.424101912571186e-01
2.150000000000000e+00	4.368996339373111e-01
2.150000000000000e+00	4.047185624791975e-01
2.150000000000000e+00	4.067106690886301e-01
2.150000000000000e+00	3.791718788576463e-01
2.150000000000000e+00	4.446349139521144e-01
2.150000000000000e+00	4.572073479801809e-01
2.150000000000000e+00	4.100443141681972e-01
2.150000000000000e+00	4.057286658703359e-01
2.150000000000000e+00	4.341165008606563e-01
2.150000000000000e+00	4.662129732695660e-01
2.150000000000000e+00	3.914881518345403e-01
2.150000000000000e+00	4.040059942191330e-01
2.150000000000000e+00	4.053302104964189e-01
2.150000000000000e+00	4.004108035803610e-01
2.150000000000000e+00	3.962351519866591e-01
2.150000000000000e+00	4.214036146178810e-01
2.150000000000000e+00	3.890762141100507e-01
2.150000000000000e+00	4.315322189084837e-01
2.150000000000000e+00	4.130220018985740e-01
2.150000000000000e+00	4.075564529063179e-01
2.150000000000000e+00	4.261521878843574e-01
2.150000000000000e+00	4.113001856467144e-01
2.150000000000000e+00	3.770091492316825e-01
2.150000000000000e+00	3.699630982082145e-01
2.150000000000000e+00	3.949059389299023e-01
2.150000000000000e+00	4.226867266874427e-01
2.150000000000000e+00	4.629833841571867e-01
2.150000000000000e+00	4.101884291007676e-01
2.150000000000000e+00	4.729798854920365e-01
2.150000000000000e+00	4.320256536117147e-01
2.150000000000000e+00	4.582888924929442e-01
2.150000000000000e+00	3.799134081335919e-01
2.150000000000000e+00	3.636122058153689e-01
2.150000000000000e+00	4.728123474336743e-01
2.150000000000000e+00	4.855359341862204e-01
2.150000000000000e+00	4.412130771084173e-01
2.150000000000000e+00	4.372453908903160e-01
2.150000000000000e+00	4.269473330150501e-01
2.150000000000000e+00	4.448920240099618e-01
2.150000000000000e+00	4.674000542058533e-01
2.150000000000000e+00	4.206166330564598e-01
2.150000000000000e+00	4.216323458743721e-01
2.150000000000000e+00	4.146997659427527e-01
2.150000000000000e+00	4.301572336316026e-01
2.150000000000000e+00	4.554096558743712e-01
2.150000000000000e+00	4.155688698966181e-01
2.150000000000000e+00	4.103938043364138e-01
2.150000000000000e+00	3.857503299606894e-01
2.150000000000000e+00	4.002315826066763e-01
2.150000000000000e+00	4.261878511963698e-01
2.150000000000000e+00	4.333417742391951e-01
2.150000000000000e+00	4.099229163572917e-01
2.150000000000000e+00	4.156079728657799e-01
2.150000000000000e+00	4.309196388438750e-01
2.150000000000000e+00	4.239403421141126e-01
2.150000000000000e+00	4.277404170956839e-01
2.150000000000000e+00	4.538916948737571e-01
2.150000000000000e+00	4.502062233336387e-01
2.150000000000000e+00	3.836617854494316e-01
2.150000000000000e+00	4.243783867745212e-01
2.150000000000000e+00	3.757138282990973e-01
2.150000000000000e+00	4.566553004013967e-01
2.150000000000000e+00	4.251968631524415e-01
2.150000000000000e+00	4.208212367487653e-01
2.150000000000000e+00	4.451041070181255e-01
2.150000000000000e+00	4.052985318404156e-01
2.150000000000000e+00	4.268196607256577e-01
2.150000000000000e+00	3.833184218877519e-01
2.150000000000000e+00	3.973979651283299e-01
2.150000000000000e+00	4.001577795291892e-01
2.150000000000000e+00	3.750452140837044e-01
2.150000000000000e+00	4.387116711464051e-01
2.150000000000000e+00	4.106691268092887e-01
2.150000000000000e+00	4.334906397165025e-01
2.150000000000000e+00	4.286144615774690e-01
2.150000000000000e+00	4.136968184939328e-01
2.150000000000000e+00	4.126124012183175e-01
2.150000000000000e+00	4.036171965934179e-01
2.150000000000000e+00	4.395683967504843e-01
2.150000000000000e+00	3.750613457308332e-01
2.150000000000000e+00	3.984691504844184e-01
2.150000000000000e+00	4.152931587153481e-01
2.150000000000000e+00	4.028884503274319e-01
2.150000000000000e+00	4.363949943629591e-01
2.150000000000000e+00	4.296381800456631e-01
2.150000000000000e+00	3.702439714338983e-01
2.150000000000000e+00	4.385183827152982e-01
2.150000000000000e+00	4.082529177246222e-01
2.150000000000000e+00	4.191710776681610e-01
2.150000000000000e+00	3.711414395002934e-01
2.150000000000000e+00	3.997208237762120e-01
2.150000000000000e+00	4.193970267583181e-01
2.150000000000000e+00	3.998816099235354e-01
2.150000000000000e+00	4.415210327363742e-01
2.150000000000000e+00	4.666119482494005e-01
2.150000000000000e+00	4.691645202094278e-01
2.150000000000000e+00	3.882591173174388e-01
2.150000000000000e+00	4.323033748257311e-01
2.150000000000000e+00	4.680774868274731e-01
2.150000000000000e+00	4.120238151215495e-01
2.150000000000000e+00	3.996675739392821e-01
2.150000000000000e+00	4.224328411892039e-01
2.150000000000000e+00	4.213351549853101e-01
2.150000000000000e+00	4.027868390425320e-01
2.150000000000000e+00	4.666064721157607e-01
2.150000000000000e+00	3.861381315845969e-01
2.150000000000000e+00	3.548783604916825e-01
2.150000000000000e+00	4.038579125443884e-01
2.150000000000000e+00	4.344508830523166e-01
2.150000000000000e+00	4.088453879471181e-01
2.150000000000000e+00	4.465884389585989e-01
2.150000000000000e+00	4.571043525829448e-01
2.150000000000000e+00	4.174075867934297e-01
2.150000000000000e+00	3.878795531331053e-01
2.150000000000000e+00	4.144577180443118e-01
2.150000000000000e+00	4.066340154772137e-01
2.150000000000000e+00	3.981923407397560e-01
2.150000000000000e+00	4.070715513223547e-01
2.150000000000000e+00	4.273340594881506e-01
2.150000000000000e+00	4.233065149565254e-01
2.150000000000000e+00	4.214764293750922e-01
2.150000000000000e+00	3.832300228489409e-01
2.150000000000000e+00	3.916798582099029e-01
2.150000000000000e+00	4.080937312502628e-01
2.150000000000000e+00	4.258506457781810e-01
2.150000000000000e+00	4.095642502922556e-01
2.150000000000000e+00	4.152746903821671e-01
2.150000000000000e+00	4.197574342941214e-01
2.150000000000000e+00	4.122738341695263e-01
2.150000000000000e+00	4.808710869045429e-01
2.150000000000000e+00	4.747375639577331e-01
2.150000000000000e+00	3.960522271960815e-01
