3.750000000000000e+00	9.708450642461475e+00
3.750000000000000e+00	9.711411754181645e+00
3.750000000000000e+00	9.611970171342113e+00
3.750000000000000e+00	9.751769273431037e+00
3.750000000000000e+00	9.680904950311351e+00
3.750000000000000e+00	9.689722704176951e+00
3.750000000000000e+00	9.709142357496393e+00
3.750000000000000e+00	9.750947460937569e+00
3.750000000000000e+00	9.712677690217983e+00
3.750000000000000e+00	9.519913571166580e+00
3.750000000000000e+00	9.566233704298261e+00
3.750000000000000e+00	9.472424698193000e+00
3.750000000000000e+00	9.631551882444212e+00
3.750000000000000e+00	9.746730913585360e+00
3.750000000000000e+00	9.680779188636102e+00
3.750000000000000e+00	9.646276509166315e+00
3.750000000000000e+00	9.716244589846241e+00
3.750000000000000e+00	9.673085840414881e+00
3.750000000000000e+00	9.596921342811864e+00
3.750000000000000e+00	9.507784563291933e+00
3.750000000000000e+00	9.597388312238003e+00
3.750000000000000e+00	9.750290330749452e+00
3.750000000000000e+00	9.548414819600548e+00
3.750000000000000e+00	9.649811027702970e+00
3.750000000000000e+00	9.661623854520958e+00
3.750000000000000e+00	9.630547563860407e+00
3.750000000000000e+00	9.458592209335976e+00
3.750000000000000e+00	9.481526237974570e+00
3.750000000000000e+00	9.547676373930392e+00
3.750000000000000e+00	9.520769861480165e+00
3.750000000000000e+00	9.423877237238258e+00
3.750000000000000e+00	9.699544075206269e+00
3.750000000000000e+00	9.712113033567951e+00
3.750000000000000e+00	9.498257895236611e+00
3.750000000000000e+00	9.721371229635015e+00
3.750000000000000e+00	9.567365344248412e+00
3.750000000000000e+00	9.500472386417485e+00
3.750000000000000e+00	9.317093847944232e+00
3.750000000000000e+00	9.580713449983989e+00
3.750000000000000e+00	9.523982400313157e+00
3.750000000000000e+00	9.420511206744504e+00
3.750000000000000e+00	9.519888849256350e+00
3.750000000000000e+00	9.601179204013695e+00
3.750000000000000e+00	9.663921301363551e+00
3.750000000000000e+00	9.599307561372473e+00
3.750000000000000e+00	9.605345518231772e+00
3.750000000000000e+00	9.625459302536035e+00
3.750000000000000e+00	9.474372001481898e+00
3.750000000000000e+00	9.795926708046547e+00
3.750000000000000e+00	9.544274549169810e+00
3.750000000000000e+00	9.750597673977989e+00
3.750000000000000e+00	9.666530614193945e+00
3.750000000000000e+00	9.583361113888540e+00
3.750000000000000e+00	9.602454793687716e+00
3.750000000000000e+00	9.635498949530609e+00
3.750000000000000e+00	9.590451629305903e+00
3.750000000000000e+00	9.882704268886418e+00
3.750000000000000e+00	9.595954173224744e+00
3.750000000000000e+00	9.541329448156731e+00
3.750000000000000e+00	9.754942028435366e+00
3.750000000000000e+00	9.503846184375817e+00
3.750000000000000e+00	9.628064675680708e+00
3.750000000000000e+00	9.675770284922930e+00
3.750000000000000e+00	9.641801931857032e+00
3.750000000000000e+00	9.615136698409824e+00
3.750000000000000e+00	9.605477459109517e+00
3.750000000000000e+00	9.509038138568124e+00
3.750000000000000e+00	9.674849038781122e+00
3.750000000000000e+00	9.556199608889102e+00
3.750000000000000e+00	9.694934869490297e+00
3.750000000000000e+00	9.662607704277926e+00
3.750000000000000e+00	9.618385589563168e+00
3.750000000000000e+00	9.569540701156791e+00
3.750000000000000e+00	9.699921368573825e+00
3.750000000000000e+00	9.465597989876619e+00
3.750000000000000e+00	9.910753865585924e+00
3.750000000000000e+00	9.593392831058821e+00
3.750000000000000e+00	9.751281837806969e+00
3.750000000000000e+00	9.635982182596161e+00
3.750000000000000e+00	9.765379071802233e+00
3.750000000000000e+00	9.513554842354189e+00
3.750000000000000e+00	9.529400519393548e+00
3.750000000000000e+00	9.566650630986206e+00
3.750000000000000e+00	9.464577261930270e+00
3.750000000000000e+00	9.660408546792192e+00
3.750000000000000e+00	9.463826849317385e+00
3.750000000000000e+00	9.483539503434100e+00
3.750000000000000e+00	9.844374609870950e+00
3.750000000000000e+00	9.611444442931722e+00
3.750000000000000e+00	9.566826141618213e+00
3.750000000000000e+00	9.534764581396129e+00
3.750000000000000e+00	9.633499423439774e+00
3.750000000000000e+00	9.680935533885785e+00
3.750000000000000e+00	9.668607030682836e+00
3.750000000000000e+00	9.744342313229994e+00
3.750000000000000e+00	9.644485424027852e+00
3.750000000000000e+00	9.549770332828267e+00
3.750000000000000e+00	9.732581546457798e+00
3.750000000000000e+00	9.739999256570968e+00
3.750000000000000e+00	9.493242075812336e+00
3.750000000000000e+00	9.555230731952507e+00
3.750000000000000e+00	9.561805190322119e+00
3.750000000000000e+00	9.546097914888520e+00
3.750000000000000e+00	9.543830511509501e+00
3.750000000000000e+00	9.665434691795459e+00
3.750000000000000e+00	9.570295672933053e+00
3.750000000000000e+00	9.510393129708516e+00
3.750000000000000e+00	9.515497095517098e+00
3.750000000000000e+00	9.540612108393399e+00
3.750000000000000e+00	9.563047198315882e+00
3.750000000000000e+00	9.545344530325700e+00
3.750000000000000e+00	9.596891454246737e+00
3.750000000000000e+00	9.665973352675325e+00
3.750000000000000e+00	9.808546124748641e+00
3.750000000000000e+00	9.710920617444984e+00
3.750000000000000e+00	9.710896191797659e+00
3.750000000000000e+00	9.802763760522311e+00
3.750000000000000e+00	9.512217284323537e+00
3.750000000000000e+00	9.587539611150611e+00
3.750000000000000e+00	9.692850947976400e+00
3.750000000000000e+00	9.610722555613911e+00
3.750000000000000e+00	9.577874735648853e+00
3.750000000000000e+00	9.395275264368006e+00
3.750000000000000e+00	9.612938002409912e+00
3.750000000000000e+00	9.674481537438043e+00
3.750000000000000e+00	9.554765979746026e+00
3.750000000000000e+00	9.639156652305701e+00
3.750000000000000e+00	9.694790372346834e+00
3.750000000000000e+00	9.709181078684139e+00
3.750000000000000e+00	9.598264572094823e+00
3.750000000000000e+00	9.662917479511712e+00
3.750000000000000e+00	9.589187305275715e+00
3.750000000000000e+00	9.799234770723793e+00
3.750000000000000e+00	9.621586010004068e+00
3.750000000000000e+00	9.573697015731474e+00
3.750000000000000e+00	9.477281248968410e+00
3.750000000000000e+00	9.759043290451270e+00
3.750000000000000e+00	9.541967830105786e+00
3.750000000000000e+00	9.556435655097260e+00
3.750000000000000e+00	9.633697629701159e+00
3.750000000000000e+00	9.536232544739299e+00
3.750000000000000e+00	9.688568888626239e+00
3.750000000000000e+00	9.627816303374672e+00
3.750000000000000e+00	9.445237428775881e+00
3.750000000000000e+00	9.476184427349065e+00
3.750000000000000e+00	9.686211628423699e+00
3.750000000000000e+00	9.752654216156500e+00
3.750000000000000e+00	9.472529045142128e+00
3.750000000000000e+00	9.776616236954903e+00
3.750000000000000e+00	9.757322507408183e+00
3.750000000000000e+00	9.691628338600150e+00
3.750000000000000e+00	9.675642717464804e+00
3.750000000000000e+00	9.790094361180193e+00
3.750000000000000e+00	9.737116210970408e+00
3.750000000000000e+00	9.688641947628913e+00
3.750000000000000e+00	9.574432308594893e+00
3.750000000000000e+00	9.684490911998846e+00
3.750000000000000e+00	9.766377749796266e+00
3.750000000000000e+00	9.807640643898763e+00
3.750000000000000e+00	9.528365718579739e+00
3.750000000000000e+00	9.641941770855290e+00
3.750000000000000e+00	9.581095111697049e+00
3.750000000000000e+00	9.581974088153814e+00
3.750000000000000e+00	9.577654299061834e+00
3.750000000000000e+00	9.478539429796792e+00
3.750000000000000e+00	9.709971350503695e+00
3.750000000000000e+00	9.522793442057560e+00
3.750000000000000e+00	9.532730340633318e+00
3.750000000000000e+00	9.708503531717943e+00
3.750000000000000e+00	9.770829245833109e+00
3.750000000000000e+00	9.622316682000360e+00
3.750000000000000e+00	9.670694438163180e+00
3.750000000000000e+00	9.469888379709795e+00
3.750000000000000e+00	9.789837950274768e+00
3.750000000000000e+00	9.721913533576153e+00
3.750000000000000e+00	9.570340167607418e+00
3.750000000000000e+00	9.527642199958368e+00
3.750000000000000e+00	9.671768764521389e+00
3.750000000000000e+00	9.718001293493524e+00
3.750000000000000e+00	9.797023979386848e+00
3.750000000000000e+00	9.740962026954307e+00
3.750000000000000e+00	9.691743827904569e+00
3.750000000000000e+00	9.590939149668806e+00
3.750000000000000e+00	9.607166666783517e+00
3.750000000000000e+00	9.691694216782778e+00
3.750000000000000e+00	9.557362769303378e+00
3.750000000000000e+00	9.753021951860106e+00
3.750000000000000e+00	9.640745006433562e+00
3.750000000000000e+00	9.710095233068650e+00
3.750000000000000e+00	9.624511587064584e+00
3.750000000000000e+00	9.649093560874583e+00
3.750000000000000e+00	9.508672497026339e+00
3.750000000000000e+00	9.721405715531832e+00
3.750000000000000e+00	9.671968935690021e+00
3.750000000000000e+00	9.627584768261373e+00
3.750000000000000e+00	9.556718325398966e+00
3.750000000000000e+00	9.728513801355188e+00
3.750000000000000e+00	9.709568552269518e+00
3.750000000000000e+00	9.748965003739970e+00
3.750000000000000e+00	9.811988132614760e+00
3.750000000000000e+00	9.680595589438729e+00
3.750000000000000e+00	9.756944144457234e+00
3.750000000000000e+00	9.514602420849382e+00
3.750000000000000e+00	9.605487243940122e+00
3.750000000000000e+00	9.505027313582717e+00
3.750000000000000e+00	9.723001153995721e+00
3.750000000000000e+00	9.565964652990022e+00
3.750000000000000e+00	9.621382429725235e+00
3.750000000000000e+00	9.608635325077863e+00
3.750000000000000e+00	9.684901059984995e+00
3.750000000000000e+00	9.459793129314736e+00
3.750000000000000e+00	9.731113317089431e+00
3.750000000000000e+00	9.801116795509522e+00
3.750000000000000e+00	9.727094432677001e+00
3.750000000000000e+00	9.570287574250756e+00
3.750000000000000e+00	9.521342569097282e+00
3.750000000000000e+00	9.723888405825765e+00
3.750000000000000e+00	9.659888061083562e+00
3.750000000000000e+00	9.810177216921661e+00
3.750000000000000e+00	9.760295994538845e+00
3.750000000000000e+00	9.608125196488841e+00
3.750000000000000e+00	9.665205652822175e+00
3.750000000000000e+00	9.575174283828039e+00
3.750000000000000e+00	9.779407156365096e+00
3.750000000000000e+00	9.653960709324441e+00
3.750000000000000e+00	9.525472291756554e+00
3.750000000000000e+00	9.628852869769327e+00
3.750000000000000e+00	9.478729512004097e+00
3.750000000000000e+00	9.532166137240345e+00
3.750000000000000e+00	9.615028458765970e+00
3.750000000000000e+00	9.551094279265840e+00
3.750000000000000e+00	9.650909453740589e+00
3.750000000000000e+00	9.690738446478587e+00
3.750000000000000e+00	9.720640938434064e+00
3.750000000000000e+00	9.536141538294803e+00
3.750000000000000e+00	9.626833159169069e+00
3.750000000000000e+00	9.454105333013768e+00
3.750000000000000e+00	9.619574997599681e+00
3.750000000000000e+00	9.589086559308790e+00
3.750000000000000e+00	9.558146674926643e+00
3.750000000000000e+00	9.762037190330803e+00
3.750000000000000e+00	9.812526733770058e+00
3.750000000000000e+00	9.689316186752730e+00
3.750000000000000e+00	9.717094345689933e+00
3.750000000000000e+00	9.628367798373075e+00
3.750000000000000e+00	9.462191954234152e+00
3.750000000000000e+00	9.450163171330383e+00
3.750000000000000e+00	9.685460441336296e+00
3.750000000000000e+00	9.718316014684683e+00
3.750000000000000e+00	9.623471378669821e+00
3.750000000000000e+00	9.706053710053849e+00
3.750000000000000e+00	9.660933981472850e+00
3.750000000000000e+00	9.558287190603121e+00
3.750000000000000e+00	9.587784689985080e+00
3.750000000000000e+00	9.606818617573660e+00
3.750000000000000e+00	9.672638828672886e+00
3.750000000000000e+00	9.556100856143294e+00
3.750000000000000e+00	9.684032931377383e+00
3.750000000000000e+00	9.500683110459963e+00
3.750000000000000e+00	9.531350775193253e+00
3.750000000000000e+00	9.663863608251033e+00
3.750000000000000e+00	9.720026368724419e+00
3.750000000000000e+00	9.560464807875801e+00
3.750000000000000e+00	9.597486871816251e+00
3.750000000000000e+00	9.773214507074170e+00
3.750000000000000e+00	9.578428552905120e+00
3.750000000000000e+00	9.640967893126703e+00
3.750000000000000e+00	9.704774019233472e+00
3.750000000000000e+00	9.586010538442025e+00
3.750000000000000e+00	9.690705812140777e+00
3.750000000000000e+00	9.659149821087357e+00
3.750000000000000e+00	9.714458685083866e+00
3.750000000000000e+00	9.619144827776006e+00
3.750000000000000e+00	9.371776864452334e+00
3.750000000000000e+00	9.397885503974894e+00
3.750000000000000e+00	9.704410295046655e+00
3.750000000000000e+00	9.449783141277841e+00
3.750000000000000e+00	9.606951615912870e+00
3.750000000000000e+00	9.555742613124025e+00
3.750000000000000e+00	9.448212890422520e+00
3.750000000000000e+00	9.457845760518143e+00
3.750000000000000e+00	9.529023147797927e+00
3.750000000000000e+00	9.587263103987500e+00
3.750000000000000e+00	9.585173399663768e+00
3.750000000000000e+00	9.648444603274189e+00
3.750000000000000e+00	9.727771456753171e+00
3.750000000000000e+00	9.520217489421196e+00
3.750000000000000e+00	9.456023552036637e+00
3.750000000000000e+00	9.294361805599959e+00
3.750000000000000e+00	9.552420544941697e+00
3.750000000000000e+00	9.674899566145960e+00
3.750000000000000e+00	9.747025169908609e+00
3.750000000000000e+00	9.616627041418745e+00
3.750000000000000e+00	9.547891927434797e+00
3.750000000000000e+00	9.730450128483531e+00
3.750000000000000e+00	9.781898793375099e+00
3.750000000000000e+00	9.710526378744074e+00
3.750000000000000e+00	9.565516619580325e+00
3.750000000000000e+00	9.557789229977775e+00
3.750000000000000e+00	9.646648565563519e+00
3.750000000000000e+00	9.937677838288248e+00
3.750000000000000e+00	9.701444262949421e+00
3.750000000000000e+00	9.584415284493364e+00
3.750000000000000e+00	9.676818495002827e+00
3.750000000000000e+00	9.691379305437913e+00
3.750000000000000e+00	9.489582113023255e+00
3.750000000000000e+00	9.641213666499745e+00
3.750000000000000e+00	9.652462013786479e+00
3.750000000000000e+00	9.719650593574471e+00
3.750000000000000e+00	9.636543939681866e+00
3.750000000000000e+00	9.884598265158939e+00
3.750000000000000e+00	9.382492983487484e+00
3.750000000000000e+00	9.526770093242900e+00
3.750000000000000e+00	9.648906851350851e+00
3.750000000000000e+00	9.577578350096754e+00
3.750000000000000e+00	9.677944164194482e+00
3.750000000000000e+00	9.580999541259626e+00
3.750000000000000e+00	9.627882164758555e+00
3.750000000000000e+00	9.567629712780183e+00
3.750000000000000e+00	9.475394943585464e+00
3.750000000000000e+00	9.710820133149721e+00
3.750000000000000e+00	9.654349984486130e+00
3.750000000000000e+00	9.685609728922426e+00
3.750000000000000e+00	9.613410062652237e+00
3.750000000000000e+00	9.518018274477271e+00
3.750000000000000e+00	9.677865615821666e+00
3.750000000000000e+00	9.574809346549600e+00
3.750000000000000e+00	9.676997984960108e+00
3.750000000000000e+00	9.566543861878365e+00
3.750000000000000e+00	9.830392195680753e+00
3.750000000000000e+00	9.729141873595816e+00
3.750000000000000e+00	9.788499966265087e+00
3.750000000000000e+00	9.831923903919265e+00
3.750000000000000e+00	9.657713499246473e+00
3.750000000000000e+00	9.517490435128327e+00
3.750000000000000e+00	9.518023317049426e+00
3.750000000000000e+00	9.493506559496479e+00
3.750000000000000e+00	9.528031434345625e+00
3.750000000000000e+00	9.605199882444335e+00
3.750000000000000e+00	9.683880922327390e+00
3.750000000000000e+00	9.583026925448692e+00
3.750000000000000e+00	9.621502794533184e+00
3.750000000000000e+00	9.541359883533787e+00
3.750000000000000e+00	9.577940389319314e+00
3.750000000000000e+00	9.602997830787144e+00
3.750000000000000e+00	9.859761890867215e+00
3.750000000000000e+00	9.611996642782362e+00
3.750000000000000e+00	9.554928997854699e+00
3.750000000000000e+00	9.392621274126736e+00
3.750000000000000e+00	9.568033394327795e+00
3.750000000000000e+00	9.624874213033314e+00
3.750000000000000e+00	9.584768503563193e+00
3.750000000000000e+00	9.679412756866897e+00
3.750000000000000e+00	9.596760828907044e+00
3.750000000000000e+00	9.692957978061145e+00
3.750000000000000e+00	9.636827764017880e+00
3.750000000000000e+00	9.528541471279087e+00
3.750000000000000e+00	9.613918054867927e+00
3.750000000000000e+00	9.461938145379277e+00
3.750000000000000e+00	9.513024683670228e+00
3.750000000000000e+00	9.475328862728484e+00
3.750000000000000e+00	9.677565491240598e+00
3.750000000000000e+00	9.721304878622941e+00
3.750000000000000e+00	9.852048971334426e+00
3.750000000000000e+00	9.527924331619639e+00
3.750000000000000e+00	9.442888924615986e+00
3.750000000000000e+00	9.464857078152050e+00
3.750000000000000e+00	9.606180374674317e+00
3.750000000000000e+00	9.524546671798378e+00
3.750000000000000e+00	9.772384341458871e+00
3.750000000000000e+00	9.705547304141858e+00
3.750000000000000e+00	9.667012704956676e+00
3.750000000000000e+00	9.764918246514895e+00
3.750000000000000e+00	9.653769368717693e+00
3.750000000000000e+00	9.620663992542703e+00
3.750000000000000e+00	9.491578100857456e+00
3.750000000000000e+00	9.638796716119886e+00
3.750000000000000e+00	9.683069524001567e+00
3.750000000000000e+00	9.647796939875471e+00
3.750000000000000e+00	9.526225292845011e+00
3.750000000000000e+00	9.634316531278808e+00
3.750000000000000e+00	9.623605941128400e+00
3.750000000000000e+00	9.666248995389907e+00
3.750000000000000e+00	9.762763055879553e+00
3.750000000000000e+00	9.590206447230138e+00
3.750000000000000e+00	9.786034196627522e+00
3.750000000000000e+00	9.627420559860601e+00
3.750000000000000e+00	9.655442934480174e+00
3.750000000000000e+00	9.609672167836223e+00
3.750000000000000e+00	9.606758911202142e+00
3.750000000000000e+00	9.579052844196529e+00
3.750000000000000e+00	9.682844519009043e+00
3.750000000000000e+00	9.639815674303099e+00
3.750000000000000e+00	9.744945181151097e+00
3.750000000000000e+00	9.676747187116295e+00
3.750000000000000e+00	9.589198679812307e+00
3.750000000000000e+00	9.627577521192347e+00
3.750000000000000e+00	9.673506787323014e+00
3.750000000000000e+00	9.584500564292149e+00
3.750000000000000e+00	9.621781486657119e+00
3.750000000000000e+00	9.768972233109212e+00
3.750000000000000e+00	9.649440404988653e+00
3.750000000000000e+00	9.552732095711120e+00
3.750000000000000e+00	9.541574259636381e+00
3.750000000000000e+00	9.608406860459155e+00
3.750000000000000e+00	9.528474656958867e+00
3.750000000000000e+00	9.546112675219629e+00
3.750000000000000e+00	9.536404353163384e+00
3.750000000000000e+00	9.383221962893515e+00
3.750000000000000e+00	9.655721257095028e+00
3.750000000000000e+00	9.781522270279215e+00
3.750000000000000e+00	9.496338718349236e+00
3.750000000000000e+00	9.573893085947876e+00
3.750000000000000e+00	9.570113887373276e+00
3.750000000000000e+00	9.633208682345064e+00
3.750000000000000e+00	9.616850923863572e+00
3.750000000000000e+00	9.647347670613414e+00
3.750000000000000e+00	9.732170624943649e+00
3.750000000000000e+00	9.766525779641036e+00
3.750000000000000e+00	9.599067382828839e+00
3.750000000000000e+00	9.632205175792890e+00
3.750000000000000e+00	9.637618227735928e+00
3.750000000000000e+00	9.645827756034253e+00
3.750000000000000e+00	9.602221312404135e+00
3.750000000000000e+00	9.869537991172397e+00
3.750000000000000e+00	9.604359221321047e+00
3.750000000000000e+00	9.501718161626556e+00
3.750000000000000e+00	9.850310427701967e+00
3.750000000000000e+00	9.398070032546602e+00
3.750000000000000e+00	9.613924986394073e+00
3.750000000000000e+00	9.644034254342516e+00
3.750000000000000e+00	9.663143906927507e+00
3.750000000000000e+00	9.798760254133754e+00
3.750000000000000e+00	9.610345052763531e+00
3.750000000000000e+00	9.632096460812186e+00
3.750000000000000e+00	9.682078613271479e+00
3.750000000000000e+00	9.745603360920150e+00
3.750000000000000e+00	9.732173086349288e+00
3.750000000000000e+00	9.636906518628749e+00
3.750000000000000e+00	9.589399813587516e+00
3.750000000000000e+00	9.665015439135768e+00
3.750000000000000e+00	9.526751680205845e+00
3.750000000000000e+00	9.578505731733276e+00
3.750000000000000e+00	9.708805552185531e+00
3.750000000000000e+00	9.619043564708482e+00
3.750000000000000e+00	9.852929263801098e+00
3.750000000000000e+00	9.817622254977213e+00
3.750000000000000e+00	9.675984955820068e+00
3.750000000000000e+00	9.736374968281142e+00
3.750000000000000e+00	9.631360060665365e+00
3.750000000000000e+00	9.542742009712661e+00
3.750000000000000e+00	9.655333484262066e+00
3.750000000000000e+00	9.624180592291829e+00
3.750000000000000e+00	9.474378019737676e+00
3.750000000000000e+00	9.548554578745065e+00
3.750000000000000e+00	9.615279396517712e+00
3.750000000000000e+00	9.797447917170153e+00
3.750000000000000e+00	9.452904961634506e+00
3.750000000000000e+00	9.493638950116033e+00
3.750000000000000e+00	9.574376149307859e+00
3.750000000000000e+00	9.662724184939700e+00
3.750000000000000e+00	9.575563760782773e+00
3.750000000000000e+00	9.637109660250317e+00
3.750000000000000e+00	9.687123244737414e+00
3.750000000000000e+00	9.661522908619066e+00
3.750000000000000e+00	9.599758650081974e+00
3.750000000000000e+00	9.598402203548776e+00
3.750000000000000e+00	9.663471137832815e+00
3.750000000000000e+00	9.587146163635772e+00
3.750000000000000e+00	9.731381329048606e+00
3.750000000000000e+00	9.618444529934537e+00
3.750000000000000e+00	9.621250840561443e+00
3.750000000000000e+00	9.562791584570718e+00
3.750000000000000e+00	9.574083569917622e+00
3.750000000000000e+00	9.603179452638118e+00
3.750000000000000e+00	9.531732015340747e+00
3.750000000000000e+00	9.882756766710873e+00
3.750000000000000e+00	9.544109686284830e+00
3.750000000000000e+00	9.639483265844591e+00
3.750000000000000e+00	9.407086348104867e+00
3.750000000000000e+00	9.577644489425904e+00
3.750000000000000e+00	9.484288303190958e+00
3.750000000000000e+00	9.575028004311852e+00
3.750000000000000e+00	9.514156624800087e+00
3.750000000000000e+00	9.552079106871897e+00
3.750000000000000e+00	9.652212491241912e+00
3.750000000000000e+00	9.493932288953147e+00
3.750000000000000e+00	9.518066161774668e+00
3.750000000000000e+00	9.901030241787232e+00
3.750000000000000e+00	9.638043348342599e+00
3.750000000000000e+00	9.669422351929979e+00
3.750000000000000e+00	9.686967527812783e+00
3.750000000000000e+00	9.551723400794918e+00
3.750000000000000e+00	9.709545627174201e+00
3.750000000000000e+00	9.760816272077442e+00
3.750000000000000e+00	9.917148235687533e+00
3.750000000000000e+00	9.553093550560806e+00
3.750000000000000e+00	9.597923932157032e+00
3.750000000000000e+00	9.812637992638773e+00
3.750000000000000e+00	9.503433937098828e+00
3.750000000000000e+00	9.623955656210974e+00
3.750000000000000e+00	9.532713521219328e+00
3.750000000000000e+00	9.655683434964708e+00
3.750000000000000e+00	9.599377700453775e+00
3.750000000000000e+00	9.501129333203876e+00
3.750000000000000e+00	9.647173486139263e+00
3.750000000000000e+00	9.671844279472186e+00
3.750000000000000e+00	9.567357725486623e+00
3.750000000000000e+00	9.431358980444125e+00
3.750000000000000e+00	9.691713331550329e+00
3.750000000000000e+00	9.664442610693698e+00
3.750000000000000e+00	9.565727366017850e+00
3.750000000000000e+00	9.650011389621666e+00
3.750000000000000e+00	9.527358261991683e+00
3.750000000000000e+00	9.500371458760393e+00
3.750000000000000e+00	9.606269235709366e+00
3.750000000000000e+00	9.594232679806943e+00
3.750000000000000e+00	9.547203976824758e+00
3.750000000000000e+00	9.631350512466689e+00
3.750000000000000e+00	9.719465333766047e+00
3.750000000000000e+00	9.598744204227895e+00
3.750000000000000e+00	9.767937064689914e+00
3.750000000000000e+00	9.608509721293663e+00
3.750000000000000e+00	9.655708654417698e+00
3.750000000000000e+00	9.498226106645411e+00
3.750000000000000e+00	9.720178992642026e+00
3.750000000000000e+00	9.598166885314305e+00
3.750000000000000e+00	9.552359282303298e+00
3.750000000000000e+00	9.579600058704834e+00
3.750000000000000e+00	9.509260064712015e+00
3.750000000000000e+00	9.721784227399638e+00
3.750000000000000e+00	9.708329740935874e+00
3.750000000000000e+00	9.509493774549412e+00
3.750000000000000e+00	9.463631788554304e+00
3.750000000000000e+00	9.661572265088243e+00
3.750000000000000e+00	9.465984192341519e+00
3.750000000000000e+00	9.477036100278005e+00
3.750000000000000e+00	9.376476191519291e+00
3.750000000000000e+00	9.781481762592335e+00
3.750000000000000e+00	9.612543928719383e+00
3.750000000000000e+00	9.652676302276184e+00
3.750000000000000e+00	9.638346177438772e+00
3.750000000000000e+00	9.468910733755266e+00
3.750000000000000e+00	9.561529633565426e+00
3.750000000000000e+00	9.686802779094684e+00
3.750000000000000e+00	9.583724068568154e+00
3.750000000000000e+00	9.618303534270893e+00
3.750000000000000e+00	9.584419816714915e+00
3.750000000000000e+00	9.535919985085956e+00
3.750000000000000e+00	9.627350242575320e+00
3.750000000000000e+00	9.774481068546965e+00
3.750000000000000e+00	9.756067753973189e+00
3.750000000000000e+00	9.719751932371423e+00
3.750000000000000e+00	9.621702236986652e+00
3.750000000000000e+00	9.538960704774770e+00
3.750000000000000e+00	9.645207352065190e+00
3.750000000000000e+00	9.815528929979932e+00
3.750000000000000e+00	9.663034685445471e+00
3.750000000000000e+00	9.597112812955835e+00
3.750000000000000e+00	9.447083143548292e+00
3.750000000000000e+00	9.500202821548289e+00
3.750000000000000e+00	9.803355742838734e+00
3.750000000000000e+00	9.780985182501949e+00
3.750000000000000e+00	9.684413018870416e+00
3.750000000000000e+00	9.771905276473447e+00
3.750000000000000e+00	9.645484104750828e+00
3.750000000000000e+00	9.806482120219613e+00
3.750000000000000e+00	9.460242355026768e+00
3.750000000000000e+00	9.545070004395045e+00
3.750000000000000e+00	9.570900484943618e+00
3.750000000000000e+00	9.463912188910545e+00
3.750000000000000e+00	9.588000161412035e+00
3.750000000000000e+00	9.601952974836919e+00
3.750000000000000e+00	9.656195317681329e+00
3.750000000000000e+00	9.557143793901083e+00
3.750000000000000e+00	9.740401548612839e+00
3.750000000000000e+00	9.626170590266513e+00
3.750000000000000e+00	9.724905148317291e+00
3.750000000000000e+00	9.470943755311005e+00
3.750000000000000e+00	9.420145973586932e+00
3.750000000000000e+00	9.575234488933118e+00
3.750000000000000e+00	9.605936443098205e+00
3.750000000000000e+00	9.635478387718020e+00
3.750000000000000e+00	9.363920397510849e+00
3.750000000000000e+00	9.549257341575188e+00
3.750000000000000e+00	9.652220427817809e+00
3.750000000000000e+00	9.655366896592833e+00
3.750000000000000e+00	9.806721178897757e+00
3.750000000000000e+00	9.682803576559788e+00
3.750000000000000e+00	9.622285304293859e+00
3.750000000000000e+00	9.602210844453221e+00
3.750000000000000e+00	9.661625074516794e+00
3.750000000000000e+00	9.540199347810045e+00
3.750000000000000e+00	9.444478148158799e+00
3.750000000000000e+00	9.804584813111411e+00
3.750000000000000e+00	9.822526513739017e+00
3.750000000000000e+00	9.512206938599936e+00
3.750000000000000e+00	9.696571726000631e+00
3.750000000000000e+00	9.751103096753715e+00
3.750000000000000e+00	9.598696076314265e+00
3.750000000000000e+00	9.579354772230305e+00
3.750000000000000e+00	9.710853451540764e+00
3.750000000000000e+00	9.706310328091135e+00
3.750000000000000e+00	9.789042616614042e+00
3.750000000000000e+00	9.756754211039425e+00
3.750000000000000e+00	9.711804035822778e+00
3.750000000000000e+00	9.867136188124494e+00
3.750000000000000e+00	9.646356865111915e+00
3.750000000000000e+00	9.601330150170067e+00
3.750000000000000e+00	9.503279124896633e+00
3.750000000000000e+00	9.504015830551859e+00
3.750000000000000e+00	9.831378144145377e+00
3.750000000000000e+00	9.597760357757922e+00
3.750000000000000e+00	9.671928406490137e+00
3.750000000000000e+00	9.722931243166848e+00
3.750000000000000e+00	9.692046045102611e+00
3.750000000000000e+00	9.684495024780139e+00
3.750000000000000e+00	9.837613728213235e+00
3.750000000000000e+00	9.508144268684024e+00
3.750000000000000e+00	9.432129748705879e+00
3.750000000000000e+00	9.566243580108932e+00
3.750000000000000e+00	9.665924367825081e+00
3.750000000000000e+00	9.469391209972716e+00
3.750000000000000e+00	9.691132224954284e+00
3.750000000000000e+00	9.621195745935605e+00
3.750000000000000e+00	9.611206356822557e+00
3.750000000000000e+00	9.540096453251284e+00
3.750000000000000e+00	9.480658245666184e+00
3.750000000000000e+00	9.655873628032829e+00
3.750000000000000e+00	9.603462223297058e+00
3.750000000000000e+00	9.731985045451612e+00
3.750000000000000e+00	9.647134012543406e+00
3.750000000000000e+00	9.767471094630420e+00
3.750000000000000e+00	9.585146397500639e+00
3.750000000000000e+00	9.604183755749530e+00
3.750000000000000e+00	9.630773993742642e+00
3.750000000000000e+00	9.705088132870600e+00
3.750000000000000e+00	9.716212387211801e+00
3.750000000000000e+00	9.511559236372836e+00
3.750000000000000e+00	9.697299615586381e+00
3.750000000000000e+00	9.574450447818711e+00
3.750000000000000e+00	9.594185513214200e+00
3.750000000000000e+00	9.734890885740230e+00
3.750000000000000e+00	9.661221337588474e+00
3.750000000000000e+00	9.691231122604957e+00
3.750000000000000e+00	9.688865742338383e+00
3.750000000000000e+00	9.770019870573904e+00
3.750000000000000e+00	9.566410822159408e+00
3.750000000000000e+00	9.785925430817363e+00
3.750000000000000e+00	9.627167022145361e+00
3.750000000000000e+00	9.575824540568142e+00
3.750000000000000e+00	9.724125019404296e+00
3.750000000000000e+00	9.553450875165639e+00
3.750000000000000e+00	9.801170415250786e+00
3.750000000000000e+00	9.738801999196504e+00
3.750000000000000e+00	9.468153098253090e+00
3.750000000000000e+00	9.637179278975994e+00
3.750000000000000e+00	9.539894666533092e+00
3.750000000000000e+00	9.621994148387763e+00
3.750000000000000e+00	9.812015318791579e+00
3.750000000000000e+00	9.775759820981978e+00
3.750000000000000e+00	9.585710954765400e+00
3.750000000000000e+00	9.603494460650992e+00
3.750000000000000e+00	9.388254815385579e+00
3.750000000000000e+00	9.689518670316934e+00
3.750000000000000e+00	9.630970929842784e+00
3.750000000000000e+00	9.475146764088974e+00
3.750000000000000e+00	9.585635091700055e+00
3.750000000000000e+00	9.694012494074466e+00
3.750000000000000e+00	9.502170917693050e+00
3.750000000000000e+00	9.619261456948296e+00
3.750000000000000e+00	9.623136062110197e+00
3.750000000000000e+00	9.517774427702118e+00
3.750000000000000e+00	9.715863535010651e+00
3.750000000000000e+00	9.640219119708913e+00
3.750000000000000e+00	9.546160452272947e+00
3.750000000000000e+00	9.606209760999612e+00
3.750000000000000e+00	9.584650835806954e+00
3.750000000000000e+00	9.641423644220147e+00
3.750000000000000e+00	9.585112042101393e+00
3.750000000000000e+00	9.620494631063275e+00
3.750000000000000e+00	9.661832243059452e+00
3.750000000000000e+00	9.767869374036463e+00
3.750000000000000e+00	9.548453661217215e+00
3.750000000000000e+00	9.621015457107976e+00
3.750000000000000e+00	9.668435197668167e+00
3.750000000000000e+00	9.706589962635613e+00
3.750000000000000e+00	9.503276348989411e+00
3.750000000000000e+00	9.576281979438294e+00
3.750000000000000e+00	9.486368327093086e+00
3.750000000000000e+00	9.733029912468179e+00
3.750000000000000e+00	9.578060966540757e+00
3.750000000000000e+00	9.544425247021058e+00
3.750000000000000e+00	9.685585184672670e+00
3.750000000000000e+00	9.821177352727510e+00
3.750000000000000e+00	9.654796477334916e+00
3.750000000000000e+00	9.559186448715421e+00
3.750000000000000e+00	9.555846904099504e+00
3.750000000000000e+00	9.749387782836688e+00
3.750000000000000e+00	9.639864588246025e+00
3.750000000000000e+00	9.618984375038751e+00
3.750000000000000e+00	9.445868735618271e+00
3.750000000000000e+00	9.717912110524445e+00
3.750000000000000e+00	9.742492359082382e+00
3.750000000000000e+00	9.637978766296378e+00
3.750000000000000e+00	9.625758468852954e+00
3.750000000000000e+00	9.501053310374040e+00
3.750000000000000e+00	9.702694448024962e+00
3.750000000000000e+00	9.607215529434040e+00
3.750000000000000e+00	9.636022919361936e+00
3.750000000000000e+00	9.778835172579836e+00
3.750000000000000e+00	9.574107628365617e+00
3.750000000000000e+00	9.534124498437357e+00
3.750000000000000e+00	9.500091169685863e+00
3.750000000000000e+00	9.731115614956668e+00
3.750000000000000e+00	9.793071366597182e+00
3.750000000000000e+00	9.657888032710183e+00
3.750000000000000e+00	9.659456623679475e+00
3.750000000000000e+00	9.815657144486488e+00
3.750000000000000e+00	9.726620602381196e+00
3.750000000000000e+00	9.605285372632272e+00
3.750000000000000e+00	9.770332281188598e+00
3.750000000000000e+00	9.555876241091415e+00
3.750000000000000e+00	9.614923643475102e+00
3.750000000000000e+00	9.573752893632179e+00
3.750000000000000e+00	9.549905670788908e+00
3.750000000000000e+00	9.579590484084974e+00
3.750000000000000e+00	9.541144326586352e+00
3.750000000000000e+00	9.839908723679379e+00
3.750000000000000e+00	9.780561433360141e+00
3.750000000000000e+00	9.621408425389840e+00
3.750000000000000e+00	9.557627113460082e+00
3.750000000000000e+00	9.811163579361743e+00
3.750000000000000e+00	9.516883466799190e+00
3.750000000000000e+00	9.582129934528538e+00
3.750000000000000e+00	9.677363394389264e+00
3.750000000000000e+00	9.429060392647152e+00
3.750000000000000e+00	9.633464890405575e+00
3.750000000000000e+00	9.787484732373215e+00
3.750000000000000e+00	9.524536405651796e+00
3.750000000000000e+00	9.529113084900619e+00
3.750000000000000e+00	9.729270392625338e+00
3.750000000000000e+00	9.662299120274579e+00
3.750000000000000e+00	9.790418880618843e+00
3.750000000000000e+00	9.716414484190452e+00
3.750000000000000e+00	9.638347876433659e+00
3.750000000000000e+00	9.617590796832287e+00
3.750000000000000e+00	9.608983324041869e+00
3.750000000000000e+00	9.593750777625575e+00
3.750000000000000e+00	9.591705929214474e+00
3.750000000000000e+00	9.551910410656575e+00
3.750000000000000e+00	9.588193707388871e+00
3.750000000000000e+00	9.614361735003847e+00
3.750000000000000e+00	9.595760674566201e+00
3.750000000000000e+00	9.725038772964922e+00
3.750000000000000e+00	9.642066089179608e+00
3.750000000000000e+00	9.579592236190287e+00
3.750000000000000e+00	9.764057412746176e+00
3.750000000000000e+00	9.686180392296132e+00
3.750000000000000e+00	9.540972831064742e+00
3.750000000000000e+00	9.684978855692366e+00
3.750000000000000e+00	9.720925245319751e+00
3.750000000000000e+00	9.784411557881644e+00
3.750000000000000e+00	9.635756199626798e+00
3.750000000000000e+00	9.646013902587981e+00
3.750000000000000e+00	9.547146475901409e+00
3.750000000000000e+00	9.626000030984695e+00
3.750000000000000e+00	9.540376521905859e+00
3.750000000000000e+00	9.539987388206763e+00
3.750000000000000e+00	9.576708102593281e+00
3.750000000000000e+00	9.441275676459737e+00
3.750000000000000e+00	9.628539679458040e+00
3.750000000000000e+00	9.868682576958840e+00
3.750000000000000e+00	9.736783465627866e+00
3.750000000000000e+00	9.566999562070865e+00
3.750000000000000e+00	9.711762147186310e+00
3.750000000000000e+00	9.762106659331261e+00
3.750000000000000e+00	9.697895749026690e+00
3.750000000000000e+00	9.641993469786291e+00
3.750000000000000e+00	9.658414844331844e+00
3.750000000000000e+00	9.548091321183719e+00
3.750000000000000e+00	9.520337528800386e+00
3.750000000000000e+00	9.757829761794536e+00
3.750000000000000e+00	9.745353876909768e+00
3.750000000000000e+00	9.709762235303016e+00
3.750000000000000e+00	9.601023697394329e+00
3.750000000000000e+00	9.913594478647560e+00
3.750000000000000e+00	9.726183947532444e+00
3.750000000000000e+00	9.597983684895059e+00
3.750000000000000e+00	9.583010941049320e+00
3.750000000000000e+00	9.646749911879356e+00
3.750000000000000e+00	9.518158102289187e+00
3.750000000000000e+00	9.690389975019313e+00
3.750000000000000e+00	9.677175484718518e+00
3.750000000000000e+00	9.414241043370966e+00
3.750000000000000e+00	9.733061357015723e+00
3.750000000000000e+00	9.691227601977793e+00
3.750000000000000e+00	9.659744137787941e+00
3.750000000000000e+00	9.732054098465929e+00
3.750000000000000e+00	9.467557140768850e+00
3.750000000000000e+00	9.616224036094046e+00
3.750000000000000e+00	9.769056511671042e+00
3.750000000000000e+00	9.523108596615504e+00
3.750000000000000e+00	9.632600834602318e+00
3.750000000000000e+00	9.751554060150399e+00
3.750000000000000e+00	9.533125585665864e+00
3.750000000000000e+00	9.587346479431968e+00
3.750000000000000e+00	9.708021094105504e+00
3.750000000000000e+00	9.685863459395701e+00
3.750000000000000e+00	9.605142587162408e+00
3.750000000000000e+00	9.424579211397759e+00
3.750000000000000e+00	9.711264128150198e+00
3.750000000000000e+00	9.603912597434176e+00
3.750000000000000e+00	9.456056269323987e+00
3.750000000000000e+00	9.640985126781395e+00
3.750000000000000e+00	9.842613831494816e+00
3.750000000000000e+00	9.751797258572271e+00
3.750000000000000e+00	9.655079877321786e+00
3.750000000000000e+00	9.613348101943252e+00
3.750000000000000e+00	9.563383736827721e+00
3.750000000000000e+00	9.654112388766025e+00
3.750000000000000e+00	9.714772323383206e+00
3.750000000000000e+00	9.488278831932558e+00
3.750000000000000e+00	9.389094051429579e+00
3.750000000000000e+00	9.534567156133335e+00
3.750000000000000e+00	9.765594596739883e+00
3.750000000000000e+00	9.713329945509720e+00
3.750000000000000e+00	9.527498861704949e+00
3.750000000000000e+00	9.556306400726820e+00
3.750000000000000e+00	9.623040771019047e+00
3.750000000000000e+00	9.578909100189309e+00
3.750000000000000e+00	9.561488243906672e+00
3.750000000000000e+00	9.688707307436903e+00
3.750000000000000e+00	9.753707343468099e+00
3.750000000000000e+00	9.478326843579120e+00
3.750000000000000e+00	9.694484585969700e+00
3.750000000000000e+00	9.525112933959150e+00
3.750000000000000e+00	9.774706820639683e+00
3.750000000000000e+00	9.599908046998479e+00
3.750000000000000e+00	9.519780047013947e+00
3.750000000000000e+00	9.560762038512003e+00
3.750000000000000e+00	9.507726071580997e+00
3.750000000000000e+00	9.589754152255885e+00
3.750000000000000e+00	9.672233709147509e+00
3.750000000000000e+00	9.513820169453682e+00
3.750000000000000e+00	9.457178486151069e+00
3.750000000000000e+00	9.658870506934520e+00
3.750000000000000e+00	9.681422810499836e+00
3.750000000000000e+00	9.661190762852341e+00
3.750000000000000e+00	9.619914992956998e+00
3.750000000000000e+00	9.661484922709580e+00
3.750000000000000e+00	9.690433673847867e+00
3.750000000000000e+00	9.652350857319052e+00
3.750000000000000e+00	9.786738471756340e+00
3.750000000000000e+00	9.607313408209318e+00
3.750000000000000e+00	9.690502262366655e+00
3.750000000000000e+00	9.530287496035530e+00
3.750000000000000e+00	9.745952225632871e+00
3.750000000000000e+00	9.523895858160817e+00
3.750000000000000e+00	9.796549517062825e+00
3.750000000000000e+00	9.510531311876912e+00
3.750000000000000e+00	9.637351547042723e+00
3.750000000000000e+00	9.691894081517061e+00
3.750000000000000e+00	9.703673485606920e+00
3.750000000000000e+00	9.554781083688802e+00
3.750000000000000e+00	9.737251112171455e+00
3.750000000000000e+00	9.693451620922948e+00
3.750000000000000e+00	9.551500385097743e+00
3.750000000000000e+00	9.662085768896644e+00
3.750000000000000e+00	9.606695505420525e+00
3.750000000000000e+00	9.546513330555875e+00
3.750000000000000e+00	9.770547889269970e+00
3.750000000000000e+00	9.678778364474031e+00
3.750000000000000e+00	9.579408998599336e+00
3.750000000000000e+00	9.564464762927527e+00
3.750000000000000e+00	9.660460437003886e+00
3.750000000000000e+00	9.611021235862307e+00
3.750000000000000e+00	9.563414159044353e+00
3.750000000000000e+00	9.742825993632174e+00
3.750000000000000e+00	9.735323499977234e+00
3.750000000000000e+00	9.670922945380386e+00
3.750000000000000e+00	9.624637881379861e+00
3.750000000000000e+00	9.678518718045311e+00
3.750000000000000e+00	9.626135583690772e+00
3.750000000000000e+00	9.625976759521013e+00
3.750000000000000e+00	9.530331577591664e+00
3.750000000000000e+00	9.725799388032629e+00
3.750000000000000e+00	9.886877290156738e+00
3.750000000000000e+00	9.637907571267226e+00
3.750000000000000e+00	9.434236976763458e+00
3.750000000000000e+00	9.804562572765775e+00
3.750000000000000e+00	9.573235629351737e+00
3.750000000000000e+00	9.606477446394834e+00
3.750000000000000e+00	9.591447464977254e+00
3.750000000000000e+00	9.537047112425698e+00
3.750000000000000e+00	9.550614877804801e+00
3.750000000000000e+00	9.653443440448424e+00
3.750000000000000e+00	9.437810050042899e+00
3.750000000000000e+00	9.535416016987300e+00
3.750000000000000e+00	9.731303015361870e+00
3.750000000000000e+00	9.675569673565635e+00
3.750000000000000e+00	9.606897470931145e+00
3.750000000000000e+00	9.524505079127749e+00
3.750000000000000e+00	9.603635336011461e+00
3.750000000000000e+00	9.615296952731041e+00
3.750000000000000e+00	9.828472892596361e+00
3.750000000000000e+00	9.624665764775690e+00
3.750000000000000e+00	9.663674083013586e+00
3.750000000000000e+00	9.747082359958672e+00
3.750000000000000e+00	9.540746459324698e+00
3.750000000000000e+00	9.649542581457156e+00
3.750000000000000e+00	9.620662666166750e+00
3.750000000000000e+00	9.668675576024924e+00
3.750000000000000e+00	9.680298555699203e+00
3.750000000000000e+00	9.652938332461204e+00
3.750000000000000e+00	9.842365913360805e+00
3.750000000000000e+00	9.773160626859125e+00
3.750000000000000e+00	9.596685089342031e+00
3.750000000000000e+00	9.566868850596240e+00
3.750000000000000e+00	9.597285466700379e+00
3.750000000000000e+00	9.627309722469853e+00
3.750000000000000e+00	9.686526597300420e+00
3.750000000000000e+00	9.532048131807974e+00
3.750000000000000e+00	9.609537171015216e+00
3.750000000000000e+00	9.714142599632336e+00
3.750000000000000e+00	9.574578097614722e+00
3.750000000000000e+00	9.596019964534300e+00
3.750000000000000e+00	9.576606713311627e+00
3.750000000000000e+00	9.572676433085872e+00
3.750000000000000e+00	9.655234297347871e+00
3.750000000000000e+00	9.541857672610888e+00
3.750000000000000e+00	9.533283326241028e+00
3.750000000000000e+00	9.543698394938041e+00
3.750000000000000e+00	9.668363220574156e+00
3.750000000000000e+00	9.687085991143910e+00
3.750000000000000e+00	9.539458471803972e+00
3.750000000000000e+00	9.754302605441850e+00
3.750000000000000e+00	9.617794848171719e+00
3.750000000000000e+00	9.623721196651747e+00
3.750000000000000e+00	9.540971842022294e+00
3.750000000000000e+00	9.626098112783485e+00
3.750000000000000e+00	9.375145298571699e+00
3.750000000000000e+00	9.777021181029085e+00
3.750000000000000e+00	9.677678876045416e+00
3.750000000000000e+00	9.547151004185508e+00
3.750000000000000e+00	9.551166972684753e+00
3.750000000000000e+00	9.578400232041169e+00
3.750000000000000e+00	9.721297619328091e+00
3.750000000000000e+00	9.711439079690706e+00
3.750000000000000e+00	9.716957952302259e+00
3.750000000000000e+00	9.692607350104877e+00
3.750000000000000e+00	9.648152406604614e+00
3.750000000000000e+00	9.577461820083984e+00
3.750000000000000e+00	9.837564301724651e+00
3.750000000000000e+00	9.714850014786826e+00
3.750000000000000e+00	9.594006438383536e+00
3.750000000000000e+00	9.536645978892516e+00
3.750000000000000e+00	9.484198615329007e+00
3.750000000000000e+00	9.569336996850062e+00
3.750000000000000e+00	9.581174787991133e+00
3.750000000000000e+00	9.777864498556880e+00
3.750000000000000e+00	9.444442943641976e+00
3.750000000000000e+00	9.492054068204299e+00
3.750000000000000e+00	9.601605964540502e+00
3.750000000000000e+00	9.530271005313560e+00
3.750000000000000e+00	9.522693491188448e+00
3.750000000000000e+00	9.678369756915213e+00
3.750000000000000e+00	9.643783149823619e+00
3.750000000000000e+00	9.737261071845097e+00
3.750000000000000e+00	9.797892221545691e+00
3.750000000000000e+00	9.440456820026530e+00
3.750000000000000e+00	9.629586606236330e+00
3.750000000000000e+00	9.642009977750250e+00
3.750000000000000e+00	9.731087581977757e+00
3.750000000000000e+00	9.518318755861866e+00
3.750000000000000e+00	9.492072480337299e+00
3.750000000000000e+00	9.721837747792941e+00
3.750000000000000e+00	9.449437616896262e+00
3.750000000000000e+00	9.845058292129794e+00
3.750000000000000e+00	9.676967688416758e+00
3.750000000000000e+00	9.786190013931554e+00
3.750000000000000e+00	9.666386023909084e+00
3.750000000000000e+00	9.574326100295110e+00
3.750000000000000e+00	9.720741233625098e+00
3.750000000000000e+00	9.747338708201777e+00
3.750000000000000e+00	9.727425652504072e+00
3.750000000000000e+00	9.635623653505458e+00
3.750000000000000e+00	9.462465387123119e+00
3.750000000000000e+00	9.523466396583540e+00
3.750000000000000e+00	9.607448379605433e+00
3.750000000000000e+00	9.644651186679379e+00
3.750000000000000e+00	9.563501755503454e+00
3.750000000000000e+00	9.591135732610187e+00
3.750000000000000e+00	9.575414744506823e+00
3.750000000000000e+00	9.703602620773843e+00
3.750000000000000e+00	9.448541363318171e+00
3.750000000000000e+00	9.929008324573068e+00
3.750000000000000e+00	9.450913622065926e+00
3.750000000000000e+00	9.733374401614569e+00
3.750000000000000e+00	9.400270292009345e+00
