1.050000000000000e+00	4.813473753528057e+00
1.050000000000000e+00	4.803167795855800e+00
1.050000000000000e+00	4.859075570948335e+00
1.050000000000000e+00	4.590289568032994e+00
1.050000000000000e+00	4.713128198877034e+00
1.050000000000000e+00	4.802648225622098e+00
1.050000000000000e+00	4.828207385868444e+00
1.050000000000000e+00	4.636821210433369e+00
1.050000000000000e+00	4.786236854374387e+00
1.050000000000000e+00	4.826228848847980e+00
1.050000000000000e+00	4.723755650811007e+00
1.050000000000000e+00	4.751856685125031e+00
1.050000000000000e+00	4.744298344374099e+00
1.050000000000000e+00	4.662259950391952e+00
1.050000000000000e+00	4.711620879756375e+00
1.050000000000000e+00	4.572764994518223e+00
1.050000000000000e+00	4.807810764644664e+00
1.050000000000000e+00	4.631833881262176e+00
1.050000000000000e+00	4.718615283216637e+00
1.050000000000000e+00	4.869626636844832e+00
1.050000000000000e+00	4.798491942213266e+00
1.050000000000000e+00	4.663932618762080e+00
1.050000000000000e+00	4.725492300282669e+00
1.050000000000000e+00	4.784016496746565e+00
1.050000000000000e+00	4.594799797548227e+00
1.050000000000000e+00	5.011665047104757e+00
1.050000000000000e+00	4.826022745314873e+00
1.050000000000000e+00	4.724974402373554e+00
1.050000000000000e+00	4.804275202307752e+00
1.050000000000000e+00	4.718028848925723e+00
1.050000000000000e+00	4.616355909159880e+00
1.050000000000000e+00	4.690892769067173e+00
1.050000000000000e+00	4.710718744162393e+00
1.050000000000000e+00	4.778277502402013e+00
1.050000000000000e+00	4.741527896722888e+00
1.050000000000000e+00	4.673889856751745e+00
1.050000000000000e+00	4.681828313881590e+00
1.050000000000000e+00	4.859646906816401e+00
1.050000000000000e+00	4.830658700836732e+00
1.050000000000000e+00	4.879946010429400e+00
1.050000000000000e+00	4.736655147751582e+00
1.050000000000000e+00	4.864042398999399e+00
1.050000000000000e+00	4.837601566268826e+00
1.050000000000000e+00	4.800775447170223e+00
1.050000000000000e+00	4.684095566286507e+00
1.050000000000000e+00	4.736693665712240e+00
1.050000000000000e+00	4.832873338429870e+00
1.050000000000000e+00	4.560477100055010e+00
1.050000000000000e+00	4.801789616172572e+00
1.050000000000000e+00	4.765184669029996e+00
1.050000000000000e+00	4.655035372230025e+00
1.050000000000000e+00	4.824681416316103e+00
1.050000000000000e+00	4.748372519102712e+00
1.050000000000000e+00	4.604271854586425e+00
1.050000000000000e+00	4.721901886865398e+00
1.050000000000000e+00	4.734838138503552e+00
1.050000000000000e+00	4.771710573127933e+00
1.050000000000000e+00	4.834782827470974e+00
1.050000000000000e+00	4.640378151316401e+00
1.050000000000000e+00	4.741836143157746e+00
1.050000000000000e+00	4.770910291882278e+00
1.050000000000000e+00	4.789791182128288e+00
1.050000000000000e+00	4.746473705151461e+00
1.050000000000000e+00	4.789159548837072e+00
1.050000000000000e+00	4.780727801690443e+00
1.050000000000000e+00	4.603743422144289e+00
1.050000000000000e+00	4.889850927315467e+00
1.050000000000000e+00	4.775282140108716e+00
1.050000000000000e+00	4.759886800055813e+00
1.050000000000000e+00	4.836554201356247e+00
1.050000000000000e+00	4.680966169933551e+00
1.050000000000000e+00	4.709399291337215e+00
1.050000000000000e+00	4.663419262435234e+00
1.050000000000000e+00	4.768361237543864e+00
1.050000000000000e+00	4.732617431998444e+00
1.050000000000000e+00	4.808771314200408e+00
1.050000000000000e+00	4.689375863550729e+00
1.050000000000000e+00	4.861194675542166e+00
1.050000000000000e+00	4.846170946025210e+00
1.050000000000000e+00	4.826366646177580e+00
1.050000000000000e+00	4.870225275766915e+00
1.050000000000000e+00	4.688782726474557e+00
1.050000000000000e+00	4.673640936517963e+00
1.050000000000000e+00	4.744089433430814e+00
1.050000000000000e+00	4.802174423632953e+00
1.050000000000000e+00	4.829765209280986e+00
1.050000000000000e+00	4.667021620522507e+00
1.050000000000000e+00	4.689997296189004e+00
1.050000000000000e+00	4.890838923641549e+00
1.050000000000000e+00	4.865585388436572e+00
1.050000000000000e+00	4.627673395204797e+00
1.050000000000000e+00	4.707968484804518e+00
1.050000000000000e+00	4.760110975055333e+00
1.050000000000000e+00	4.860554981942439e+00
1.050000000000000e+00	4.724897731297497e+00
1.050000000000000e+00	4.723653276545292e+00
1.050000000000000e+00	4.656925360736281e+00
1.050000000000000e+00	4.825315114034937e+00
1.050000000000000e+00	4.689535852672588e+00
1.050000000000000e+00	4.613610507450704e+00
1.050000000000000e+00	4.769032583799582e+00
1.050000000000000e+00	4.753761480685448e+00
1.050000000000000e+00	4.726086507969046e+00
1.050000000000000e+00	4.705178574250428e+00
1.050000000000000e+00	4.797017327715961e+00
1.050000000000000e+00	4.703742340600220e+00
1.050000000000000e+00	4.815542862961877e+00
1.050000000000000e+00	4.751186192875368e+00
1.050000000000000e+00	4.769839207217314e+00
1.050000000000000e+00	4.771332361401382e+00
1.050000000000000e+00	4.768853048481574e+00
1.050000000000000e+00	4.835915850356586e+00
1.050000000000000e+00	4.808618149697775e+00
1.050000000000000e+00	4.670546206765849e+00
1.050000000000000e+00	4.671759678992737e+00
1.050000000000000e+00	4.770137625411179e+00
1.050000000000000e+00	4.896749310627237e+00
1.050000000000000e+00	4.797147182869511e+00
1.050000000000000e+00	4.756914785369852e+00
1.050000000000000e+00	4.626579555708465e+00
1.050000000000000e+00	4.728484826001903e+00
1.050000000000000e+00	4.696277274476076e+00
1.050000000000000e+00	4.914527323313986e+00
1.050000000000000e+00	4.741728090875169e+00
1.050000000000000e+00	4.816863150450469e+00
1.050000000000000e+00	4.674382848557437e+00
1.050000000000000e+00	4.848226292055717e+00
1.050000000000000e+00	4.688343966339692e+00
1.050000000000000e+00	4.757047616728670e+00
1.050000000000000e+00	4.773763391894098e+00
1.050000000000000e+00	4.833398221067728e+00
1.050000000000000e+00	4.723676840854494e+00
1.050000000000000e+00	4.663367109003302e+00
1.050000000000000e+00	4.700090602444021e+00
1.050000000000000e+00	4.635128753163771e+00
1.050000000000000e+00	4.853308076365215e+00
1.050000000000000e+00	4.739234630323841e+00
1.050000000000000e+00	4.608853686538740e+00
1.050000000000000e+00	4.873210971733419e+00
1.050000000000000e+00	4.831136256198480e+00
1.050000000000000e+00	4.835680155291342e+00
1.050000000000000e+00	4.858556782568964e+00
1.050000000000000e+00	4.865430772795961e+00
1.050000000000000e+00	4.685262685348747e+00
1.050000000000000e+00	4.785249132061285e+00
1.050000000000000e+00	4.925618192706120e+00
1.050000000000000e+00	4.768271426549127e+00
1.050000000000000e+00	4.763713579425592e+00
1.050000000000000e+00	4.770559382090402e+00
1.050000000000000e+00	4.858816081648308e+00
1.050000000000000e+00	4.684041612858424e+00
1.050000000000000e+00	4.785824604346905e+00
1.050000000000000e+00	4.771912865284845e+00
1.050000000000000e+00	4.768178128265474e+00
1.050000000000000e+00	4.706368253081348e+00
1.050000000000000e+00	4.803537773389358e+00
1.050000000000000e+00	4.721179751282161e+00
1.050000000000000e+00	4.790008038412468e+00
1.050000000000000e+00	4.644201917685303e+00
1.050000000000000e+00	4.710002457265341e+00
1.050000000000000e+00	4.730261252559632e+00
1.050000000000000e+00	4.753768683355910e+00
1.050000000000000e+00	4.833013200363422e+00
1.050000000000000e+00	4.795677102758196e+00
1.050000000000000e+00	4.762320636936419e+00
1.050000000000000e+00	4.641835084899480e+00
1.050000000000000e+00	4.595672383251011e+00
1.050000000000000e+00	4.671200597244563e+00
1.050000000000000e+00	4.872937117938509e+00
1.050000000000000e+00	4.812052419479137e+00
1.050000000000000e+00	4.670671444843951e+00
1.050000000000000e+00	4.684058340174040e+00
1.050000000000000e+00	4.769585904978166e+00
1.050000000000000e+00	4.684549441899088e+00
1.050000000000000e+00	4.658989717903461e+00
1.050000000000000e+00	4.770331561811920e+00
1.050000000000000e+00	4.656037947725872e+00
1.050000000000000e+00	4.793632658936300e+00
1.050000000000000e+00	4.840906237888042e+00
1.050000000000000e+00	4.602141300781470e+00
1.050000000000000e+00	4.677169745051177e+00
1.050000000000000e+00	4.728140078953809e+00
1.050000000000000e+00	4.680101918544220e+00
1.050000000000000e+00	4.640629795558789e+00
1.050000000000000e+00	4.764175711962544e+00
1.050000000000000e+00	4.873155619380169e+00
1.050000000000000e+00	4.686469684377309e+00
1.050000000000000e+00	4.823121565367519e+00
1.050000000000000e+00	4.722874282687131e+00
1.050000000000000e+00	4.806506501602387e+00
1.050000000000000e+00	4.737933905918911e+00
1.050000000000000e+00	4.732590802787542e+00
1.050000000000000e+00	4.832208089129603e+00
1.050000000000000e+00	4.674834479571521e+00
1.050000000000000e+00	4.863110951585503e+00
1.050000000000000e+00	4.822954324116945e+00
1.050000000000000e+00	4.704147855523909e+00
1.050000000000000e+00	4.914333468886901e+00
1.050000000000000e+00	4.630159216768526e+00
1.050000000000000e+00	4.947254510385557e+00
1.050000000000000e+00	4.865733603168286e+00
1.050000000000000e+00	4.795820143476783e+00
1.050000000000000e+00	4.791177042049347e+00
1.050000000000000e+00	4.737359494429982e+00
1.050000000000000e+00	4.826919374608885e+00
1.050000000000000e+00	4.722865444225536e+00
1.050000000000000e+00	4.735099474171115e+00
1.050000000000000e+00	4.778207713903885e+00
1.050000000000000e+00	4.796109203491541e+00
1.050000000000000e+00	4.837294750857628e+00
1.050000000000000e+00	4.744071265373559e+00
1.050000000000000e+00	4.832161383461859e+00
1.050000000000000e+00	4.784234323726217e+00
1.050000000000000e+00	4.875301515224779e+00
1.050000000000000e+00	4.815511261121844e+00
1.050000000000000e+00	4.882553205031715e+00
1.050000000000000e+00	4.849036178900398e+00
1.050000000000000e+00	4.771201226888886e+00
1.050000000000000e+00	4.725104020032068e+00
1.050000000000000e+00	4.748894332815312e+00
1.050000000000000e+00	4.715406688745936e+00
1.050000000000000e+00	4.770683514599122e+00
1.050000000000000e+00	4.702146927086148e+00
1.050000000000000e+00	4.669244017611425e+00
1.050000000000000e+00	4.809877890587157e+00
1.050000000000000e+00	4.846919506514603e+00
1.050000000000000e+00	4.637675517709079e+00
1.050000000000000e+00	4.799890295549618e+00
1.050000000000000e+00	4.753181644310748e+00
1.050000000000000e+00	4.723321088803379e+00
1.050000000000000e+00	4.611486799121363e+00
1.050000000000000e+00	4.661474991127101e+00
1.050000000000000e+00	4.636699424801918e+00
1.050000000000000e+00	4.738458223058144e+00
1.050000000000000e+00	4.887629151124326e+00
1.050000000000000e+00	4.767604637256632e+00
1.050000000000000e+00	4.746715890889430e+00
1.050000000000000e+00	4.727830144861147e+00
1.050000000000000e+00	4.696425753797713e+00
1.050000000000000e+00	4.633518696965750e+00
1.050000000000000e+00	4.741219524221357e+00
1.050000000000000e+00	4.701856668529691e+00
1.050000000000000e+00	4.849070884261920e+00
1.050000000000000e+00	4.649423149113533e+00
1.050000000000000e+00	4.728172673922994e+00
1.050000000000000e+00	4.739340105191022e+00
1.050000000000000e+00	4.730581181401047e+00
1.050000000000000e+00	4.801766434525897e+00
1.050000000000000e+00	4.796973063124909e+00
1.050000000000000e+00	4.770358307671963e+00
1.050000000000000e+00	4.638542984963959e+00
1.050000000000000e+00	4.797567613753146e+00
1.050000000000000e+00	4.773175751759025e+00
1.050000000000000e+00	4.801163374320920e+00
1.050000000000000e+00	4.697582641723018e+00
1.050000000000000e+00	4.638029729178793e+00
1.050000000000000e+00	4.808502027496188e+00
1.050000000000000e+00	4.655093158687936e+00
1.050000000000000e+00	4.754628338158945e+00
1.050000000000000e+00	4.768904670205181e+00
1.050000000000000e+00	4.766535682986122e+00
1.050000000000000e+00	4.684965860703452e+00
1.050000000000000e+00	4.592734379357281e+00
1.050000000000000e+00	4.814668229581875e+00
1.050000000000000e+00	4.747851869649407e+00
1.050000000000000e+00	4.762587050356792e+00
1.050000000000000e+00	4.863800734004743e+00
1.050000000000000e+00	4.713903346884197e+00
1.050000000000000e+00	4.588850345209848e+00
1.050000000000000e+00	4.926771436907849e+00
1.050000000000000e+00	4.630441373024937e+00
1.050000000000000e+00	4.841944984198369e+00
1.050000000000000e+00	4.793284429673976e+00
1.050000000000000e+00	4.652237038253712e+00
1.050000000000000e+00	4.849510008418796e+00
1.050000000000000e+00	4.758023237299678e+00
1.050000000000000e+00	4.661980604406732e+00
1.050000000000000e+00	4.735317380268800e+00
1.050000000000000e+00	4.708953316635874e+00
1.050000000000000e+00	4.723709967294148e+00
1.050000000000000e+00	4.667987534408162e+00
1.050000000000000e+00	4.780756614141796e+00
1.050000000000000e+00	4.628573458687808e+00
1.050000000000000e+00	4.859667071447573e+00
1.050000000000000e+00	4.835656488835697e+00
1.050000000000000e+00	4.822849316214970e+00
1.050000000000000e+00	4.769253102749269e+00
1.050000000000000e+00	4.702727798024533e+00
1.050000000000000e+00	4.678619262163644e+00
1.050000000000000e+00	4.778960996487738e+00
1.050000000000000e+00	4.764404548828050e+00
1.050000000000000e+00	4.634198820024990e+00
1.050000000000000e+00	4.701567405298918e+00
1.050000000000000e+00	4.650084026278937e+00
1.050000000000000e+00	4.769968533298274e+00
1.050000000000000e+00	4.728181007800691e+00
1.050000000000000e+00	4.761845935864733e+00
1.050000000000000e+00	4.744328726362959e+00
1.050000000000000e+00	4.872032987343621e+00
1.050000000000000e+00	4.722592640647605e+00
1.050000000000000e+00	4.702266915198383e+00
1.050000000000000e+00	4.671763214214732e+00
1.050000000000000e+00	4.711066959002745e+00
1.050000000000000e+00	4.763259952085036e+00
1.050000000000000e+00	4.818224955223389e+00
1.050000000000000e+00	4.816813921813618e+00
1.050000000000000e+00	4.667943695709404e+00
1.050000000000000e+00	4.816109642570051e+00
1.050000000000000e+00	4.791734224178013e+00
1.050000000000000e+00	4.710889086297363e+00
1.050000000000000e+00	4.752311337658149e+00
1.050000000000000e+00	4.650483636287957e+00
1.050000000000000e+00	4.729458413208079e+00
1.050000000000000e+00	4.652154199666902e+00
1.050000000000000e+00	4.713934222327225e+00
1.050000000000000e+00	4.791584773627443e+00
1.050000000000000e+00	4.854083649162652e+00
1.050000000000000e+00	4.708277508568802e+00
1.050000000000000e+00	4.814375812563525e+00
1.050000000000000e+00	4.646217161729040e+00
1.050000000000000e+00	4.713395709986825e+00
1.050000000000000e+00	4.645772623459140e+00
1.050000000000000e+00	4.712738332364047e+00
1.050000000000000e+00	4.775606575783689e+00
1.050000000000000e+00	4.725373181461896e+00
1.050000000000000e+00	4.702544069177573e+00
1.050000000000000e+00	4.611148990100683e+00
1.050000000000000e+00	4.718265381818976e+00
1.050000000000000e+00	4.807185678712083e+00
1.050000000000000e+00	4.832656394183171e+00
1.050000000000000e+00	4.710166150771684e+00
1.050000000000000e+00	4.728734909880819e+00
1.050000000000000e+00	4.786481704663634e+00
1.050000000000000e+00	4.783667538794889e+00
1.050000000000000e+00	4.640446149374108e+00
1.050000000000000e+00	4.744119305273863e+00
1.050000000000000e+00	4.855365432869941e+00
1.050000000000000e+00	4.768551635267094e+00
1.050000000000000e+00	4.722054924206514e+00
1.050000000000000e+00	4.716049598386341e+00
1.050000000000000e+00	4.646444138172812e+00
1.050000000000000e+00	4.633510609477878e+00
1.050000000000000e+00	4.752625464361603e+00
1.050000000000000e+00	4.859977114012240e+00
1.050000000000000e+00	4.824490956281089e+00
1.050000000000000e+00	4.880293060176096e+00
1.050000000000000e+00	4.742102549893974e+00
1.050000000000000e+00	4.807638639985118e+00
1.050000000000000e+00	4.717407784938745e+00
1.050000000000000e+00	4.700806688834699e+00
1.050000000000000e+00	4.723603044503359e+00
1.050000000000000e+00	4.702318852001496e+00
1.050000000000000e+00	4.690344356633560e+00
1.050000000000000e+00	4.756359244284003e+00
1.050000000000000e+00	4.723428762395480e+00
1.050000000000000e+00	4.637245578265452e+00
1.050000000000000e+00	4.784750048561558e+00
1.050000000000000e+00	4.712305526172255e+00
1.050000000000000e+00	4.839987316776130e+00
1.050000000000000e+00	4.784748672287308e+00
1.050000000000000e+00	4.780238895632985e+00
1.050000000000000e+00	4.788885304431155e+00
1.050000000000000e+00	4.768421260752172e+00
1.050000000000000e+00	4.799827651182569e+00
1.050000000000000e+00	4.713594393775169e+00
1.050000000000000e+00	4.836851224263845e+00
1.050000000000000e+00	4.794963903279393e+00
1.050000000000000e+00	4.720771999455946e+00
1.050000000000000e+00	4.678117562002226e+00
1.050000000000000e+00	4.733952255427662e+00
1.050000000000000e+00	4.792143208020522e+00
1.050000000000000e+00	4.723702205282696e+00
1.050000000000000e+00	4.743276272044517e+00
1.050000000000000e+00	4.767796051817085e+00
1.050000000000000e+00	4.814894427234634e+00
1.050000000000000e+00	4.742992128429722e+00
1.050000000000000e+00	4.796492662062075e+00
1.050000000000000e+00	4.795973249126012e+00
1.050000000000000e+00	4.702566506672075e+00
1.050000000000000e+00	4.710525841754297e+00
1.050000000000000e+00	4.628301942457846e+00
1.050000000000000e+00	4.897484915216413e+00
1.050000000000000e+00	4.734854363928912e+00
1.050000000000000e+00	4.797160457478471e+00
1.050000000000000e+00	4.681686718046650e+00
1.050000000000000e+00	4.818592952125805e+00
1.050000000000000e+00	4.736038410560433e+00
1.050000000000000e+00	4.625831093922549e+00
1.050000000000000e+00	4.638365318472887e+00
1.050000000000000e+00	4.911247164487673e+00
1.050000000000000e+00	4.700047262470301e+00
1.050000000000000e+00	4.813984167069811e+00
1.050000000000000e+00	4.698739854838135e+00
1.050000000000000e+00	4.805814031904669e+00
1.050000000000000e+00	4.700837885468954e+00
1.050000000000000e+00	4.643342446356700e+00
1.050000000000000e+00	4.798185889506332e+00
1.050000000000000e+00	4.717074253779788e+00
1.050000000000000e+00	4.722669822436529e+00
1.050000000000000e+00	4.894765008371903e+00
1.050000000000000e+00	4.651422720863991e+00
1.050000000000000e+00	4.803794069104535e+00
1.050000000000000e+00	4.805046906477435e+00
1.050000000000000e+00	4.727878878547443e+00
1.050000000000000e+00	4.923216763190300e+00
1.050000000000000e+00	4.681332974513369e+00
1.050000000000000e+00	4.768309999096775e+00
1.050000000000000e+00	4.669532963526116e+00
1.050000000000000e+00	4.649645561599507e+00
1.050000000000000e+00	4.800135733738559e+00
1.050000000000000e+00	4.765723313259975e+00
1.050000000000000e+00	4.696883216537199e+00
1.050000000000000e+00	4.694747637046369e+00
1.050000000000000e+00	4.770371657002776e+00
1.050000000000000e+00	4.711035773501028e+00
1.050000000000000e+00	4.762791154494050e+00
1.050000000000000e+00	4.714614855148602e+00
1.050000000000000e+00	4.698603358705871e+00
1.050000000000000e+00	4.720488137174233e+00
1.050000000000000e+00	4.749147990241411e+00
1.050000000000000e+00	4.744869693586246e+00
1.050000000000000e+00	4.827328098803449e+00
1.050000000000000e+00	4.721941855253180e+00
1.050000000000000e+00	4.802899165470016e+00
1.050000000000000e+00	4.760323418504232e+00
1.050000000000000e+00	4.743480270980871e+00
1.050000000000000e+00	4.756046804064281e+00
1.050000000000000e+00	4.861738187702171e+00
1.050000000000000e+00	4.832109946557093e+00
1.050000000000000e+00	4.715575699151724e+00
1.050000000000000e+00	4.666429660722270e+00
1.050000000000000e+00	4.949709031349254e+00
1.050000000000000e+00	4.839346079727750e+00
1.050000000000000e+00	4.770279021013627e+00
1.050000000000000e+00	4.826617211912280e+00
1.050000000000000e+00	4.835542967306118e+00
1.050000000000000e+00	4.796944416660836e+00
1.050000000000000e+00	4.783210585935583e+00
1.050000000000000e+00	4.717840484467951e+00
1.050000000000000e+00	4.675220438756835e+00
1.050000000000000e+00	4.725897606414216e+00
1.050000000000000e+00	4.703416440247722e+00
1.050000000000000e+00	4.698006987689594e+00
1.050000000000000e+00	4.766862488582579e+00
1.050000000000000e+00	4.720152220859438e+00
1.050000000000000e+00	4.637655539912871e+00
1.050000000000000e+00	4.640449947818079e+00
1.050000000000000e+00	4.755575959250692e+00
1.050000000000000e+00	4.691941779696599e+00
1.050000000000000e+00	4.739880180030943e+00
1.050000000000000e+00	4.691735697177361e+00
1.050000000000000e+00	4.601375506270967e+00
1.050000000000000e+00	4.785899027806664e+00
1.050000000000000e+00	4.647397068378528e+00
1.050000000000000e+00	4.740560308977830e+00
1.050000000000000e+00	4.780748391976385e+00
1.050000000000000e+00	4.733467777610981e+00
1.050000000000000e+00	4.726812394713057e+00
1.050000000000000e+00	4.745775729611891e+00
1.050000000000000e+00	4.761748285345064e+00
1.050000000000000e+00	4.881495958301612e+00
1.050000000000000e+00	4.718133953790806e+00
1.050000000000000e+00	4.846753580889026e+00
1.050000000000000e+00	4.665150884336434e+00
1.050000000000000e+00	4.654771088233767e+00
1.050000000000000e+00	4.655605055139709e+00
1.050000000000000e+00	4.724544689083279e+00
1.050000000000000e+00	4.780693222728555e+00
1.050000000000000e+00	4.778409402943489e+00
1.050000000000000e+00	4.771060788984890e+00
1.050000000000000e+00	4.715397601104256e+00
1.050000000000000e+00	4.767473851917003e+00
1.050000000000000e+00	4.877585013750537e+00
1.050000000000000e+00	4.785431793106893e+00
1.050000000000000e+00	4.703648439035448e+00
1.050000000000000e+00	4.781561707081165e+00
1.050000000000000e+00	4.770846869069091e+00
1.050000000000000e+00	4.846222696360320e+00
1.050000000000000e+00	4.679002398412438e+00
1.050000000000000e+00	4.904712696946421e+00
1.050000000000000e+00	4.769056507254421e+00
1.050000000000000e+00	4.622990578731071e+00
1.050000000000000e+00	4.700593865602865e+00
1.050000000000000e+00	4.804381554557911e+00
1.050000000000000e+00	4.780482977773941e+00
1.050000000000000e+00	4.867135381808295e+00
1.050000000000000e+00	4.698548053621366e+00
1.050000000000000e+00	4.643444610519225e+00
1.050000000000000e+00	4.776569526450342e+00
1.050000000000000e+00	4.825408871854908e+00
1.050000000000000e+00	4.718259400921063e+00
1.050000000000000e+00	4.720043695933407e+00
1.050000000000000e+00	4.684773329199663e+00
1.050000000000000e+00	4.832263977354974e+00
1.050000000000000e+00	4.692088555363968e+00
1.050000000000000e+00	4.816331015313473e+00
1.050000000000000e+00	4.772678708522061e+00
1.050000000000000e+00	4.822278385220755e+00
1.050000000000000e+00	4.814692516595295e+00
1.050000000000000e+00	4.850571752458828e+00
1.050000000000000e+00	4.849159754882987e+00
1.050000000000000e+00	4.789229501977054e+00
1.050000000000000e+00	4.683585874326605e+00
1.050000000000000e+00	4.831317057046244e+00
1.050000000000000e+00	4.752052374070879e+00
1.050000000000000e+00	4.711153280146681e+00
1.050000000000000e+00	4.757117491182749e+00
1.050000000000000e+00	4.842886493440815e+00
1.050000000000000e+00	4.736184307758087e+00
1.050000000000000e+00	4.739786477708233e+00
1.050000000000000e+00	4.638857757746825e+00
1.050000000000000e+00	4.772999696460216e+00
1.050000000000000e+00	4.706564569046164e+00
1.050000000000000e+00	4.701182923637841e+00
1.050000000000000e+00	4.804789436604979e+00
1.050000000000000e+00	4.837648305932517e+00
1.050000000000000e+00	4.868391499137218e+00
1.050000000000000e+00	4.775606447207188e+00
1.050000000000000e+00	4.732609112022923e+00
1.050000000000000e+00	4.766596258302836e+00
1.050000000000000e+00	4.728560366880563e+00
1.050000000000000e+00	4.747206543969373e+00
1.050000000000000e+00	4.811838119635956e+00
1.050000000000000e+00	4.852428295421159e+00
1.050000000000000e+00	4.717110213481980e+00
1.050000000000000e+00	4.779420530874635e+00
1.050000000000000e+00	4.706373300257672e+00
1.050000000000000e+00	4.729329766459383e+00
1.050000000000000e+00	4.765047978262992e+00
1.050000000000000e+00	4.909450050528385e+00
1.050000000000000e+00	4.701509699873053e+00
1.050000000000000e+00	4.767736181416769e+00
1.050000000000000e+00	4.669141106953672e+00
1.050000000000000e+00	4.793581304366379e+00
1.050000000000000e+00	4.768433748698053e+00
1.050000000000000e+00	4.629606441006549e+00
1.050000000000000e+00	4.664830832244109e+00
1.050000000000000e+00	4.771203898202238e+00
1.050000000000000e+00	4.690641048630421e+00
1.050000000000000e+00	4.806145728048758e+00
1.050000000000000e+00	4.764438184642103e+00
1.050000000000000e+00	4.816290406782588e+00
1.050000000000000e+00	4.665457175004178e+00
1.050000000000000e+00	4.689512591836897e+00
1.050000000000000e+00	4.680007714346575e+00
1.050000000000000e+00	4.778230940390094e+00
1.050000000000000e+00	4.749937653956351e+00
1.050000000000000e+00	4.767668597982555e+00
1.050000000000000e+00	4.850828283848717e+00
1.050000000000000e+00	4.714887134746292e+00
1.050000000000000e+00	4.644819929390111e+00
1.050000000000000e+00	4.703969570558971e+00
1.050000000000000e+00	4.640992584386902e+00
1.050000000000000e+00	4.574972795927235e+00
1.050000000000000e+00	4.642890548227290e+00
1.050000000000000e+00	4.849704712703040e+00
1.050000000000000e+00	4.641209132295706e+00
1.050000000000000e+00	4.924752119146977e+00
1.050000000000000e+00	4.649124850018728e+00
1.050000000000000e+00	4.711914888998259e+00
1.050000000000000e+00	4.707184927893025e+00
1.050000000000000e+00	4.805679684442072e+00
1.050000000000000e+00	4.815657602964924e+00
1.050000000000000e+00	4.544305610358139e+00
1.050000000000000e+00	4.721462120430424e+00
1.050000000000000e+00	4.671607367227117e+00
1.050000000000000e+00	4.719412628708183e+00
1.050000000000000e+00	4.704889697228198e+00
1.050000000000000e+00	4.756336409620451e+00
1.050000000000000e+00	4.778493393561490e+00
1.050000000000000e+00	4.883968860764703e+00
1.050000000000000e+00	4.738894639015452e+00
1.050000000000000e+00	4.894666525397550e+00
1.050000000000000e+00	4.807793864218088e+00
1.050000000000000e+00	4.815476204369564e+00
1.050000000000000e+00	4.846510504571600e+00
1.050000000000000e+00	4.693621498850691e+00
1.050000000000000e+00	4.865771964120182e+00
1.050000000000000e+00	4.776230967958451e+00
1.050000000000000e+00	4.708068321799562e+00
1.050000000000000e+00	4.691222004685057e+00
1.050000000000000e+00	4.727257459761312e+00
1.050000000000000e+00	4.676190378207970e+00
1.050000000000000e+00	4.639375147227857e+00
1.050000000000000e+00	4.711789434265871e+00
1.050000000000000e+00	4.763572137864921e+00
1.050000000000000e+00	4.710461619062880e+00
1.050000000000000e+00	4.748120312203802e+00
1.050000000000000e+00	4.746050482301067e+00
1.050000000000000e+00	4.705151409469011e+00
1.050000000000000e+00	4.884608982826073e+00
1.050000000000000e+00	4.754558917236914e+00
1.050000000000000e+00	4.728124269793973e+00
1.050000000000000e+00	4.677172593957711e+00
1.050000000000000e+00	4.718488736773827e+00
1.050000000000000e+00	4.711402330982118e+00
1.050000000000000e+00	4.593459177580698e+00
1.050000000000000e+00	4.741582639124285e+00
1.050000000000000e+00	4.773979066602562e+00
1.050000000000000e+00	4.793371698278118e+00
1.050000000000000e+00	4.799447118616848e+00
1.050000000000000e+00	4.887730739659018e+00
1.050000000000000e+00	4.812164950369297e+00
1.050000000000000e+00	4.774468883042855e+00
1.050000000000000e+00	4.757318671270873e+00
1.050000000000000e+00	4.615140756631510e+00
1.050000000000000e+00	4.647015208186897e+00
1.050000000000000e+00	4.811159154132656e+00
1.050000000000000e+00	4.676108874539572e+00
1.050000000000000e+00	4.726430696695411e+00
1.050000000000000e+00	4.766253245924439e+00
1.050000000000000e+00	4.697632767540281e+00
1.050000000000000e+00	4.721176715941038e+00
1.050000000000000e+00	4.702024434363502e+00
1.050000000000000e+00	4.807166039077819e+00
1.050000000000000e+00	4.827326876646839e+00
1.050000000000000e+00	4.638577369623383e+00
1.050000000000000e+00	4.699181608053372e+00
1.050000000000000e+00	4.824340977844281e+00
1.050000000000000e+00	4.741005619013944e+00
1.050000000000000e+00	4.964051076284915e+00
1.050000000000000e+00	4.830015262698349e+00
1.050000000000000e+00	4.637693971187048e+00
1.050000000000000e+00	4.915975911955570e+00
1.050000000000000e+00	4.732831866062034e+00
1.050000000000000e+00	4.862728265117271e+00
1.050000000000000e+00	4.673607263473020e+00
1.050000000000000e+00	4.719945290926336e+00
1.050000000000000e+00	4.743401528181513e+00
1.050000000000000e+00	4.709349788540863e+00
1.050000000000000e+00	4.713822914727894e+00
1.050000000000000e+00	4.637070842667391e+00
1.050000000000000e+00	4.697263690384168e+00
1.050000000000000e+00	4.869339735489529e+00
1.050000000000000e+00	4.787403961382013e+00
1.050000000000000e+00	4.657642771478917e+00
1.050000000000000e+00	4.789546747890074e+00
1.050000000000000e+00	4.721413927080908e+00
1.050000000000000e+00	4.753765016740697e+00
1.050000000000000e+00	4.852730453232365e+00
1.050000000000000e+00	4.759457695142293e+00
1.050000000000000e+00	4.802042348324866e+00
1.050000000000000e+00	4.817540465868600e+00
1.050000000000000e+00	4.691419754674002e+00
1.050000000000000e+00	4.778210223908180e+00
1.050000000000000e+00	4.868289097792116e+00
1.050000000000000e+00	4.843567760077116e+00
1.050000000000000e+00	4.600831684769064e+00
1.050000000000000e+00	4.894313512180426e+00
1.050000000000000e+00	4.828488869987979e+00
1.050000000000000e+00	4.800054496286225e+00
1.050000000000000e+00	4.891361167855050e+00
1.050000000000000e+00	4.682584556229858e+00
1.050000000000000e+00	4.716644226398928e+00
1.050000000000000e+00	4.775690887023492e+00
1.050000000000000e+00	4.793960962052649e+00
1.050000000000000e+00	4.801862742992096e+00
1.050000000000000e+00	4.822858132087776e+00
1.050000000000000e+00	4.749295750376069e+00
1.050000000000000e+00	4.609488661097331e+00
1.050000000000000e+00	4.779972130799861e+00
1.050000000000000e+00	4.708069467455425e+00
1.050000000000000e+00	4.842251647724627e+00
1.050000000000000e+00	4.769498437890054e+00
1.050000000000000e+00	4.821772505716688e+00
1.050000000000000e+00	4.823623430858904e+00
1.050000000000000e+00	4.869615685974462e+00
1.050000000000000e+00	4.773470913152304e+00
1.050000000000000e+00	4.730768866156835e+00
1.050000000000000e+00	4.659809885548047e+00
1.050000000000000e+00	4.804552155017350e+00
1.050000000000000e+00	4.656955965735676e+00
1.050000000000000e+00	4.716076399184500e+00
1.050000000000000e+00	4.800119643868305e+00
1.050000000000000e+00	4.702142664199114e+00
1.050000000000000e+00	4.706506497200746e+00
1.050000000000000e+00	4.684111548191855e+00
1.050000000000000e+00	4.790995410064999e+00
1.050000000000000e+00	4.811625174862101e+00
1.050000000000000e+00	4.712627991766518e+00
1.050000000000000e+00	4.697785041161412e+00
1.050000000000000e+00	4.865208272268385e+00
1.050000000000000e+00	4.806216996437257e+00
1.050000000000000e+00	4.950776925144566e+00
1.050000000000000e+00	4.649192212547650e+00
1.050000000000000e+00	4.735498152859366e+00
1.050000000000000e+00	4.928026313854861e+00
1.050000000000000e+00	4.759969723931100e+00
1.050000000000000e+00	4.611594834640645e+00
1.050000000000000e+00	4.736837871672569e+00
1.050000000000000e+00	4.814334279177395e+00
1.050000000000000e+00	4.832191923413237e+00
1.050000000000000e+00	4.747839854090794e+00
1.050000000000000e+00	4.711978453673676e+00
1.050000000000000e+00	4.754389504890268e+00
1.050000000000000e+00	4.670890989736470e+00
1.050000000000000e+00	4.599456298347597e+00
1.050000000000000e+00	4.814877763454165e+00
1.050000000000000e+00	4.715350663225261e+00
1.050000000000000e+00	4.744908796037551e+00
1.050000000000000e+00	4.905105575032476e+00
1.050000000000000e+00	4.784849111576592e+00
1.050000000000000e+00	4.673479458575301e+00
1.050000000000000e+00	4.723760737338530e+00
1.050000000000000e+00	4.663949540435238e+00
1.050000000000000e+00	4.867249052770761e+00
1.050000000000000e+00	4.659813524658956e+00
1.050000000000000e+00	4.782368048484825e+00
1.050000000000000e+00	4.709406441547975e+00
1.050000000000000e+00	4.664093890996133e+00
1.050000000000000e+00	4.764166730346602e+00
1.050000000000000e+00	4.660706212875686e+00
1.050000000000000e+00	4.778998497787002e+00
1.050000000000000e+00	4.833887046752720e+00
1.050000000000000e+00	4.722761186205791e+00
1.050000000000000e+00	4.588793898698694e+00
1.050000000000000e+00	4.615938569632398e+00
1.050000000000000e+00	4.764718663339511e+00
1.050000000000000e+00	4.696029576994063e+00
1.050000000000000e+00	4.796681967300337e+00
1.050000000000000e+00	4.873316853445237e+00
1.050000000000000e+00	4.802838987752487e+00
1.050000000000000e+00	4.760486270744559e+00
1.050000000000000e+00	4.646870177148628e+00
1.050000000000000e+00	4.702393860612872e+00
1.050000000000000e+00	4.743481069764252e+00
1.050000000000000e+00	4.762503936996737e+00
1.050000000000000e+00	4.655586158606507e+00
1.050000000000000e+00	4.694598634940305e+00
1.050000000000000e+00	4.748796700802276e+00
1.050000000000000e+00	4.720043075573458e+00
1.050000000000000e+00	4.729070623674392e+00
1.050000000000000e+00	4.830160019510988e+00
1.050000000000000e+00	4.782693294131570e+00
1.050000000000000e+00	4.726753921363251e+00
1.050000000000000e+00	4.775628320678004e+00
1.050000000000000e+00	4.787227450152621e+00
1.050000000000000e+00	4.791503202162317e+00
1.050000000000000e+00	4.674818800823177e+00
1.050000000000000e+00	4.696779224892332e+00
1.050000000000000e+00	4.804301916409652e+00
1.050000000000000e+00	4.895772881196542e+00
1.050000000000000e+00	4.675241404242552e+00
1.050000000000000e+00	4.731675604654129e+00
1.050000000000000e+00	4.642513618201955e+00
1.050000000000000e+00	4.845926678579421e+00
1.050000000000000e+00	4.705914604225161e+00
1.050000000000000e+00	4.801490076928901e+00
1.050000000000000e+00	4.706292867678716e+00
1.050000000000000e+00	4.760068122232031e+00
1.050000000000000e+00	4.838335672874786e+00
1.050000000000000e+00	4.697432988247805e+00
1.050000000000000e+00	4.815769699450619e+00
1.050000000000000e+00	4.681750171985992e+00
1.050000000000000e+00	4.746884413145476e+00
1.050000000000000e+00	4.703143745451090e+00
1.050000000000000e+00	4.832386636932273e+00
1.050000000000000e+00	4.640782444974437e+00
1.050000000000000e+00	4.714799952529291e+00
1.050000000000000e+00	4.739578465485694e+00
1.050000000000000e+00	4.572349129273961e+00
1.050000000000000e+00	4.723155656543397e+00
1.050000000000000e+00	4.674396080867639e+00
1.050000000000000e+00	4.740810741744594e+00
1.050000000000000e+00	4.717599561913512e+00
1.050000000000000e+00	4.705279564093953e+00
1.050000000000000e+00	4.883746492672851e+00
1.050000000000000e+00	4.759541082241391e+00
1.050000000000000e+00	4.819130464237356e+00
1.050000000000000e+00	4.642406199448793e+00
1.050000000000000e+00	4.757618854162302e+00
1.050000000000000e+00	4.803755489003701e+00
1.050000000000000e+00	4.738879249360168e+00
1.050000000000000e+00	4.741961544411848e+00
1.050000000000000e+00	4.698462812367216e+00
1.050000000000000e+00	4.774594443518986e+00
1.050000000000000e+00	4.781039413914148e+00
1.050000000000000e+00	4.767485033149262e+00
1.050000000000000e+00	4.733211276157698e+00
1.050000000000000e+00	4.682465651145662e+00
1.050000000000000e+00	4.699892856276029e+00
1.050000000000000e+00	4.839959841180350e+00
1.050000000000000e+00	4.670895831188624e+00
1.050000000000000e+00	4.776274428419105e+00
1.050000000000000e+00	4.821618338537336e+00
1.050000000000000e+00	4.733665097512242e+00
1.050000000000000e+00	4.871755119716127e+00
1.050000000000000e+00	4.807365303698140e+00
1.050000000000000e+00	4.796094330523532e+00
1.050000000000000e+00	4.782837068242493e+00
1.050000000000000e+00	4.679785175915805e+00
1.050000000000000e+00	4.747708066576580e+00
1.050000000000000e+00	4.700753865320573e+00
1.050000000000000e+00	4.832514625100663e+00
1.050000000000000e+00	4.873536937088717e+00
1.050000000000000e+00	4.668659871936766e+00
1.050000000000000e+00	4.700080615857377e+00
1.050000000000000e+00	4.884801661537104e+00
1.050000000000000e+00	4.717090323358135e+00
1.050000000000000e+00	4.749640673694277e+00
1.050000000000000e+00	4.918926785704596e+00
1.050000000000000e+00	4.700216896349449e+00
1.050000000000000e+00	4.647855532085972e+00
1.050000000000000e+00	4.800710838161000e+00
1.050000000000000e+00	4.800831549116282e+00
1.050000000000000e+00	4.617511791734902e+00
1.050000000000000e+00	4.759365034145704e+00
1.050000000000000e+00	4.739242100102394e+00
1.050000000000000e+00	4.776503531261341e+00
1.050000000000000e+00	4.851260666788479e+00
1.050000000000000e+00	4.803591622462642e+00
1.050000000000000e+00	4.672626977865360e+00
1.050000000000000e+00	4.741656347673868e+00
1.050000000000000e+00	4.825068054950982e+00
1.050000000000000e+00	4.869635510772266e+00
1.050000000000000e+00	4.664251105352260e+00
1.050000000000000e+00	4.820636155619247e+00
1.050000000000000e+00	4.727346563299667e+00
1.050000000000000e+00	4.825344399641709e+00
1.050000000000000e+00	4.810647185456412e+00
1.050000000000000e+00	4.735135039560596e+00
1.050000000000000e+00	4.823281737227314e+00
1.050000000000000e+00	4.800025956266492e+00
1.050000000000000e+00	4.690235012958053e+00
1.050000000000000e+00	4.692341878419194e+00
1.050000000000000e+00	4.709276294890562e+00
1.050000000000000e+00	4.626761693412726e+00
1.050000000000000e+00	4.710882297750816e+00
1.050000000000000e+00	4.740178324635716e+00
1.050000000000000e+00	4.837882129444578e+00
1.050000000000000e+00	4.708337499973136e+00
1.050000000000000e+00	4.772344350285617e+00
1.050000000000000e+00	4.700615987463177e+00
1.050000000000000e+00	4.802951877832255e+00
1.050000000000000e+00	4.679188558102118e+00
1.050000000000000e+00	4.735887083885384e+00
1.050000000000000e+00	4.800036918019790e+00
1.050000000000000e+00	4.803118454730301e+00
1.050000000000000e+00	4.797512358221704e+00
1.050000000000000e+00	4.717062929187995e+00
1.050000000000000e+00	4.745001158559232e+00
1.050000000000000e+00	4.681461484641718e+00
1.050000000000000e+00	4.771282066004432e+00
1.050000000000000e+00	4.840162811018462e+00
1.050000000000000e+00	4.778542632033061e+00
1.050000000000000e+00	4.761437008019434e+00
1.050000000000000e+00	4.738649428323876e+00
1.050000000000000e+00	4.642573319888821e+00
1.050000000000000e+00	4.777084774225855e+00
1.050000000000000e+00	4.685013394649795e+00
1.050000000000000e+00	4.741902232123837e+00
1.050000000000000e+00	4.754573748044165e+00
1.050000000000000e+00	4.784768999825063e+00
1.050000000000000e+00	4.723138928811963e+00
1.050000000000000e+00	4.778302794818789e+00
1.050000000000000e+00	4.687960671243683e+00
1.050000000000000e+00	4.747158128873084e+00
1.050000000000000e+00	4.746351227079855e+00
1.050000000000000e+00	4.782015257471472e+00
1.050000000000000e+00	4.757659953670327e+00
1.050000000000000e+00	4.776194258846674e+00
1.050000000000000e+00	4.793491004539056e+00
1.050000000000000e+00	4.842888294362631e+00
1.050000000000000e+00	4.799294474726391e+00
1.050000000000000e+00	4.808190437420251e+00
1.050000000000000e+00	4.645952849459166e+00
1.050000000000000e+00	4.751934821673991e+00
1.050000000000000e+00	4.692192559550589e+00
1.050000000000000e+00	4.741489376034637e+00
1.050000000000000e+00	4.840484311051842e+00
1.050000000000000e+00	4.660592363475299e+00
1.050000000000000e+00	4.827314874034922e+00
1.050000000000000e+00	4.828868919257219e+00
1.050000000000000e+00	4.766838497232114e+00
1.050000000000000e+00	4.776219805226493e+00
1.050000000000000e+00	4.761836323014427e+00
1.050000000000000e+00	4.810307160362627e+00
1.050000000000000e+00	4.708379103564732e+00
1.050000000000000e+00	4.804129360508188e+00
1.050000000000000e+00	4.566945110441623e+00
1.050000000000000e+00	4.731831553485175e+00
1.050000000000000e+00	4.758390364212948e+00
1.050000000000000e+00	4.846182604396217e+00
1.050000000000000e+00	4.632545951472522e+00
1.050000000000000e+00	4.818439666172969e+00
1.050000000000000e+00	4.770386502824348e+00
1.050000000000000e+00	4.838730735701666e+00
1.050000000000000e+00	4.714851972853515e+00
1.050000000000000e+00	4.775551007973549e+00
1.050000000000000e+00	4.832362986443641e+00
1.050000000000000e+00	4.876364174939559e+00
1.050000000000000e+00	4.695590840369300e+00
1.050000000000000e+00	4.831710427371634e+00
1.050000000000000e+00	4.663926054204181e+00
1.050000000000000e+00	4.763832178147517e+00
1.050000000000000e+00	4.826820895808940e+00
1.050000000000000e+00	4.770718571766414e+00
1.050000000000000e+00	4.751221246385596e+00
1.050000000000000e+00	4.776340920847434e+00
1.050000000000000e+00	4.792306624031143e+00
1.050000000000000e+00	4.793918303524327e+00
1.050000000000000e+00	4.761085777962719e+00
1.050000000000000e+00	4.779282827874108e+00
1.050000000000000e+00	4.776904407986641e+00
1.050000000000000e+00	4.786880967891216e+00
1.050000000000000e+00	4.581698138724221e+00
1.050000000000000e+00	4.752400380421589e+00
1.050000000000000e+00	4.640453435969494e+00
1.050000000000000e+00	4.697857530009272e+00
1.050000000000000e+00	4.837037018065539e+00
1.050000000000000e+00	4.880769842471992e+00
1.050000000000000e+00	4.612712284743521e+00
1.050000000000000e+00	4.757433827292390e+00
1.050000000000000e+00	4.666939243332820e+00
1.050000000000000e+00	4.717667721094838e+00
1.050000000000000e+00	4.655432250169462e+00
1.050000000000000e+00	4.699649256076184e+00
1.050000000000000e+00	4.668489434090437e+00
1.050000000000000e+00	4.760285166188884e+00
1.050000000000000e+00	4.770365261591605e+00
1.050000000000000e+00	4.794858229521171e+00
1.050000000000000e+00	4.748654530228137e+00
1.050000000000000e+00	4.745908555780832e+00
1.050000000000000e+00	4.698022211052009e+00
1.050000000000000e+00	4.750463827564951e+00
1.050000000000000e+00	4.875641927562073e+00
1.050000000000000e+00	4.844647942763832e+00
1.050000000000000e+00	4.802216410809624e+00
1.050000000000000e+00	4.796216225770552e+00
1.050000000000000e+00	4.756356014021510e+00
1.050000000000000e+00	4.777661383959115e+00
1.050000000000000e+00	4.759848959614993e+00
1.050000000000000e+00	4.676435793617136e+00
1.050000000000000e+00	4.799342427950826e+00
1.050000000000000e+00	4.829318516098247e+00
1.050000000000000e+00	4.766994077904541e+00
1.050000000000000e+00	4.700317000091072e+00
1.050000000000000e+00	4.782538079495611e+00
1.050000000000000e+00	4.842726580459022e+00
1.050000000000000e+00	4.771979945558393e+00
1.050000000000000e+00	4.674423210483114e+00
1.050000000000000e+00	4.677313033307163e+00
1.050000000000000e+00	4.728475772524443e+00
1.050000000000000e+00	4.705589341580172e+00
1.050000000000000e+00	4.857899825790199e+00
1.050000000000000e+00	4.728878853096914e+00
1.050000000000000e+00	4.642233248434882e+00
1.050000000000000e+00	4.804981558468075e+00
1.050000000000000e+00	4.706298858902711e+00
1.050000000000000e+00	4.765656696162084e+00
1.050000000000000e+00	4.709758804549510e+00
1.050000000000000e+00	4.695002635733587e+00
1.050000000000000e+00	4.749530353088148e+00
1.050000000000000e+00	4.555231669341687e+00
1.050000000000000e+00	4.839587824706497e+00
1.050000000000000e+00	4.760511741796391e+00
1.050000000000000e+00	4.709452408007345e+00
1.050000000000000e+00	4.639825833273267e+00
1.050000000000000e+00	4.743387279270722e+00
1.050000000000000e+00	4.774919544663683e+00
1.050000000000000e+00	4.669377686134198e+00
1.050000000000000e+00	4.687362459856994e+00
1.050000000000000e+00	4.670266109511759e+00
1.050000000000000e+00	4.751938768208386e+00
1.050000000000000e+00	4.778865997513631e+00
1.050000000000000e+00	4.777019558530140e+00
1.050000000000000e+00	4.735664523483220e+00
1.050000000000000e+00	4.821684787059985e+00
1.050000000000000e+00	4.691617962508145e+00
1.050000000000000e+00	4.737244978121227e+00
1.050000000000000e+00	4.787033232504588e+00
1.050000000000000e+00	4.843500145827660e+00
1.050000000000000e+00	4.710145062463632e+00
1.050000000000000e+00	4.784077591227898e+00
1.050000000000000e+00	4.687992171435026e+00
1.050000000000000e+00	4.789987431521822e+00
1.050000000000000e+00	4.761286267967162e+00
1.050000000000000e+00	4.765831346214477e+00
1.050000000000000e+00	4.680902172707755e+00
1.050000000000000e+00	4.813061651597708e+00
1.050000000000000e+00	4.670827290662203e+00
1.050000000000000e+00	4.745790127180004e+00
1.050000000000000e+00	4.790117243957514e+00
1.050000000000000e+00	4.762943073899456e+00
1.050000000000000e+00	4.753115455691042e+00
1.050000000000000e+00	4.790080031523709e+00
1.050000000000000e+00	4.774453071265018e+00
1.050000000000000e+00	4.763738192971431e+00
1.050000000000000e+00	4.692068925796951e+00
1.050000000000000e+00	4.691973507260154e+00
1.050000000000000e+00	4.837394787070954e+00
1.050000000000000e+00	4.828267292580787e+00
1.050000000000000e+00	4.873822968545065e+00
1.050000000000000e+00	4.863642356235424e+00
1.050000000000000e+00	4.872372927283920e+00
1.050000000000000e+00	4.769481268464818e+00
1.050000000000000e+00	4.724247489162673e+00
1.050000000000000e+00	4.751796001446689e+00
1.050000000000000e+00	4.978492799450128e+00
1.050000000000000e+00	4.771788700499275e+00
